0.0
0.0
19.5
0.0
13.5
0.0
0.0
33.5
0.0
28.0
14.0
0.0
0.0
13.0
14.5
13.0
16.0
31.0
17.5
30.0
32.5
15.5
0.0
13.0
0.0
13.0
29.5
17.5
21.0
13.0
19.5
14.0
18.5
0.0
15.5
41.5
37.5
34.0
19.0
0.0
0.0
18.5
20.0
0.0
38.0
17.5
0.0
15.0
0.0
13.0
18.0
0.0
0.0
28.5
18.5
13.5
0.0
0.0
15.0
14.5
18.5
29.5
19.0
0.0
0.0
0.0
27.5
0.0
37.0
19.0
17.0
34.0
34.0
0.0
0.0
26.0
26.5
32.5
19.0
13.0
0.0
28.5
0.0
16.0
32.0
0.0
38.5
0.0
0.0
13.5
17.0
34.0
0.0
27.5
13.0
31.0
16.5
21.5
41.0
0.0
31.5
35.0
43.0
0.0
35.0
19.0
15.0
13.0
0.0
13.0
0.0
37.0
13.0
33.0
15.5
16.5
13.0
0.0
18.0
0.0
16.0
