43.473684210526315
50.61538461538461
49.69230769230769
38.0
43.95238095238095
38.89473684210526
41.86666666666667
49.36842105263158
42.785714285714285
40.45
36.85
47.85
47.333333333333336
45.166666666666664
39.25
51.68421052631579
41.642857142857146
51.61538461538461
40.0
46.35294117647059
50.5
35.92307692307692
53.05882352941177
49.2
34.43478260869565
42.0
43.333333333333336
45.88235294117647
43.625
54.35294117647059
43.666666666666664
39.529411764705884
52.86666666666667
40.64705882352941
47.4
58.6
45.705882352941174
37.625
43.86666666666667
36.46153846153846
56.0
37.529411764705884
52.86666666666667
41.86666666666667
41.714285714285715
42.94444444444444
34.523809523809526
45.4
37.625
40.875
43.0
39.333333333333336
36.73684210526316
41.85
49.94117647058823
43.333333333333336
37.611111111111114
45.84615384615385
33.89473684210526
39.0
44.42857142857143
34.666666666666664
42.45
35.55555555555556
42.0
45.733333333333334
38.857142857142854
55.1875
