48.21052631578947
49.57142857142857
51.0
40.333333333333336
41.88235294117647
43.46666666666667
40.916666666666664
67.23076923076923
40.857142857142854
39.55555555555556
45.75
49.1764705882353
57.57142857142857
47.6875
42.21052631578947
39.6
44.94736842105263
63.1875
49.72222222222222
40.529411764705884
39.857142857142854
63.42857142857143
38.166666666666664
41.166666666666664
45.05555555555556
54.642857142857146
50.375
47.833333333333336
38.111111111111114
45.42857142857143
45.111111111111114
38.65217391304348
46.27777777777778
41.2
51.2
36.81818181818182
39.05555555555556
61.875
44.30769230769231
38.142857142857146
39.9375
39.75
45.06666666666667
46.42857142857143
38.1
46.8125
47.4375
45.42857142857143
46.529411764705884
45.2
35.833333333333336
53.0
55.0
49.214285714285715
46.0
43.8
34.53333333333333
39.11764705882353
42.61538461538461
42.54545454545455
40.10526315789474
44.77777777777778
55.61538461538461
43.5
45.07142857142857
42.5
56.416666666666664
51.75
32.8
38.36363636363637
41.35
51.294117647058826
46.76923076923077
42.55
58.1875
42.88235294117647
43.94117647058823
52.5
47.357142857142854
40.1764705882353
41.11764705882353
48.36363636363637
49.23529411764706
55.375
52.083333333333336
38.904761904761905
49.75
50.64705882352941
