47.11764705882353
41.416666666666664
55.5625
43.72222222222222
49.4375
42.08695652173913
44.92307692307692
46.833333333333336
44.2
44.578947368421055
49.57142857142857
40.8
37.73684210526316
50.0625
44.25
44.30769230769231
40.6
42.35294117647059
49.111111111111114
37.45
36.5
42.17391304347826
36.93333333333333
38.5
43.8421052631579
39.294117647058826
49.5
53.142857142857146
48.68421052631579
45.36363636363637
39.26315789473684
44.78947368421053
51.0
38.72222222222222
43.55555555555556
41.25
49.588235294117645
38.588235294117645
42.75
45.86666666666667
42.04347826086956
48.42857142857143
37.40909090909091
49.6
41.095238095238095
53.5
40.18181818181818
45.5
46.333333333333336
55.06666666666667
31.3125
45.05555555555556
40.94444444444444
42.89473684210526
39.27272727272727
36.611111111111114
48.18181818181818
37.888888888888886
46.294117647058826
41.76923076923077
40.4375
43.94444444444444
42.416666666666664
41.875
43.294117647058826
39.4
42.357142857142854
48.888888888888886
38.26315789473684
48.0625
43.294117647058826
47.714285714285715
34.578947368421055
40.10526315789474
41.42857142857143
42.375
52.57142857142857
45.266666666666666
41.75
