54.05263157894737
42.68421052631579
47.46153846153846
50.875
47.166666666666664
37.1578947368421
48.666666666666664
39.05882352941177
42.1875
43.23529411764706
51.5
42.8
43.63157894736842
36.5
48.13333333333333
47.10526315789474
50.5625
38.5
42.611111111111114
47.142857142857146
54.5
38.875
58.23076923076923
55.07142857142857
38.76190476190476
45.94117647058823
42.333333333333336
45.92857142857143
51.88235294117647
49.421052631578945
39.26315789473684
45.375
44.42857142857143
43.421052631578945
42.588235294117645
51.6875
62.5
40.10526315789474
44.76470588235294
58.75
57.46153846153846
64.4
41.411764705882355
46.294117647058826
41.1578947368421
38.63157894736842
51.6875
51.214285714285715
64.53846153846153
33.8125
48.23076923076923
39.13333333333333
47.7
39.31578947368421
49.285714285714285
42.4375
47.68421052631579
37.23809523809524
44.3125
39.125
41.166666666666664
49.142857142857146
38.61904761904762
61.666666666666664
46.642857142857146
41.333333333333336
51.666666666666664
47.3125
55.63636363636363
45.125
42.333333333333336
50.3125
39.55555555555556
40.526315789473685
40.8421052631579
40.55
38.666666666666664
49.3
