0.026041666666666668
0.010416666666666666
0.0625
0.010416666666666666
0.005208333333333333
0.015625
0.08854166666666667
0.052083333333333336
0.0
0.0
0.046875
0.078125
0.09895833333333333
0.0625
0.046875
0.046875
0.052083333333333336
0.0
0.010416666666666666
0.041666666666666664
0.07291666666666667
0.020833333333333332
0.13020833333333334
0.036458333333333336
0.057291666666666664
0.052083333333333336
0.06770833333333333
0.09375
0.09375
0.036458333333333336
0.06770833333333333
0.08333333333333333
0.057291666666666664
0.010416666666666666
0.041666666666666664
0.046875
0.041666666666666664
0.010416666666666666
0.005208333333333333
0.020833333333333332
0.0625
0.005208333333333333
0.020833333333333332
0.0
0.08854166666666667
0.109375
0.010416666666666666
0.07291666666666667
0.03125
0.0
0.010416666666666666
0.020833333333333332
0.020833333333333332
0.015625
0.020833333333333332
0.026041666666666668
0.052083333333333336
0.0
0.020833333333333332
0.057291666666666664
0.041666666666666664
0.015625
0.03125
0.005208333333333333
0.041666666666666664
0.057291666666666664
0.03125
0.057291666666666664
0.026041666666666668
0.0625
0.015625
0.0
0.020833333333333332
0.0
0.07291666666666667
0.09375
0.0
0.005208333333333333
0.010416666666666666
0.046875
0.005208333333333333
