0.057291666666666664
0.010416666666666666
0.07291666666666667
0.0625
0.0
0.0
0.03125
0.09375
0.03125
0.140625
0.020833333333333332
0.005208333333333333
0.046875
0.03125
0.08854166666666667
0.026041666666666668
0.026041666666666668
0.010416666666666666
0.026041666666666668
0.015625
0.0
0.057291666666666664
0.03125
0.010416666666666666
0.15625
0.020833333333333332
0.03125
0.026041666666666668
0.020833333333333332
0.005208333333333333
0.0
0.078125
0.052083333333333336
0.041666666666666664
0.020833333333333332
0.005208333333333333
0.046875
0.020833333333333332
0.015625
0.005208333333333333
0.14583333333333334
0.052083333333333336
0.07291666666666667
0.0
0.005208333333333333
0.010416666666666666
0.03125
0.0
0.0
0.036458333333333336
0.005208333333333333
0.005208333333333333
0.015625
0.005208333333333333
0.0
0.015625
0.06770833333333333
0.026041666666666668
0.015625
0.020833333333333332
0.005208333333333333
0.0625
0.0
0.020833333333333332
0.036458333333333336
0.0
0.015625
0.010416666666666666
0.046875
