0.03125
0.0
0.11979166666666667
0.0
0.036458333333333336
0.020833333333333332
0.0
0.06770833333333333
0.036458333333333336
0.020833333333333332
0.036458333333333336
0.005208333333333333
0.010416666666666666
0.010416666666666666
0.005208333333333333
0.010416666666666666
0.015625
0.06770833333333333
0.057291666666666664
0.036458333333333336
0.06770833333333333
0.03125
0.0
0.015625
0.0
0.0
0.09375
0.0
0.036458333333333336
0.0
0.03125
0.041666666666666664
0.015625
0.005208333333333333
0.11979166666666667
0.010416666666666666
0.010416666666666666
0.020833333333333332
0.005208333333333333
0.005208333333333333
0.140625
0.07291666666666667
0.015625
0.010416666666666666
0.03125
0.03125
0.078125
0.03125
0.0
0.036458333333333336
0.005208333333333333
0.036458333333333336
0.010416666666666666
0.057291666666666664
0.020833333333333332
0.005208333333333333
0.020833333333333332
0.0
0.11458333333333333
0.046875
0.140625
0.005208333333333333
0.026041666666666668
0.052083333333333336
0.020833333333333332
0.026041666666666668
0.005208333333333333
0.026041666666666668
0.03125
0.07291666666666667
0.020833333333333332
0.015625
0.0
0.0
0.057291666666666664
0.0
0.005208333333333333
0.052083333333333336
0.005208333333333333
0.052083333333333336
0.041666666666666664
0.010416666666666666
0.015625
0.005208333333333333
0.08854166666666667
0.046875
0.010416666666666666
0.08854166666666667
0.020833333333333332
0.010416666666666666
0.046875
0.005208333333333333
0.015625
0.0
0.036458333333333336
0.03125
0.03125
0.03125
0.026041666666666668
0.0
0.026041666666666668
0.005208333333333333
0.005208333333333333
0.036458333333333336
0.010416666666666666
0.052083333333333336
0.046875
0.005208333333333333
0.0
0.026041666666666668
0.026041666666666668
0.015625
0.005208333333333333
0.005208333333333333
0.020833333333333332
0.026041666666666668
0.0
0.026041666666666668
0.0
0.041666666666666664
0.052083333333333336
0.0
0.0
0.010416666666666666
0.005208333333333333
0.015625
0.005208333333333333
0.06770833333333333
0.020833333333333332
0.046875
0.0
0.015625
0.0
0.026041666666666668
0.052083333333333336
0.015625
0.041666666666666664
0.010416666666666666
0.03125
0.010416666666666666
0.010416666666666666
0.052083333333333336
0.036458333333333336
0.03125
0.010416666666666666
0.005208333333333333
0.041666666666666664
0.005208333333333333
0.005208333333333333
0.0
0.010416666666666666
0.07291666666666667
0.015625
0.07291666666666667
0.06770833333333333
0.052083333333333336
0.026041666666666668
0.08333333333333333
0.015625
0.005208333333333333
0.010416666666666666
0.057291666666666664
0.005208333333333333
0.046875
0.16145833333333334
0.052083333333333336
0.03125
0.06770833333333333
0.0
0.10416666666666667
0.03125
0.0
0.036458333333333336
0.005208333333333333
0.041666666666666664
0.010416666666666666
0.015625
0.020833333333333332
0.13541666666666666
0.020833333333333332
0.015625
0.020833333333333332
0.005208333333333333
0.041666666666666664
0.03125
0.015625
0.036458333333333336
0.020833333333333332
0.03125
