# ../../src/prob2kcalPerMol.py --suffix freeEnergyLandscapes/7776 --dat_file ../../data/auxCoords/stdcluschol/7776.dat
# # column 0: midpoint of bin
# # column 1: delG of the bin in kcal per mol
5.000000000000000000e+00	inf
1.500000000000000000e+01	3.197251744682359398e+00
2.500000000000000000e+01	4.991107105429857249e-01
3.500000000000000000e+01	0.000000000000000000e+00
4.500000000000000000e+01	2.442969758598517171e-01
5.500000000000000000e+01	4.079747764867537319e-01
6.500000000000000000e+01	7.486916520555988441e-01
7.500000000000000000e+01	8.959983503138833072e-01
8.500000000000000000e+01	9.998492195867296761e-01
9.500000000000000000e+01	1.117251304382139043e+00
1.050000000000000000e+02	1.120268716676214193e+00
1.150000000000000000e+02	1.001114383263368213e+00
1.250000000000000000e+02	1.160507128676377508e+00
1.350000000000000000e+02	1.270404543885258475e+00
1.450000000000000000e+02	1.513991323817430290e+00
1.550000000000000000e+02	1.574128034734688875e+00
1.650000000000000000e+02	1.962440676968596920e+00
1.750000000000000000e+02	2.370545088915582799e+00
1.850000000000000000e+02	2.916280915131389762e+00
1.950000000000000000e+02	2.402950032036944350e+00
2.050000000000000000e+02	3.484997613451094711e+00
2.150000000000000000e+02	2.871250995545937545e+00
2.250000000000000000e+02	3.692067727768876928e+00
2.350000000000000000e+02	inf
2.450000000000000000e+02	7.199752388049001084e+00
2.550000000000000000e+02	4.029419130549183770e+00
2.650000000000000000e+02	inf
2.750000000000000000e+02	inf
2.850000000000000000e+02	5.301147909152580162e+00
2.950000000000000000e+02	inf
3.050000000000000000e+02	inf
3.150000000000000000e+02	5.624398646350298847e+00
3.250000000000000000e+02	inf
3.350000000000000000e+02	inf
3.450000000000000000e+02	inf
3.550000000000000000e+02	inf
3.650000000000000000e+02	inf
3.750000000000000000e+02	inf
3.850000000000000000e+02	inf
3.950000000000000000e+02	inf
4.050000000000000000e+02	inf
4.150000000000000000e+02	inf
4.250000000000000000e+02	inf
4.350000000000000000e+02	inf
4.450000000000000000e+02	inf
4.550000000000000000e+02	inf
4.650000000000000000e+02	inf
4.750000000000000000e+02	inf
4.850000000000000000e+02	inf
4.950000000000000000e+02	inf
5.050000000000000000e+02	inf
5.150000000000000000e+02	inf
5.250000000000000000e+02	inf
5.350000000000000000e+02	inf
5.450000000000000000e+02	inf
5.550000000000000000e+02	inf
5.650000000000000000e+02	inf
5.750000000000000000e+02	inf
5.850000000000000000e+02	inf
5.950000000000000000e+02	inf
6.050000000000000000e+02	inf
6.150000000000000000e+02	inf
6.250000000000000000e+02	inf
6.350000000000000000e+02	inf
6.450000000000000000e+02	inf
6.550000000000000000e+02	inf
6.650000000000000000e+02	inf
6.750000000000000000e+02	inf
6.850000000000000000e+02	inf
6.950000000000000000e+02	inf
7.050000000000000000e+02	inf
7.150000000000000000e+02	inf
7.250000000000000000e+02	inf
7.350000000000000000e+02	inf
7.450000000000000000e+02	inf
7.550000000000000000e+02	inf
7.650000000000000000e+02	inf
7.750000000000000000e+02	inf
7.850000000000000000e+02	inf
7.950000000000000000e+02	inf
