41.5
45.78947368421053
64.3125
64.05555555555556
52.86363636363637
54.10526315789474
68.33333333333333
66.2
72.375
74.6875
72.41176470588235
70.58823529411765
91.25
72.625
98.76923076923077
95.58333333333333
102.27272727272727
109.83333333333333
77.375
81.5
77.5
89.3076923076923
71.05555555555556
92.58333333333333
91.5
53.523809523809526
63.6
65.15789473684211
69.44444444444444
71.5
69.57894736842105
81.53846153846153
73.6470588235294
74.2
90.53846153846153
83.71428571428571
110.36363636363636
93.84615384615384
82.8
60.76190476190476
73.8125
67.0
77.6
89.6923076923077
85.15384615384616
