13.5
45.10526315789474
43.45
45.43478260869565
59.73684210526316
53.89473684210526
67.84210526315789
89.08333333333333
112.4
86.61538461538461
71.29411764705883
76.4375
63.93333333333333
74.85714285714286
62.578947368421055
70.3125
70.9375
100.1
66.41176470588235
89.25
88.07692307692308
88.06666666666666
89.6923076923077
87.64285714285714
104.07692307692308
76.66666666666667
88.21428571428571
76.52941176470588
73.875
68.05882352941177
62.875
63.77777777777778
71.52941176470588
57.54545454545455
70.78571428571429
105.44444444444444
78.53333333333333
81.42857142857143
64.66666666666667
84.33333333333333
87.76923076923077
93.53846153846153
116.63636363636364
78.625
73.47058823529412
70.78947368421052
73.23529411764706
