29.666666666666668
45.0
51.1578947368421
58.8
75.2
79.4
65.61111111111111
72.29411764705883
86.78571428571429
89.64285714285714
110.66666666666667
98.25
87.8
96.6923076923077
92.21428571428571
124.9090909090909
88.25
110.3
107.81818181818181
113.08333333333333
77.4375
84.46666666666667
81.25
93.0
120.2
109.36363636363636
117.0909090909091
119.7
119.45454545454545
159.11111111111111
104.15384615384616
99.3076923076923
91.46153846153847
107.54545454545455
118.81818181818181
134.2
87.2
111.27272727272727
101.16666666666667
103.25
83.5
111.54545454545455
77.0
87.78571428571429
98.41666666666667
95.6923076923077
126.1
113.16666666666667
117.0909090909091
105.07692307692308
92.2
