14.5
29.0
13.333333333333334
25.5
17.0
32.0
52.0
14.25
20.5
20.0
36.0
22.5
9.5
11.5
27.5
37.5
25.333333333333332
24.333333333333332
35.5
52.0
47.0
35.0
33.5
45.0
37.0
41.0
30.0
19.666666666666668
16.333333333333332
43.0
48.0
45.0
40.0
40.0
39.0
29.5
15.0
30.5
37.0
32.0
37.5
20.0
41.5
35.0
21.0
8.5
39.0
20.333333333333332
42.0
21.666666666666668
8.333333333333334
8.6
9.5
21.5
17.0
22.0
16.0
13.666666666666666
21.5
34.5
21.0
28.5
31.0
23.5
17.666666666666668
43.0
23.5
11.666666666666666
5.6
10.5
9.666666666666666
22.5
10.0
27.0
