6.0
18.666666666666668
18.666666666666668
22.0
9.75
14.666666666666666
18.333333333333332
34.0
34.5
19.0
23.0
34.5
15.666666666666666
26.0
21.0
51.5
27.0
45.0
32.5
40.0
14.25
23.0
29.0
17.333333333333332
35.5
33.5
26.0
21.0
15.333333333333334
10.6
23.0
9.333333333333334
17.333333333333332
28.5
13.666666666666666
35.5
19.333333333333332
21.0
12.75
31.0
22.5
34.0
28.0
33.0
23.0
23.0
9.666666666666666
13.0
26.666666666666668
19.0
12.0
15.666666666666666
32.5
20.333333333333332
16.0
30.5
16.666666666666668
39.0
37.5
31.5
29.5
34.5
39.0
25.666666666666668
32.5
18.0
28.0
7.2
6.75
12.5
10.333333333333334
9.333333333333334
24.5
10.75
