0.0
5.715476066494082
12.0
0.0
12.5
0.0
12.0
15.0
20.677416559027762
20.0
0.0
14.0
17.5
0.0
12.5
19.0
12.0
11.55662388223981
12.0
12.0
32.0
13.5
6.548960901462833
12.5
0.0
12.0
0.0
14.0
12.0
0.0
25.0
14.854853303438128
1.0
0.5
14.89966442575134
0.0
8.0
16.996731711975947
11.0
12.0
0.0
7.0710678118654755
0.5
14.5
12.0
11.55662388223981
12.0
0.0
11.55662388223981
0.4714045207910317
3.0912061651652345
12.0
0.0
12.0
0.0
0.0
25.5
0.0
0.0
0.0
0.0
3.7712361663282534
12.0
16.81930108205715
3.0
0.0
0.0
13.5
12.0
12.0
2.5
0.0
0.5
0.0
10.5
12.0
12.0
14.5
0.0
1.0
0.0
14.5
0.0
2.0
0.0
14.0
21.5
0.0
20.0
0.0
0.0
14.0
7.788880963698615
12.0
0.0
0.0
0.0
0.0
12.0
12.0
22.090722034374522
16.0
21.5
25.5
2.0
12.0
21.5
11.5
15.5
28.5
12.0
0.0
0.0
12.0
12.813567028739499
0.0
22.5
14.5
