5.196152422706632
12.0
12.5
12.364824660660938
0.0
10.624918300339484
14.884742374510738
10.208928554075703
32.0
12.0
12.0
0.5
2.0
0.0
13.0
0.0
0.0
0.0
12.0
0.0
0.0
18.5
14.5
7.788880963698615
4.0
0.0
24.0
0.0
7.0
0.0
12.5
0.0
0.0
0.4714045207910317
12.083045973594572
0.0
0.0
0.0
12.0
12.657891697365017
0.0
12.0
12.0
0.0
12.0
0.816496580927726
0.0
16.5
14.055445761538676
16.0
0.0
12.0
12.0
0.0
22.5
12.0
9.899494936611665
0.0
12.5
12.0
12.0
16.51262143533445
19.0
15.0
12.5
0.0
0.0
14.5
4.636809247747852
0.0
15.5
17.0
12.0
0.8660254037844386
0.0
18.0
13.5
12.0
0.0
2.5
0.0
1.0
12.0
12.0
0.0
12.0
1.0
12.0
17.98765008430939
12.0
12.0
12.832251036613439
20.83266665599966
0.5
12.0
0.0
12.0
20.5
0.0
6.599663291074443
12.0
0.0
0.0
12.0
14.0
13.92838827718412
0.0
