9.891410415102591
0.0
12.0
13.076696830622021
16.5
11.313708498984761
13.5
0.0
0.0
17.0
6.5
12.0
12.0
16.5
0.0
13.5
16.659998666133067
11.313708498984761
21.0
0.0
2.5
2.0
0.0
16.0
5.0
1.4142135623730951
12.0
12.0
11.8133634311129
14.5
4.714045207910316
0.0
0.0
12.0
0.0
12.0
16.0
13.92838827718412
2.5
16.5
2.3570226039551585
14.0
2.0
0.0
12.0
29.5
2.0
17.5
14.0
12.0
12.0
0.0
0.0
0.0
12.0
8.013876853447538
27.5
5.312459150169742
10.392304845413264
14.055445761538676
12.0
0.0
14.0
12.0
11.55662388223981
16.21384867602041
1.0
18.5
0.0
20.82199691565522
0.0
0.0
15.5
15.5
12.0
15.121728296285006
0.0
24.5
22.5
0.0
16.438437341250605
21.0
18.5
23.0
12.0
12.0
15.0
0.0
0.0
13.274871834493252
16.0
0.0
12.083045973594572
22.5
3.299831645537222
0.5
0.0
12.0
15.5
0.0
12.0
0.5
13.92838827718412
13.274871834493252
12.0
0.0
12.5
0.0
13.92838827718412
7.0
12.0
11.55662388223981
12.0
21.0
12.657891697365017
12.0
0.0
0.0
16.5
