8.18535277187245
12.0
12.5
0.0
14.0
24.225789747475496
21.5
2.947456530637899
0.0
0.0
0.0
12.364824660660938
12.0
20.83266665599966
0.0
16.519348924485154
0.0
0.0
12.0
2.5
12.5
0.0
0.0
0.0
0.0
12.0
12.5
0.0
12.0
13.91716565971678
12.0
12.0
0.0
13.767917618708923
1.8856180831641267
0.0
12.5
4.5
5.887840577551898
0.0
0.0
17.98765008430939
0.0
14.0
12.0
12.657891697365017
12.5
7.0
0.0
0.0
12.0
11.313708498984761
15.5
12.0
0.0
0.0
11.313708498984761
12.0
13.5
11.313708498984761
12.5
12.0
0.0
12.0
15.0
31.5
0.0
0.0
12.0
0.0
3.299831645537222
3.0
19.0
0.0
12.0
0.0
12.0
0.0
0.0
0.0
12.0
12.0
0.0
15.5
0.0
0.0
0.0
0.0
20.5
12.5
12.0
0.0
14.613540144521982
0.0
0.0
13.0
13.274871834493252
0.0
19.0
13.59738536958076
0.0
13.36740438529485
12.5
0.0
12.0
0.0
0.0
12.364824660660938
4.0
12.0
19.5
0.0
9.499473669630333
8.0
16.499158227686106
12.5
