2
-2
-2
-2
-2
-2
-2
0.35392953706431285
0.4264672498094359
-2
-2
-2
-2
-2
-2
2
-2
-2
-2
0.5046978213645265
-2
-2
-2
-2
-2
-2
2
-2
2
-2
-2
-2
-2
-2
2
-2
-2
-2
-2
-2
2
-2
-2
-2
-2
-2
-2
2
-2
-2
-2
-2
2
-2
-2
-2
-2
-2
-2
-2
-2
-2
-2
-2
-2
-2
-2
2
-2
-2
2
-2
-2
-2
2
-2
-2
2
-2
2
-2
2
-2
-2
2
-2
2
2
-2
-2
-2
-2
-2
-2
-2
-2
2
2
-2
-2
2
-2
-2
2
-2
-2
2
-2
-2
-2
-2
0.5567123675045708
-2
-2
2
-2
-2
2
-2
-2
2
-2
-2
2
-2
2
-2
-2
0.4204709638091002
-2
-2
-2
-2
2
2
-2
-2
-2
2
-2
2
-2
2
-2
-2
-2
-2
-2
-2
-2
-2
-2
-2
-2
-2
-2
2
2
2
-2
2
2
-2
-2
2
2
-2
2
-2
2
-2
-2
0.5503310234215366
-2
-2
2
-2
-2
2
-2
-2
-2
-2
2
-2
-2
-2
2
2
