2
0.40521851643375567
0.29143395959657037
0.3899869548914735
0.28957684526342126
0.30372072569483227
0.3208341654949414
0.3458828272824217
0.42255812059245734
0.37916402167022384
0.24194453077142916
0.29063810630617926
0.32384306182176176
0.37575815069398644
0.24136999129156564
2
0.42342078891219453
0.4039812967719222
0.3535406368772696
0.37252150667098327
0.213280147692871
0.32640858398741385
0.18143669345090288
2
0.31576210129896937
0.3006678407048361
0.29320360739079043
0.2914728090325802
2
0.19501352344953007
0.29877542758626874
0.3369205451223619
0.31524158090451976
2
0.4004344804368068
0.36920533412059114
2
2
0.35220260136335585
0.27538844200624407
0.41196682383434663
0.20987975390823474
0.2580527721310415
2
0.28021697235884957
0.27478575561071783
0.35782618238005476
0.41204163733414584
0.28468001700541395
0.28659891110315905
0.3219982341718098
0.311325517854111
0.22054634688829475
0.3745969395804059
0.2985833398669104
0.45404546825142805
0.37011492336158375
2
0.5119913671211884
0.515637973875948
0.3816057478453877
0.3228949329345128
0.17272471469877188
0.2834031304275469
0.30308212467783785
0.2601784042615752
0.4045338152821208
2
0.3765877337990274
0.2786854569734157
0.39468053232143474
0.41016076641015536
0.3551863537208115
0.3783392773719099
0.2683224503615021
2
0.3908461358128846
0.3434894735116742
0.31894432264652733
0.4199272927070265
0.3172162113094702
0.34314958720320826
0.10912028776094482
0.2973926172039932
0.35320550884964425
0.2621327117004087
0.3178420702793055
0.2943620070629554
0.2689850262310197
0.3510481041654538
0.21971974990432844
0.22771982902551668
0.3518804103049887
0.18113898813401205
0.26264280941271
0.4044082375294818
0.2953739795140822
0.30906500749386323
0.2898811249828361
0.27714483688009034
0.2417063238996233
0.14257099117495975
2
0.3543017994155399
0.30835830529414454
2
0.33073825207167545
0.40794130178774707
0.390284950481753
0.3283788913189099
0.2392447316152435
0.3290512028800148
0.324577378582319
0.38590585868706534
0.30690608831607497
0.3759378663728195
0.2288467929965559
0.20609218693949488
0.4254616546634477
0.3116732811925343
