0.5696389852251947
0.36127915589874776
0.2522051900512614
0.3520785659187889
0.45126019781666704
0.35691926005976143
0.22209970851338717
0.42114222579814803
0.28682546190828384
0.3573126986266634
0.3721319853020102
0.3738553281539617
2
0.24406992963551924
0.1932500228847401
0.3627417007389597
0.3669452984118442
0.3275992360990652
0.26737794751348415
2
0.28155604294851766
2
2
0.3390453578232831
0.3103477550100539
0.26098992647494595
0.31947180094027755
0.24535643059534606
2
2
0.37438939427501594
2
0.3491300818954644
0.3614558681763249
0.3014740225259661
0.3557359308624622
0.32855811814263297
0.33972898554037056
0.27254810040264466
0.2509542945502559
0.3330073121828628
0.35053968298458643
0.4467520867819053
2
0.3581447494303652
2
2
0.3096181331529923
0.2379130719904729
2
2
0.39496327956647687
0.26984703340123367
0.3343399519536514
0.29427558859069614
0.25157751379983534
2
0.24123718520223414
0.38260752958294225
2
0.2392034610621812
0.3586531645292177
0.12676958806365188
0.2867567078343436
2
2
2
0.1661513947638842
0.337131256157687
2
0.2327791161569573
0.3852364903813434
2
2
0.38525764530493467
0.3112473819352644
0.23377386446739037
0.2756194510211684
0.1684776706565065
2
0.2875288005615373
0.1480110395044559
0.31622832181566096
2
0.14187444096779953
0.3492937726920032
2
0.20378702133481802
0.2325839459029801
0.37703078008455215
2
0.2586401468621957
0.373260489901476
0.2677057080457046
0.30545660168515154
0.34405527379379186
2
0.31962826832428337
0.27379578313864233
0.4193438850498202
0.3660058778989128
0.2454060527225732
0.428852579566729
0.3006095836683409
0.14724446734305544
0.35579529861116616
0.36306690838877453
0.3210434926605223
0.2811298040818633
0.22901870458891715
0.40428375052327986
0.40512800070540533
0.36446326989091454
0.4224349117354472
0.4345446454600049
0.2187517476344773
0.34611709577369576
0.2978196962739344
0.4681917957817234
0.607281055425401
