0.6017267436298623
0.3259098871039971
0.3634387745055968
0.37624820666594183
0.4601535256261212
0.30331137320717083
0.35668715656821615
0.37441141116055243
0.49325335772694223
0.35359166593098307
0.40516071864540065
0.3142821801575057
0.2225414758238261
0.2750147434441414
2
0.31053317196590624
0.3259612880402549
0.29084528885077443
0.3214355667559974
0.3894120396234919
0.2982160837200772
0.30407889544926375
0.4299350522334788
0.2818919330104669
0.34397419092005665
0.42357861314727774
0.29576905170209544
0.3695609103101528
0.2331598547868837
0.38114779485002137
0.367893917776052
0.18598621608081856
0.3932617430311705
0.3812398420803973
2
2
0.27764915988570044
0.39018132191792615
0.2422479986840859
0.3094310938144362
0.2137471723185897
0.1571418754689523
0.39969955781559574
0.35291402728365
0.3638157975482695
0.3426303972828991
2
2
0.33947428592584505
0.17006653228589313
0.39119064781231044
2
0.18960724475270516
0.2841928098047256
2
0.26251454235233457
2
0.38708970766859185
0.3860339761041215
2
0.31355383691703803
0.2824192940245302
2
0.27256136222238814
0.3815108604880078
0.5007354373406051
0.2429195515118851
0.3070702332009225
0.2897722807095095
0.23063932258163689
0.3250541334700443
0.2580947564241809
0.3365799176479882
0.3434910224702248
0.14952919904929104
0.34098357959491715
0.27184532595525784
0.20084349552244837
2
0.2695570415936232
0.19748643670646004
0.36549046321523015
0.23245568568811723
0.3225172064079834
0.26728820985969315
0.27298743320842245
0.2595431038431648
0.2851391015756495
0.3404494095790808
0.2243086683695467
0.268996444279467
0.3637571331427688
0.3166091419176472
0.3134930450005779
0.3411304234669335
0.3149218407487445
0.2871814890841776
0.2068626453260879
0.3381299529830636
0.25289916893467057
0.5363639313888916
0.30083481634415254
0.2346016268281719
0.3606512763084585
0.41157825165918654
0.24078538819979015
