2
0.3839600092224806
0.27546126970615675
0.5226259924971344
0.3040520135148578
0.34775346009878094
0.3471505502950988
0.3332295285329226
0.3982007172035069
0.3157216882745387
0.2460864048506736
0.3619332544420681
0.32355061078047076
0.35664534072633003
2
0.2903673920707608
0.2471954763351538
0.3558033132683555
0.1506310510183028
0.3600139560536132
0.2244232761306947
0.20350286416268462
0.18723298146660644
0.2977035992295127
2
2
2
0.20956541080469132
0.23528873592996405
2
2
2
2
0.17982341497254917
0.3454391931198357
0.3781396472622801
0.3471134958993048
0.26447304399827287
0.3675086465364143
0.19646720894197875
0.22423690403471971
0.19995286947072244
2
2
2
0.2525756751862235
2
0.1991740228185061
0.2386671862302558
2
0.1759833304533247
0.46996984042296835
0.3176006338028284
0.35619098668267657
0.3226940764083788
0.35651941832198597
2
0.26679505035082246
0.3840745504501488
2
0.32534646975543435
0.3536629603476266
2
0.2985916403921019
0.4173414289225553
0.2365677603234748
0.27066343554055
0.2889916930032539
0.2917376275066292
2
0.42682005968114295
0.24174532978088725
0.2665154054888474
0.1897795245700034
0.27921112723989233
0.2190145375733695
0.25978396582572155
0.37169339037816224
0.34454254707133536
2
0.1786257057402148
0.28093480853959063
0.18503009059962777
0.3355985122244487
0.23942568600093583
0.26096801314721024
0.29043539611115876
0.47207352006975317
0.15675627737717274
0.23376269527342677
0.11504433597769265
0.39242069335132457
0.2761015223737134
0.2825271790783427
2
0.308381841153498
0.27138902051923974
0.3182747081150245
0.3178980925898193
0.3950780673515773
0.2665806576178944
0.2626518154077045
2
0.4001194636151215
0.22448239712970344
0.32520919992905567
0.3837957019079287
0.4172792963028858
0.33201086346545017
0.1965777715768581
0.3499009518712579
0.3955319963360661
0.22340315507795
0.2948763419854788
