7.7
20.25
21.5
23.444444444444443
36.714285714285715
33.142857142857146
21.11111111111111
45.4
24.88888888888889
26.3
26.625
33.166666666666664
27.625
37.857142857142854
33.42857142857143
22.11111111111111
26.11111111111111
36.142857142857146
23.272727272727273
37.57142857142857
19.181818181818183
30.75
45.8
28.88888888888889
57.8
38.42857142857143
40.714285714285715
73.25
54.8
67.25
47.833333333333336
34.375
42.666666666666664
41.5
36.142857142857146
76.5
43.2
17.8
36.833333333333336
35.857142857142854
34.57142857142857
36.166666666666664
40.666666666666664
77.0
44.6
25.5
48.0
75.25
26.444444444444443
45.333333333333336
66.0
40.833333333333336
77.75
83.0
73.5
103.0
50.0
63.4
62.0
62.6
120.0
