7.625
14.6
10.153846153846153
21.0
19.8
22.0
24.125
19.636363636363637
23.11111111111111
22.9
20.11111111111111
15.416666666666666
35.166666666666664
26.75
18.5
20.666666666666668
33.285714285714285
20.272727272727273
25.11111111111111
37.0
46.2
33.0
25.75
49.166666666666664
31.875
23.125
53.6
35.625
51.4
37.142857142857146
84.75
37.714285714285715
119.33333333333333
105.66666666666667
51.166666666666664
62.6
44.5
67.6
46.0
53.333333333333336
96.66666666666667
140.33333333333334
100.5
81.25
32.25
28.0
66.25
37.857142857142854
44.4
35.875
60.25
16.09090909090909
25.1
32.111111111111114
32.77777777777778
37.166666666666664
27.444444444444443
12.76923076923077
