10.5
16.8
13.333333333333334
23.714285714285715
17.77777777777778
29.142857142857142
23.2
30.125
35.57142857142857
20.8
27.75
21.3
27.125
20.2
38.5
20.625
27.75
26.0
57.4
56.6
57.25
34.25
40.666666666666664
49.666666666666664
23.181818181818183
23.1
29.428571428571427
35.42857142857143
48.333333333333336
46.2
60.2
33.25
42.0
62.2
45.2
28.25
43.2
32.142857142857146
33.0
73.25
33.57142857142857
32.857142857142854
27.125
29.857142857142858
18.363636363636363
33.25
45.666666666666664
56.8
50.0
47.333333333333336
35.875
46.0
60.75
34.714285714285715
25.75
28.428571428571427
25.375
40.5
49.4
26.7
32.142857142857146
46.166666666666664
