8.714285714285714
18.363636363636363
18.88888888888889
25.7
19.272727272727273
18.636363636363637
19.09090909090909
37.0
14.916666666666666
27.875
27.11111111111111
26.25
18.2
22.333333333333332
38.142857142857146
33.375
17.416666666666668
18.9
21.0
13.0
16.7
20.636363636363637
55.2
31.0
25.375
20.666666666666668
26.5
30.25
40.333333333333336
17.90909090909091
23.666666666666668
22.333333333333332
35.142857142857146
27.444444444444443
40.333333333333336
24.0
46.2
37.57142857142857
37.666666666666664
30.555555555555557
42.166666666666664
150.5
108.66666666666667
75.75
49.833333333333336
73.75
65.4
55.333333333333336
108.66666666666667
156.0
104.33333333333333
118.0
125.33333333333333
84.75
90.75
143.66666666666666
98.0
144.33333333333334
212.5
216.5
209.0
123.66666666666667
115.0
58.666666666666664
104.33333333333333
117.66666666666667
88.5
71.8
146.33333333333334
141.33333333333334
