1.8333333333333333
12.588235294117647
19.666666666666668
22.615384615384617
34.4
22.333333333333332
40.5
31.384615384615383
34.6
26.357142857142858
23.571428571428573
29.272727272727273
34.63636363636363
37.3
45.666666666666664
45.111111111111114
39.111111111111114
44.111111111111114
31.416666666666668
58.875
46.5
126.25
58.25
84.66666666666667
113.0
184.66666666666666
104.0
106.6
87.66666666666667
82.66666666666667
83.5
44.111111111111114
56.125
56.125
62.714285714285715
58.25
64.0
56.25
49.333333333333336
67.16666666666667
110.75
35.833333333333336
37.0
58.5
60.285714285714285
57.285714285714285
43.55555555555556
58.5
36.27272727272727
65.71428571428571
49.1
84.83333333333333
53.888888888888886
87.0
53.666666666666664
54.888888888888886
113.0
89.5
116.4
84.66666666666667
115.2
