2.5
11.052631578947368
10.222222222222221
25.583333333333332
24.916666666666668
24.923076923076923
36.1
20.764705882352942
30.076923076923077
64.33333333333333
27.692307692307693
31.181818181818183
31.166666666666668
25.692307692307693
34.7
44.44444444444444
30.53846153846154
33.27272727272727
57.125
54.0
67.85714285714286
43.0
72.2
61.42857142857143
44.0
42.54545454545455
48.333333333333336
41.7
42.1
56.125
120.6
102.8
74.57142857142857
76.14285714285714
70.625
76.42857142857143
67.625
59.75
69.875
63.375
124.75
114.6
81.66666666666667
65.57142857142857
90.0
47.22222222222222
52.875
33.5
56.57142857142857
45.44444444444444
66.5
33.4
47.22222222222222
51.1
31.076923076923077
51.0
45.6
43.2
