0.6666666666666666
8.352941176470589
19.153846153846153
22.46153846153846
23.642857142857142
29.272727272727273
39.45454545454545
37.3
40.7
34.63636363636363
66.14285714285714
36.6
33.36363636363637
34.36363636363637
37.2
26.307692307692307
32.0
26.692307692307693
56.142857142857146
55.25
36.81818181818182
46.5
42.27272727272727
50.8
34.666666666666664
37.63636363636363
44.55555555555556
55.5
91.4
53.666666666666664
69.42857142857143
68.71428571428571
40.583333333333336
72.71428571428571
48.55555555555556
59.285714285714285
35.083333333333336
78.0
50.75
41.666666666666664
27.615384615384617
38.5
27.818181818181817
32.18181818181818
50.25
32.25
44.111111111111114
27.153846153846153
47.888888888888886
40.09090909090909
55.333333333333336
65.85714285714286
56.142857142857146
47.625
29.333333333333332
43.5
37.09090909090909
47.0
57.857142857142854
55.0
56.25
114.75
