1.3333333333333333
10.944444444444445
19.357142857142858
21.642857142857142
20.928571428571427
27.833333333333332
26.46153846153846
27.214285714285715
20.5
38.55555555555556
23.384615384615383
27.53846153846154
48.75
45.888888888888886
55.0
27.071428571428573
35.333333333333336
29.416666666666668
29.833333333333332
27.785714285714285
33.111111111111114
45.625
51.111111111111114
65.0
51.42857142857143
33.2
29.09090909090909
56.625
46.0
37.7
46.25
47.77777777777778
28.666666666666668
30.46153846153846
26.857142857142858
20.4
57.875
62.857142857142854
45.1
80.33333333333333
98.6
64.0
114.6
118.25
103.6
147.75
107.8
82.0
92.5
75.0
146.75
127.2
143.25
74.57142857142857
127.0
168.75
134.4
107.83333333333333
132.8
330.0
153.5
87.42857142857143
96.83333333333333
119.0
82.85714285714286
101.16666666666667
71.125
208.0
173.75
108.0
