0.0
0.0
0.03333333333333333
0.0
0.011111111111111112
0.0
0.0
0.1111111111111111
0.0
0.03333333333333333
0.022222222222222223
0.0
0.0
0.011111111111111112
0.022222222222222223
0.011111111111111112
0.06666666666666667
0.06666666666666667
0.05555555555555555
0.08888888888888889
0.044444444444444446
0.022222222222222223
0.0
0.022222222222222223
0.0
0.011111111111111112
0.07777777777777778
0.03333333333333333
0.08888888888888889
0.011111111111111112
0.07777777777777778
0.011111111111111112
0.06666666666666667
0.0
0.03333333333333333
0.17777777777777778
0.12222222222222222
0.08888888888888889
0.044444444444444446
0.0
0.0
0.022222222222222223
0.1
0.0
0.1111111111111111
0.06666666666666667
0.0
0.044444444444444446
0.0
0.011111111111111112
0.07777777777777778
0.0
0.0
0.05555555555555555
0.06666666666666667
0.011111111111111112
0.0
0.0
0.03333333333333333
0.022222222222222223
0.06666666666666667
0.03333333333333333
0.05555555555555555
0.0
0.0
0.0
0.022222222222222223
0.0
0.14444444444444443
0.044444444444444446
0.03333333333333333
0.07777777777777778
0.05555555555555555
0.0
0.0
0.022222222222222223
0.022222222222222223
0.08888888888888889
0.044444444444444446
0.011111111111111112
0.0
0.044444444444444446
0.0
0.044444444444444446
0.06666666666666667
0.0
0.23333333333333334
0.0
0.0
0.011111111111111112
0.03333333333333333
0.1111111111111111
0.0
0.03333333333333333
0.011111111111111112
0.05555555555555555
0.022222222222222223
0.07777777777777778
0.2111111111111111
0.0
0.05555555555555555
0.1
0.2222222222222222
0.0
0.13333333333333333
0.05555555555555555
0.022222222222222223
0.011111111111111112
0.0
0.011111111111111112
0.0
0.14444444444444443
0.011111111111111112
0.14444444444444443
0.044444444444444446
0.03333333333333333
0.011111111111111112
0.0
0.044444444444444446
0.0
0.044444444444444446
