35.46666666666667
32.5
40.0
31.0
28.0
29.22222222222222
31.2
27.285714285714285
35.833333333333336
26.875
29.714285714285715
29.11111111111111
29.333333333333332
28.2
26.636363636363637
27.09090909090909
39.2
25.75
27.571428571428573
24.166666666666668
27.77777777777778
27.2
29.125
30.5
29.125
32.42857142857143
29.90909090909091
28.333333333333332
31.0
25.4
24.875
30.727272727272727
29.2
31.75
34.857142857142854
30.0
45.4
30.75
35.55555555555556
31.142857142857142
35.333333333333336
27.636363636363637
32.25
28.6
28.6
34.9
31.0
35.833333333333336
28.22222222222222
26.714285714285715
31.333333333333332
31.285714285714285
25.0
55.5
37.0
30.0
31.666666666666668
34.3
30.5
28.0
25.6
22.5
28.125
29.5
44.333333333333336
26.285714285714285
30.0
28.444444444444443
