29.4
24.2
27.5
29.0
37.25
29.2
25.0
26.333333333333332
26.571428571428573
31.666666666666668
26.6
30.1
33.44444444444444
32.5
36.42857142857143
31.6
37.625
29.625
28.714285714285715
29.857142857142858
27.833333333333332
33.7
28.8
25.833333333333332
34.142857142857146
36.166666666666664
31.714285714285715
34.0
31.4
39.75
31.0
29.363636363636363
26.666666666666668
32.0
42.0
22.25
31.444444444444443
30.0
24.2
31.8
30.125
30.5
25.0
32.7
30.75
25.666666666666668
22.6
30.11111111111111
29.181818181818183
21.0
30.88888888888889
25.666666666666668
28.666666666666668
25.75
32.1
29.555555555555557
34.5
35.5
31.428571428571427
29.25
25.25
30.0
32.42857142857143
30.375
30.0
26.0
33.142857142857146
35.714285714285715
32.5
34.285714285714285
22.333333333333332
32.36363636363637
31.2
30.0
26.75
28.25
33.09090909090909
27.333333333333332
27.166666666666668
26.625
31.166666666666668
33.666666666666664
34.77777777777778
32.5
31.363636363636363
28.857142857142858
33.77777777777778
26.5
