31.785714285714285
35.75
29.5
32.333333333333336
28.4
27.0
29.166666666666668
27.88888888888889
26.2
27.4
31.6
29.75
27.375
28.142857142857142
42.42857142857143
32.333333333333336
29.818181818181817
31.88888888888889
32.72727272727273
31.75
24.0
31.444444444444443
29.333333333333332
26.333333333333332
31.0
28.0
40.666666666666664
31.0
22.75
40.0
29.857142857142858
30.9
33.333333333333336
30.428571428571427
29.636363636363637
30.0
35.2
24.0
25.333333333333332
30.8
28.5
25.5
30.166666666666668
32.25
35.25
32.333333333333336
31.0
30.0
27.25
34.0
31.75
27.727272727272727
28.0
33.90909090909091
30.6
32.4
29.0
34.625
31.77777777777778
34.142857142857146
26.571428571428573
26.2
32.75
36.6
31.142857142857142
30.875
29.818181818181817
25.75
36.5
28.625
27.4
29.6
28.571428571428573
24.666666666666668
29.6
31.833333333333332
27.7
31.0
32.125
