30.375
31.0
26.166666666666668
26.88888888888889
26.428571428571427
33.166666666666664
28.0
32.714285714285715
37.111111111111114
35.166666666666664
37.25
29.363636363636363
28.0
34.833333333333336
36.75
33.333333333333336
36.25
30.333333333333332
30.75
32.44444444444444
34.75
27.6
31.6
24.555555555555557
30.384615384615383
26.25
33.55555555555556
28.4
32.625
30.0
29.444444444444443
30.77777777777778
29.444444444444443
34.5
29.0
30.625
32.9
27.666666666666668
26.6
31.375
30.0
28.333333333333332
29.142857142857142
29.666666666666668
30.666666666666668
31.625
27.0
30.454545454545453
29.142857142857142
27.75
31.428571428571427
52.666666666666664
31.375
28.5
28.5
32.8
27.857142857142858
28.25
30.125
33.0
27.0
32.125
33.6
25.0
28.142857142857142
30.363636363636363
32.714285714285715
19.75
26.454545454545453
31.25
34.125
31.5
30.142857142857142
28.0
28.9
33.333333333333336
30.181818181818183
30.25
