0.0
0.08888888888888889
0.17777777777777778
0.08333333333333333
0.05
0.1
0.07777777777777778
0.12777777777777777
0.022222222222222223
0.044444444444444446
0.08333333333333333
0.19444444444444445
0.05
0.0
0.10555555555555556
0.016666666666666666
0.03888888888888889
0.11666666666666667
0.07777777777777778
0.18333333333333332
0.08888888888888889
0.2111111111111111
0.15
0.21666666666666667
0.05
0.044444444444444446
0.06666666666666667
0.06111111111111111
0.06666666666666667
0.12777777777777777
0.19444444444444445
0.011111111111111112
0.06666666666666667
0.07222222222222222
0.16666666666666666
0.10555555555555556
0.22777777777777777
0.13333333333333333
0.10555555555555556
0.06111111111111111
0.16666666666666666
0.07777777777777778
0.12222222222222222
0.05
0.044444444444444446
0.05
0.027777777777777776
0.011111111111111112
0.044444444444444446
0.06666666666666667
0.022222222222222223
0.011111111111111112
0.03888888888888889
0.08888888888888889
0.08333333333333333
0.13333333333333333
0.08888888888888889
0.12777777777777777
0.1
0.03888888888888889
0.05555555555555555
0.15
0.08333333333333333
0.08333333333333333
0.11666666666666667
0.027777777777777776
0.027777777777777776
0.05555555555555555
0.11666666666666667
0.19444444444444445
0.15
0.15555555555555556
0.044444444444444446
0.016666666666666666
0.03888888888888889
0.06111111111111111
0.044444444444444446
0.10555555555555556
0.22777777777777777
0.13333333333333333
0.016666666666666666
0.022222222222222223
0.15
0.19444444444444445
0.20555555555555555
0.17222222222222222
0.13333333333333333
0.08888888888888889
0.23333333333333334
0.2222222222222222
0.2611111111111111
0.1111111111111111
0.05
0.14444444444444443
0.03888888888888889
0.0
0.09444444444444444
0.07222222222222222
0.09444444444444444
0.09444444444444444
0.21666666666666667
0.2
0.022222222222222223
0.03333333333333333
0.005555555555555556
0.06666666666666667
0.05
0.05555555555555555
0.15555555555555556
0.08888888888888889
0.05
0.08333333333333333
0.016666666666666666
0.11666666666666667
0.2111111111111111
0.1
0.1111111111111111
0.1
0.05
0.06666666666666667
0.03888888888888889
0.06666666666666667
0.09444444444444444
0.022222222222222223
0.12222222222222222
0.17222222222222222
0.18333333333333332
0.1111111111111111
0.044444444444444446
0.12777777777777777
