0.0
0.016666666666666666
0.16666666666666666
0.1
0.016666666666666666
0.044444444444444446
0.06666666666666667
0.07777777777777778
0.07777777777777778
0.08888888888888889
0.03888888888888889
0.08888888888888889
0.08888888888888889
0.12777777777777777
0.17222222222222222
0.15555555555555556
0.2111111111111111
0.1111111111111111
0.09444444444444444
0.06666666666666667
0.03888888888888889
0.005555555555555556
0.1111111111111111
0.005555555555555556
0.17777777777777778
0.2222222222222222
0.05555555555555555
0.12222222222222222
0.05
0.07222222222222222
0.05555555555555555
0.17222222222222222
0.08333333333333333
0.07222222222222222
0.05
0.09444444444444444
0.05
0.07222222222222222
0.07777777777777778
0.1
0.2
0.12222222222222222
0.05
0.05
0.044444444444444446
0.07222222222222222
0.06666666666666667
0.011111111111111112
0.1
0.022222222222222223
0.06666666666666667
0.08333333333333333
0.08333333333333333
0.016666666666666666
0.05555555555555555
0.08333333333333333
0.022222222222222223
0.11666666666666667
0.14444444444444443
0.022222222222222223
0.12777777777777777
0.044444444444444446
0.11666666666666667
0.19444444444444445
0.20555555555555555
0.23333333333333334
0.1111111111111111
0.06666666666666667
0.08333333333333333
0.06111111111111111
0.14444444444444443
0.12222222222222222
0.15
0.06666666666666667
0.05555555555555555
0.11666666666666667
0.1111111111111111
0.07777777777777778
0.022222222222222223
0.016666666666666666
0.06666666666666667
0.06666666666666667
0.23333333333333334
0.05555555555555555
0.2111111111111111
0.14444444444444443
0.25555555555555554
0.2222222222222222
0.2388888888888889
0.03333333333333333
0.11666666666666667
0.06111111111111111
0.0
0.07222222222222222
0.06111111111111111
0.011111111111111112
0.0
0.07222222222222222
0.07222222222222222
0.08888888888888889
0.16111111111111112
0.21666666666666667
0.08333333333333333
0.09444444444444444
0.24444444444444444
0.15
0.03333333333333333
0.005555555555555556
0.06666666666666667
0.03333333333333333
0.07222222222222222
0.1388888888888889
0.016666666666666666
