0.0
0.05
0.13333333333333333
0.12777777777777777
0.14444444444444443
0.13333333333333333
0.05555555555555555
0.005555555555555556
0.07222222222222222
0.17777777777777778
0.17222222222222222
0.05555555555555555
0.14444444444444443
0.12777777777777777
0.027777777777777776
0.06666666666666667
0.03888888888888889
0.0
0.07777777777777778
0.06666666666666667
0.0
0.06666666666666667
0.027777777777777776
0.16666666666666666
0.044444444444444446
0.1111111111111111
0.14444444444444443
0.08888888888888889
0.005555555555555556
0.005555555555555556
0.08888888888888889
0.08888888888888889
0.10555555555555556
0.08333333333333333
0.08888888888888889
0.06111111111111111
0.1
0.12222222222222222
0.10555555555555556
0.12777777777777777
0.15
0.2388888888888889
0.28888888888888886
0.18333333333333332
0.17222222222222222
0.1388888888888889
0.1
0.08333333333333333
0.10555555555555556
0.06111111111111111
0.05555555555555555
0.19444444444444445
0.12777777777777777
0.24444444444444444
0.2111111111111111
0.15555555555555556
0.1111111111111111
0.17222222222222222
0.1
0.05
0.16111111111111112
0.09444444444444444
0.1
0.07222222222222222
0.1388888888888889
0.08333333333333333
0.1388888888888889
0.1111111111111111
0.08888888888888889
0.016666666666666666
