0.12198067632850242
0.6289251207729468
0.6802536231884058
0.7155797101449275
0.6621376811594203
0.660024154589372
0.6443236714975845
0.7291666666666666
0.726147342995169
0.7309782608695652
0.7436594202898551
0.7204106280193237
0.7125603864734299
0.7032004830917874
0.7022946859903382
0.7264492753623188
0.6711956521739131
0.7533212560386473
0.6711956521739131
0.714975845410628
0.711352657004831
0.7185990338164251
0.6760265700483091
0.6908212560386473
0.6766304347826086
0.678743961352657
0.7137681159420289
0.7306763285024155
0.7270531400966184
0.7270531400966184
0.7176932367149759
0.7189009661835749
0.7080314009661836
0.6823671497584541
0.7388285024154589
0.6681763285024155
0.7457729468599034
0.7433574879227053
0.7339975845410628
0.697463768115942
0.7355072463768116
0.6742149758454107
0.6754227053140096
0.6790458937198067
0.6884057971014492
