0.1111111111111111
0.581219806763285
0.6307367149758454
0.6476449275362319
0.658816425120773
0.6527777777777778
0.6470410628019324
0.6730072463768116
0.6917270531400966
0.696256038647343
0.658816425120773
0.7155797101449275
0.6388888888888888
0.7370169082125604
0.6410024154589372
0.6594202898550725
0.696256038647343
0.6736111111111112
0.6947463768115942
0.7107487922705314
0.6766304347826086
0.7056159420289855
0.6651570048309179
0.6844806763285024
0.7475845410628019
0.717391304347826
0.717391304347826
0.7137681159420289
0.7249396135265701
0.7032004830917874
0.6899154589371981
0.6696859903381642
0.6941425120772947
0.6859903381642513
0.706219806763285
0.6841787439613527
0.6639492753623188
0.6905193236714976
0.6935386473429952
0.7270531400966184
0.7146739130434783
0.7207125603864735
0.6992753623188406
0.7004830917874396
0.6983695652173914
0.6941425120772947
