0.10748792270531402
0.6180555555555556
0.6056763285024155
0.6932367149758454
0.6672705314009661
0.7104468599033816
0.7035024154589372
0.711352657004831
0.7182971014492754
0.7198067632850241
0.7361111111111112
0.7007850241545893
0.6165458937198067
0.6998792270531401
0.686292270531401
0.7013888888888888
0.6721014492753623
0.6515700483091788
0.6853864734299517
0.668780193236715
0.6935386473429952
0.7451690821256038
0.6983695652173914
0.6983695652173914
0.7509057971014492
0.6865942028985508
0.6811594202898551
0.7032004830917874
0.6932367149758454
0.731280193236715
0.6310386473429952
0.6781400966183575
0.6799516908212561
0.6515700483091788
0.6277173913043478
0.6621376811594203
0.7089371980676329
0.6808574879227053
0.6754227053140096
0.7503019323671497
0.6971618357487923
0.6959541062801933
0.7436594202898551
0.6745169082125604
0.6802536231884058
0.705012077294686
0.6742149758454107
