24.0
58.875
74.71428571428571
117.4
91.71428571428571
71.125
63.44444444444444
111.6
66.14285714285714
67.16666666666667
60.0
69.125
93.8
88.16666666666667
100.0
85.66666666666667
109.2
117.4
70.75
115.4
220.66666666666666
210.0
157.25
222.66666666666666
111.4
125.2
319.5
148.5
110.0
152.75
221.0
150.0
168.25
138.5
107.5
153.0
294.5
319.0
166.0
164.66666666666666
274.0
202.66666666666666
194.0
200.0
194.33333333333334
92.83333333333333
68.57142857142857
72.42857142857143
102.5
121.0
138.33333333333334
106.2
80.85714285714286
101.83333333333333
68.125
71.625
102.5
80.0
81.14285714285714
119.0
174.66666666666666
115.6
182.33333333333334
268.5
135.75
112.83333333333333
323.0
138.75
94.71428571428571
134.0
79.28571428571429
91.0
110.6
127.25
60.9
138.75
101.2
83.28571428571429
82.71428571428571
76.85714285714286
111.4
99.83333333333333
98.66666666666667
92.66666666666667
60.0
116.6
141.75
84.42857142857143
144.75
125.75
158.75
109.66666666666667
121.2
122.2
142.25
74.25
114.4
150.5
169.33333333333334
101.0
148.5
92.16666666666667
190.66666666666666
70.75
84.0
98.33333333333333
111.2
111.6
150.25
187.33333333333334
143.25
84.85714285714286
113.6
154.5
260.0
156.0
185.0
207.33333333333334
115.6
190.66666666666666
