27.0
46.0
71.625
61.2
133.5
70.875
80.28571428571429
98.33333333333333
90.83333333333333
92.33333333333333
143.0
154.25
130.8
157.75
155.0
223.33333333333334
208.66666666666666
199.66666666666666
211.66666666666666
310.0
164.0
210.0
103.0
144.25
89.16666666666667
103.0
106.2
194.33333333333334
145.25
156.25
286.5
123.2
115.0
112.6
119.4
113.6
80.625
153.75
114.6
126.8
117.6
110.4
205.66666666666666
170.0
149.5
175.0
139.0
185.33333333333334
145.5
145.5
119.2
139.5
143.5
132.0
131.0
121.6
105.33333333333333
105.5
89.66666666666667
115.0
160.25
125.6
136.75
201.0
180.66666666666666
122.2
192.66666666666666
196.33333333333334
205.33333333333334
198.33333333333334
197.33333333333334
267.5
153.25
294.5
200.0
203.0
147.0
218.66666666666666
309.5
169.75
155.0
151.25
125.2
152.25
212.33333333333334
153.0
211.33333333333334
103.66666666666667
122.4
79.75
190.66666666666666
79.42857142857143
94.5
78.0
289.5
268.0
166.33333333333334
82.57142857142857
139.75
99.83333333333333
90.85714285714286
136.0
139.25
85.83333333333333
106.2
142.0
105.8
86.85714285714286
78.57142857142857
119.6
95.4
121.75
114.0
132.0
130.25
197.33333333333334
85.14285714285714
284.0
64.88888888888889
113.0
