32.6
56.625
102.6
91.16666666666667
91.33333333333333
91.5
75.75
119.6
99.83333333333333
72.375
88.83333333333333
92.83333333333333
128.25
149.0
116.0
208.0
82.71428571428571
152.33333333333334
150.25
97.5
295.0
123.0
145.5
108.6
275.5
168.33333333333334
112.0
106.4
104.0
91.66666666666667
160.75
171.75
77.625
134.0
146.5
80.42857142857143
154.25
63.77777777777778
82.33333333333333
84.85714285714286
92.83333333333333
75.625
107.4
162.25
217.66666666666666
124.2
155.5
287.0
200.33333333333334
121.4
165.75
120.8
113.4
135.0
126.8
132.0
151.25
193.33333333333334
134.2
188.66666666666666
156.75
207.0
179.33333333333334
118.6
159.25
120.0
85.0
83.5
134.75
82.5
96.6
89.0
81.14285714285714
155.5
98.33333333333333
124.8
116.4
96.66666666666667
118.2
142.0
163.66666666666666
104.8
103.6
146.75
105.8
90.4
73.75
105.66666666666667
142.0
157.33333333333334
153.75
83.375
131.75
115.8
93.16666666666667
105.66666666666667
86.28571428571429
89.5
103.0
83.375
71.0
131.5
100.66666666666667
174.33333333333334
94.83333333333333
125.0
