31.0
53.0
96.33333333333333
78.85714285714286
66.5
96.0
141.75
145.5
187.33333333333334
214.66666666666666
117.0
169.0
109.0
103.5
202.33333333333334
189.66666666666666
92.57142857142857
122.8
118.8
157.75
286.0
104.8
117.6
101.66666666666667
144.0
118.2
225.33333333333334
229.0
336.0
334.5
135.6
223.66666666666666
135.2
217.66666666666666
311.5
207.66666666666666
202.66666666666666
163.5
162.0
224.33333333333334
171.75
216.66666666666666
322.0
341.0
204.0
334.0
319.0
323.0
209.0
172.25
133.0
191.66666666666666
201.0
95.33333333333333
149.25
141.25
156.75
196.0
186.0
155.0
149.25
130.25
298.5
156.75
162.75
167.0
227.33333333333334
313.0
157.5
157.0
133.25
70.5
103.0
132.75
150.25
154.5
170.33333333333334
298.0
131.0
110.0
83.5
121.4
84.42857142857143
87.28571428571429
149.0
100.33333333333333
74.75
68.44444444444444
127.2
126.6
121.2
101.33333333333333
194.33333333333334
131.8
196.33333333333334
186.0
151.25
197.66666666666666
104.66666666666667
168.66666666666666
93.5
103.2
261.0
138.25
106.75
136.75
96.6
46.81818181818182
77.16666666666667
114.8
110.8
89.14285714285714
138.25
135.0
