0.016256386437529028
0.15025545750116118
0.1611704598235021
0.19670227589410125
0.19136089177891313
0.2145843009753832
0.181374825824431
0.215513237343242
0.2180678123548537
0.21435206688341849
0.2329307942405945
0.2215513237343242
0.21992568509057128
0.23896888063167673
0.24431026474686485
0.2529029261495588
0.2333952624245239
0.2619600557361821
0.2631212261960056
0.24941941477008825
0.2236414305620065
0.24500696702275895
0.2607988852763586
0.25267069205759407
0.25429633070134694
0.23780771017185323
0.23618207152810033
0.27055271713887596
0.24245239201114724
0.2640501625638644
0.2505805852299118
0.2810032512772875
0.30631676730143986
0.29354389224338134
0.31072921504876916
0.29331165815141663
0.2833255921969345
0.2714816535067348
0.3065490013934046
0.28913144449605205
0.30120761727821643
0.3065490013934046
0.32535996284254526
0.3351137947050627
0.3390617742684626
0.37714816535067347
0.36205294937296795
0.34718996748722714
0.20668834184858337
0.21040408732001858
0.24129122155132374
0.20529493729679518
0.21017185322805387
0.2368787738039944
0.2243381328379006
0.23594983743613562
0.23478866697631212
0.26056665118439387
0.2714816535067348
0.23618207152810033
0.2189967487227125
0.2505805852299118
0.2656758012076173
0.24756154203437064
0.23316302833255922
0.2368787738039944
0.25220622387366465
0.2710171853228054
0.24152345564328845
0.2575476079888528
0.24709707385044125
