0.006038086391082211
0.13492800743149094
0.16093822573153738
0.20181142591732465
0.18903855085926613
0.21179749187180677
0.2196934509986066
0.23780771017185323
0.24849047840222946
0.2747329307942406
0.2633534602879703
0.2663725034835114
0.23989781699953552
0.24500696702275895
0.24872271249419414
0.2368787738039944
0.2573153738968881
0.2631212261960056
0.26706920575940546
0.25592196934509986
0.27171388759869947
0.26730143985137017
0.2856479331165815
0.2898281467719461
0.30167208546214586
0.3304691128657687
0.31398049233627495
0.3202508128193219
0.31746400371574546
0.3065490013934046
0.3334881560613098
0.35624709707385044
0.34370645610775663
0.3536925220622387
0.34486762656758013
0.3446353924756154
0.3344170924291686
0.3355782628889921
0.30863910822108687
0.30747793776126336
0.3307013469577334
0.35508592661402694
0.360427310729215
0.3339526242452392
0.31978634463539246
0.3211797491871807
0.3111936832326986
0.31514166279609845
0.3569437993497445
0.362749651648862
0.3808639108221087
0.36901997213190896
0.34393869019972134
0.36228518346493266
0.36228518346493266
0.3615884811890385
0.35090571295866235
0.35996284254528566
0.37134231305155596
0.26056665118439387
0.25708313980492337
0.2628889921040409
0.25476079888527636
0.24779377612633535
0.2529029261495588
0.23664653971202973
0.25592196934509986
0.26242452392011145
0.26590803529958196
0.27287505805852297
0.2607988852763586
0.282164421737111
0.26381792847189967
0.30840687412912215
0.3169995355318161
0.30631676730143986
0.30399442638179286
0.31653506734788667
0.31862517417556896
0.3297724105898746
