0.009057129586623316
0.1126335346028797
0.15188109614491407
0.16093822573153738
0.17533673943334882
0.19972131908964236
0.2322340919647004
0.2243381328379006
0.2238736646539712
0.25150952159777057
0.24593590339061774
0.24013005109150024
0.22480260102183
0.24361356247097074
0.2663725034835114
0.28889921040408734
0.2779842080817464
0.25661867162099394
0.2770552717138876
0.31374825824431024
0.2837900603808639
0.26590803529958196
0.30283325592196936
0.2847189967487227
0.2940083604273107
0.2754296330701347
0.2940083604273107
0.28657686948444033
0.3135160241523456
0.31305155596841616
0.30190431955411057
0.31165815141662795
0.32419879238272176
0.31142591732466324
0.2977241058987459
0.30469112865768694
0.2919182535996284
0.31026474686483974
0.2803065490013934
0.3200185787273572
0.334881560613098
0.3225731537389689
0.36437529029261495
0.35392475615420343
0.34974454249883885
0.3290757083139805
0.3351137947050627
0.32187645146307475
0.35624709707385044
0.353460287970274
0.35996284254528566
0.35903390617742686
0.3773803994426382
0.36344635392475616
0.3399907106363214
0.3367394333488156
0.43288434742220155
0.4437993497445425
0.4470506270320483
0.48026010218300047
0.47515095215977704
0.47213190896423596
0.4702740362285183
0.47050627032048303
0.20947515095215977
0.2241058987459359
0.23757547607988852
0.23269856014862983
0.2368787738039944
0.2596377148165351
0.2782164421737111
0.2928471899674872
0.277519739897817
0.2761263353460288
0.2789131444496052
0.2977241058987459
0.28773803994426383
0.29609846725499306
0.29934974454249885
0.2875058058522991
0.28913144449605205
0.2726428239665583
0.29006038086391084
0.2916860195076637
0.29725963771481656
0.32559219693450997
