# ../../src/prob2kcalPerMol.py --suffix freeEnergyLandscapes/10110 --dat_file ../../data/auxCoords/corebydppc/10110.dat
# # column 0: midpoint of bin
# # column 1: delG of the bin in kcal per mol
1.250000000000000069e-02	inf
3.750000000000000555e-02	inf
6.250000000000000000e-02	5.822656554168490928e+00
8.750000000000000833e-02	3.387009853673303983e-01
1.125000000000000028e-01	4.672938260264667548e-02
1.375000000000000111e-01	2.864950518801947718e-02
1.625000000000000333e-01	7.993971644050084091e-01
1.875000000000000000e-01	9.964545127601800445e-01
2.125000000000000222e-01	8.333393439521308288e-01
2.374999999999999889e-01	2.105535054248227067e-01
2.625000000000000111e-01	0.000000000000000000e+00
2.875000000000000333e-01	3.729983625501042677e-01
3.125000000000000000e-01	1.030975675005847592e+01
3.375000000000000222e-01	inf
3.625000000000000444e-01	inf
3.875000000000000111e-01	inf
4.125000000000000333e-01	inf
4.375000000000000000e-01	inf
4.625000000000000222e-01	inf
4.875000000000000444e-01	inf
5.124999999999999556e-01	inf
5.375000000000000888e-01	inf
5.625000000000000000e-01	inf
5.875000000000001332e-01	inf
6.125000000000000444e-01	inf
6.374999999999999556e-01	inf
6.625000000000000888e-01	inf
6.875000000000000000e-01	inf
7.125000000000001332e-01	inf
7.375000000000000444e-01	inf
7.624999999999999556e-01	inf
7.875000000000000888e-01	inf
8.125000000000000000e-01	inf
8.375000000000001332e-01	inf
8.625000000000000444e-01	inf
8.874999999999999556e-01	inf
9.125000000000000888e-01	inf
9.375000000000000000e-01	inf
9.625000000000001332e-01	inf
9.875000000000000444e-01	inf
