19.4
5.3076923076923075
13.1
9.625
5.461538461538462
8.3
14.333333333333334
8.714285714285714
6.555555555555555
5.411764705882353
6.5625
6.916666666666667
9.0
5.75
10.615384615384615
17.444444444444443
4.117647058823529
6.384615384615385
7.0
10.0
8.0
8.176470588235293
9.272727272727273
10.9
8.5
5.076923076923077
4.545454545454546
6.866666666666666
5.25
9.642857142857142
6.4
4.285714285714286
4.333333333333333
6.0
6.75
5.5
4.857142857142857
4.8
6.4
15.875
5.0
9.307692307692308
6.461538461538462
5.3076923076923075
6.076923076923077
4.9411764705882355
5.083333333333333
8.285714285714286
6.909090909090909
4.928571428571429
5.5625
7.076923076923077
5.2
13.333333333333334
10.818181818181818
12.571428571428571
12.23076923076923
3.75
7.3076923076923075
6.153846153846154
4.75
