5.533333333333333
6.388888888888889
7.2
10.833333333333334
9.692307692307692
7.5
9.909090909090908
12.076923076923077
8.733333333333333
7.125
6.75
3.272727272727273
9.153846153846153
5.5
8.363636363636363
5.909090909090909
5.545454545454546
6.133333333333334
10.666666666666666
6.3076923076923075
8.0
8.416666666666666
4.285714285714286
8.9
13.076923076923077
3.2142857142857144
9.733333333333333
10.0
8.23076923076923
3.076923076923077
4.857142857142857
4.3076923076923075
10.153846153846153
6.6923076923076925
3.3636363636363638
3.4166666666666665
6.5
5.714285714285714
4.071428571428571
6.466666666666667
9.615384615384615
7.666666666666667
6.538461538461538
12.4
4.583333333333333
