6.5
2.7142857142857144
8.928571428571429
10.545454545454545
4.857142857142857
8.666666666666666
7.571428571428571
10.333333333333334
6.333333333333333
5.25
8.857142857142858
7.9375
4.625
5.133333333333334
9.0
8.909090909090908
8.083333333333334
8.0
11.7
3.2857142857142856
2.3846153846153846
7.133333333333334
11.0
9.181818181818182
4.888888888888889
15.8
4.5
6.071428571428571
3.0
8.75
7.833333333333333
6.5
7.8
7.533333333333333
6.083333333333333
7.375
3.6923076923076925
7.416666666666667
6.769230769230769
4.1875
8.76923076923077
6.4375
8.333333333333334
8.071428571428571
4.5
6.444444444444445
