5.416666666666667
5.461538461538462
10.75
10.538461538461538
3.2666666666666666
11.636363636363637
5.4
7.928571428571429
8.5
3.388888888888889
5.076923076923077
11.538461538461538
9.0
5.818181818181818
8.75
9.0
5.153846153846154
5.615384615384615
14.333333333333334
6.8125
12.083333333333334
7.933333333333334
7.583333333333333
8.928571428571429
6.785714285714286
7.142857142857143
7.8
13.2
9.916666666666666
3.75
6.470588235294118
5.357142857142857
8.923076923076923
13.166666666666666
5.666666666666667
7.214285714285714
5.076923076923077
5.916666666666667
5.625
6.083333333333333
5.866666666666666
14.833333333333334
6.2
5.3125
9.153846153846153
10.066666666666666
5.909090909090909
8.083333333333334
5.636363636363637
7.076923076923077
5.571428571428571
9.666666666666666
7.6923076923076925
