33.0
32.5
61.5
19.0
32.666666666666664
36.5
46.5
12.0
21.0
13.5
41.0
28.5
12.0
32.0
14.0
28.5
0.0
0.0
0.0
55.0
22.333333333333332
26.0
18.0
37.0
44.0
72.0
37.0
45.0
41.5
23.0
11.5
29.0
0.0
12.0
19.5
71.0
0.0
41.0
23.666666666666668
0.0
0.0
25.0
19.0
27.666666666666668
21.0
31.666666666666668
16.0
35.0
43.5
34.5
0.0
11.5
39.0
11.5
28.666666666666668
35.5
21.666666666666668
0.0
11.5
34.0
26.0
11.5
33.666666666666664
28.5
17.5
23.333333333333332
37.0
23.5
13.0
18.666666666666668
33.0
30.0
32.0
31.0
27.666666666666668
31.0
15.5
31.0
11.5
32.5
23.0
28.0
43.0
32.0
0.0
11.5
33.333333333333336
25.333333333333332
15.666666666666666
33.0
0.0
22.0
49.0
11.5
11.5
16.0
17.0
40.0
57.5
11.5
22.666666666666668
51.5
19.333333333333332
34.666666666666664
23.5
22.0
46.0
22.5
30.333333333333332
45.5
20.5
30.0
0.0
27.5
21.0
0.0
28.333333333333332
31.0
0.0
11.5
12.5
36.0
20.5
32.0
23.0
11.5
50.0
36.0
38.0
30.333333333333332
13.5
35.5
43.0
13.0
30.0
25.666666666666668
26.5
11.5
11.5
22.0
40.333333333333336
44.0
14.5
36.666666666666664
31.0
41.0
44.0
14.5
30.5
39.5
23.0
34.0
21.5
0.0
29.5
18.5
18.0
46.0
31.5
16.5
36.0
15.333333333333334
29.0
11.5
28.5
