31.0
24.0
22.0
38.0
26.5
33.666666666666664
12.0
38.0
11.5
34.0
0.0
16.0
29.5
12.0
15.666666666666666
39.0
0.0
15.333333333333334
15.0
58.0
28.666666666666668
0.0
11.5
21.333333333333332
36.5
55.0
16.666666666666668
22.0
23.666666666666668
51.5
0.0
35.0
23.5
18.666666666666668
39.0
33.0
11.5
45.666666666666664
26.5
40.666666666666664
20.333333333333332
15.5
43.0
11.5
11.5
27.5
39.0
0.0
44.5
42.5
36.5
24.75
23.0
26.666666666666668
0.0
26.75
21.0
11.5
15.5
11.5
23.0
36.0
32.0
11.5
49.5
13.0
35.5
31.5
23.333333333333332
20.0
18.0
32.0
23.5
44.0
46.0
30.333333333333332
38.0
42.0
11.5
12.0
24.0
33.5
0.0
17.5
35.5
37.0
30.5
25.666666666666668
33.0
28.0
33.5
12.0
14.5
33.0
35.0
26.0
17.0
25.5
27.5
26.333333333333332
29.0
19.666666666666668
34.5
29.0
38.666666666666664
54.0
53.5
16.0
16.5
20.0
35.333333333333336
16.5
11.5
29.0
11.5
12.0
25.5
38.0
27.5
31.0
40.0
29.0
0.0
25.5
43.0
29.0
19.333333333333332
33.5
12.0
51.0
11.5
13.5
20.5
29.333333333333332
51.0
42.5
29.0
30.0
0.0
11.5
30.333333333333332
38.0
36.666666666666664
15.333333333333334
31.666666666666668
30.0
28.333333333333332
12.0
14.0
0.0
29.333333333333332
0.0
46.0
12.5
0.0
54.0
29.0
58.5
30.25
54.0
