58.0
20.5
43.0
21.0
18.5
16.5
37.666666666666664
27.5
42.5
15.5
28.5
32.666666666666664
32.5
28.5
17.0
29.0
17.0
27.666666666666668
23.0
19.0
33.5
11.5
0.0
0.0
37.5
28.0
31.0
37.0
11.5
54.0
21.666666666666668
23.5
36.5
35.666666666666664
20.0
35.0
29.0
52.5
47.5
28.0
36.5
47.5
49.0
26.0
54.0
32.333333333333336
27.0
40.0
12.0
19.5
0.0
15.333333333333334
27.5
46.5
34.333333333333336
36.5
11.5
47.666666666666664
24.0
11.5
16.5
11.5
34.0
16.666666666666668
27.0
14.5
54.5
28.5
42.0
26.0
37.5
12.0
12.0
16.5
20.5
50.0
36.0
32.0
18.666666666666668
22.0
29.333333333333332
58.5
28.0
48.5
28.0
35.666666666666664
11.5
23.5
19.0
25.5
59.0
38.5
33.666666666666664
14.0
38.5
0.0
27.5
17.5
29.0
32.5
38.5
11.5
19.0
36.0
11.5
26.333333333333332
23.666666666666668
29.5
13.5
36.5
23.333333333333332
35.333333333333336
23.0
11.5
38.5
23.5
15.0
11.5
11.5
48.5
48.0
16.0
11.5
24.666666666666668
11.5
56.5
23.0
0.0
41.5
60.5
0.0
35.5
32.333333333333336
44.0
40.0
0.0
32.666666666666664
16.0
0.0
29.666666666666668
30.0
21.0
27.0
11.5
43.0
38.5
36.666666666666664
43.5
11.5
20.0
35.0
