18.0
29.5
39.5
12.0
57.5
26.5
40.5
21.5
12.0
0.0
46.0
21.0
11.5
35.0
27.0
37.5
38.0
22.0
41.333333333333336
30.0
21.5
32.0
42.0
11.5
0.0
27.666666666666668
34.0
31.5
29.0
31.5
19.0
39.0
29.666666666666668
26.0
24.5
16.5
33.5
27.0
37.0
28.0
32.0
12.5
31.0
16.0
23.0
33.0
20.0
46.333333333333336
30.5
20.0
23.666666666666668
11.5
23.333333333333332
56.0
48.5
11.5
49.5
31.5
35.5
0.0
12.0
23.5
20.0
53.0
16.5
39.0
27.0
22.5
13.0
11.5
15.5
0.0
33.0
20.0
29.333333333333332
46.5
20.0
32.0
43.5
35.0
19.0
18.0
22.0
23.5
51.5
11.5
30.0
31.0
20.0
17.666666666666668
20.0
27.5
20.0
28.0
36.5
25.5
19.0
29.0
32.333333333333336
11.5
11.5
12.0
11.5
15.666666666666666
22.0
27.0
49.666666666666664
14.5
23.0
29.25
13.5
23.0
21.0
28.0
25.5
11.5
44.0
0.0
15.5
19.0
33.5
16.5
31.5
19.666666666666668
12.0
35.666666666666664
0.0
11.5
11.5
23.0
12.0
16.0
45.0
0.0
47.5
34.0
44.0
53.5
61.0
56.0
18.0
47.5
27.5
20.0
16.5
24.0
0.0
24.5
14.5
19.5
0.0
46.5
32.0
41.0
0.0
28.0
20.0
18.5
13.5
64.0
53.5
37.25
25.5
38.0
33.333333333333336
37.666666666666664
35.5
