0.0
7.0
32.0
11.166666666666666
47.5
42.5
42.0
38.0
23.75
47.0
36.666666666666664
20.25
30.0
31.666666666666668
20.25
37.0
73.5
56.5
34.666666666666664
62.5
61.0
45.5
35.666666666666664
54.0
50.0
57.0
23.0
24.75
20.25
78.5
58.0
47.5
41.666666666666664
43.333333333333336
36.666666666666664
32.666666666666664
21.25
25.5
24.0
58.0
50.0
52.5
28.0
19.75
24.0
20.75
53.5
72.0
77.5
60.5
20.25
31.0
20.0
28.333333333333332
28.333333333333332
36.5
41.5
54.5
42.5
27.333333333333332
24.333333333333332
62.5
39.0
28.0
50.0
23.0
27.0
16.75
21.25
14.0
18.0
22.75
40.5
75.0
