0.0032407407407407406
0.08564814814814815
0.1287037037037037
0.12916666666666668
0.11481481481481481
0.10416666666666667
0.1310185185185185
0.17685185185185184
0.1675925925925926
0.16296296296296298
0.1675925925925926
0.16898148148148148
0.16805555555555557
0.1597222222222222
0.2037037037037037
0.19953703703703704
0.1912037037037037
0.2175925925925926
0.1837962962962963
0.1736111111111111
0.19212962962962962
0.1699074074074074
0.16111111111111112
0.15231481481481482
0.1824074074074074
0.12407407407407407
0.14722222222222223
0.16898148148148148
0.17731481481481481
0.18009259259259258
0.17407407407407408
0.16527777777777777
0.1712962962962963
0.18055555555555555
0.20925925925925926
0.1763888888888889
0.19583333333333333
0.19953703703703704
0.16527777777777777
0.17037037037037037
0.17314814814814813
0.14305555555555555
0.17083333333333334
0.1712962962962963
0.18009259259259258
