0.0
0.0587962962962963
0.07361111111111111
0.11574074074074074
0.11944444444444445
0.12546296296296297
0.09537037037037037
0.12685185185185185
0.15555555555555556
0.13425925925925927
0.125
0.16527777777777777
0.1425925925925926
0.17731481481481481
0.14814814814814814
0.16157407407407406
0.1824074074074074
0.16666666666666666
0.16342592592592592
0.17546296296296296
0.17731481481481481
0.2175925925925926
0.17685185185185184
0.1736111111111111
0.22407407407407406
0.19907407407407407
0.2263888888888889
0.21342592592592594
0.20879629629629629
0.1726851851851852
0.1597222222222222
0.16342592592592592
0.1699074074074074
0.18796296296296297
0.1625
0.17407407407407408
0.16944444444444445
0.18472222222222223
0.19675925925925927
0.2023148148148148
0.22037037037037038
0.2175925925925926
0.21342592592592594
0.21388888888888888
0.23287037037037037
0.21481481481481482
