0.000462962962962963
0.07175925925925926
0.06759259259259259
0.08425925925925926
0.13148148148148148
0.11342592592592593
0.16342592592592592
0.1337962962962963
0.1736111111111111
0.16620370370370371
0.1726851851851852
0.1574074074074074
0.1375
0.13518518518518519
0.1712962962962963
0.15416666666666667
0.1550925925925926
0.14953703703703702
0.16018518518518518
0.1726851851851852
0.1925925925925926
0.1912037037037037
0.175
0.19212962962962962
0.20416666666666666
0.18287037037037038
0.19212962962962962
0.18981481481481483
0.1537037037037037
0.14907407407407408
0.13240740740740742
0.15694444444444444
0.1675925925925926
0.15416666666666667
0.14722222222222223
0.14907407407407408
0.18333333333333332
0.17546296296296296
0.17083333333333334
0.1925925925925926
0.17777777777777778
0.17546296296296296
0.20046296296296295
0.1550925925925926
0.1912037037037037
0.19953703703703704
0.1587962962962963
