0.0023148148148148147
0.07222222222222222
0.09675925925925925
0.12314814814814815
0.16018518518518518
0.17777777777777778
0.16064814814814815
0.19305555555555556
0.18425925925925926
0.18472222222222223
0.2074074074074074
0.19814814814814816
0.19490740740740742
0.2101851851851852
0.22361111111111112
0.25324074074074077
0.22175925925925927
0.18287037037037038
0.20462962962962963
0.2222222222222222
0.20092592592592592
0.22037037037037038
0.21203703703703702
0.19027777777777777
0.2101851851851852
0.2064814814814815
0.24675925925925926
0.2273148148148148
0.24953703703703703
0.2675925925925926
0.2523148148148148
0.20555555555555555
0.2125
0.20787037037037037
0.23935185185185184
0.24444444444444444
0.20416666666666666
0.19768518518518519
0.22083333333333333
0.2111111111111111
0.1875
0.19953703703703704
0.1814814814814815
0.20925925925925926
0.20972222222222223
0.1986111111111111
0.2324074074074074
0.27314814814814814
0.25833333333333336
0.23842592592592593
0.25092592592592594
