0.0
0.0
18.0
0.0
13.0
0.0
0.0
24.5
0.0
0.0
14.0
0.0
0.0
0.0
0.0
0.0
0.0
15.0
13.0
0.0
0.0
0.0
0.0
0.0
0.0
0.0
0.0
0.0
0.0
0.0
0.0
0.0
0.0
0.0
0.0
0.0
0.0
0.0
15.5
0.0
0.0
13.0
0.0
0.0
0.0
0.0
17.5
0.0
13.0
0.0
13.0
0.0
0.0
0.0
13.0
0.0
0.0
0.0
0.0
13.5
0.0
0.0
0.0
18.5
17.0
13.0
0.0
0.0
0.0
0.0
26.0
0.0
0.0
0.0
0.0
0.0
0.0
0.0
0.0
13.0
0.0
0.0
0.0
0.0
0.0
0.0
0.0
0.0
17.5
0.0
12.256517540566824
0.0
0.0
0.0
13.0
0.0
0.0
0.0
0.0
13.5
0.0
15.0
15.0
0.0
0.0
0.0
0.0
0.0
0.0
0.0
0.0
0.0
13.0
0.0
0.0
0.0
