0.09053497942386832
0.5411522633744856
0.5555555555555556
0.6193415637860082
0.6779835390946503
0.6995884773662552
0.6790123456790124
0.7602880658436214
0.6162551440329218
0.7335390946502057
0.5977366255144033
0.6944444444444444
0.7253086419753086
0.6347736625514403
0.7736625514403292
0.5699588477366255
0.6337448559670782
0.7211934156378601
0.7098765432098766
0.6327160493827161
0.6882716049382716
0.6131687242798354
0.6018518518518519
0.6316872427983539
0.5709876543209876
0.7417695473251029
0.720164609053498
0.668724279835391
0.5637860082304527
0.6409465020576132
0.7109053497942387
0.4002057613168724
0.6409465020576132
0.6347736625514403
0.6882716049382716
0.6286008230452675
0.5843621399176955
0.5864197530864198
0.5864197530864198
0.5308641975308642
0.5257201646090535
0.6141975308641975
0.6388888888888888
0.6604938271604939
0.5761316872427984
0.404320987654321
