0.15432098765432098
0.5493827160493827
0.5277777777777778
0.7294238683127572
0.7037037037037037
0.698559670781893
0.684156378600823
0.7047325102880658
0.5689300411522634
0.6327160493827161
0.6296296296296297
0.5833333333333334
0.5905349794238683
0.5277777777777778
0.6183127572016461
0.5843621399176955
0.5113168724279835
0.6255144032921811
0.551440329218107
0.49176954732510286
0.5946502057613169
0.5061728395061729
0.5771604938271605
0.684156378600823
0.7541152263374485
0.6234567901234568
0.7067901234567902
0.8137860082304527
0.7623456790123457
0.8045267489711934
0.7633744855967078
0.7510288065843621
0.7314814814814815
0.6594650205761317
0.7139917695473251
0.7006172839506173
0.6903292181069959
0.6213991769547325
0.6790123456790124
0.6944444444444444
0.5524691358024691
0.6903292181069959
0.684156378600823
0.7119341563786008
0.7417695473251029
0.6625514403292181
0.7448559670781894
0.6790123456790124
0.6872427983539094
0.6152263374485597
0.565843621399177
0.5329218106995884
0.5709876543209876
0.5308641975308642
0.6337448559670782
0.6327160493827161
0.6450617283950617
0.6862139917695473
0.588477366255144
0.4722222222222222
0.5751028806584362
0.727366255144033
0.7458847736625515
