0.09773662551440329
0.39711934156378603
0.5360082304526749
0.602880658436214
0.6594650205761317
0.6008230452674898
0.8076131687242798
0.73559670781893
0.6347736625514403
0.742798353909465
0.7314814814814815
0.6563786008230452
0.5668724279835391
0.5174897119341564
0.691358024691358
0.5185185185185185
0.7746913580246914
0.7479423868312757
0.6759259259259259
0.7983539094650206
0.7520576131687243
0.676954732510288
0.7335390946502057
0.6039094650205762
0.6337448559670782
0.6563786008230452
0.5390946502057613
0.684156378600823
0.6358024691358025
0.8127572016460906
0.7489711934156379
0.6172839506172839
0.7253086419753086
0.7129629629629629
0.7448559670781894
0.6759259259259259
0.6625514403292181
0.7376543209876543
0.6481481481481481
0.6759259259259259
0.7026748971193416
0.676954732510288
0.5936213991769548
0.6759259259259259
0.5740740740740741
0.6522633744855967
0.7469135802469136
0.7602880658436214
0.7942386831275721
0.7458847736625515
0.5648148148148148
0.720164609053498
0.647119341563786
0.5504115226337448
0.6244855967078189
0.558641975308642
0.6502057613168725
0.6244855967078189
0.49794238683127573
0.522633744855967
0.6903292181069959
0.7561728395061729
0.7664609053497943
0.5853909465020576
0.691358024691358
0.7160493827160493
0.6090534979423868
0.5637860082304527
0.6049382716049383
0.41975308641975306
0.5843621399176955
0.6491769547325102
0.5915637860082305
0.7006172839506173
