0.15020576131687244
0.5977366255144033
0.6522633744855967
0.5483539094650206
0.6018518518518519
0.5668724279835391
0.5308641975308642
0.6923868312757202
0.7006172839506173
0.691358024691358
0.5267489711934157
0.6440329218106996
0.565843621399177
0.5987654320987654
0.7150205761316872
0.7818930041152263
0.7541152263374485
0.8055555555555556
0.7304526748971193
0.7191358024691358
0.7078189300411523
0.6409465020576132
0.7541152263374485
0.75
0.5339506172839507
0.6831275720164609
0.6522633744855967
0.6975308641975309
0.6646090534979424
0.6358024691358025
0.6090534979423868
0.5041152263374485
0.6820987654320988
0.492798353909465
0.5709876543209876
0.5946502057613169
0.6316872427983539
0.6872427983539094
0.551440329218107
0.6419753086419753
0.5493827160493827
0.7109053497942387
0.6728395061728395
0.6635802469135802
0.7407407407407407
0.6872427983539094
0.5555555555555556
0.588477366255144
0.6893004115226338
0.668724279835391
0.5421810699588477
0.6430041152263375
0.5771604938271605
0.6512345679012346
0.6656378600823045
0.6975308641975309
0.7469135802469136
0.7386831275720165
0.7952674897119342
0.6862139917695473
0.6563786008230452
0.7458847736625515
0.6779835390946503
0.7911522633744856
0.6831275720164609
0.7211934156378601
0.6944444444444444
0.7551440329218106
0.6738683127572016
0.5936213991769548
0.5699588477366255
0.6316872427983539
0.6790123456790124
0.6224279835390947
