2
2
2
2
2
0.34600632386211455
2
0.4458052902267615
2
2
2
0.3361590277391822
0.23940473938760762
2
2
2
0.3716046042778984
0.3722151940949919
2
2
0.2749230746871207
0.42364913023676776
0.33178104205290804
0.3374433236220108
2
2
2
2
2
2
2
2
2
2
2
2
2
2
2
2
2
0.4332303423218299
2
0.37075333247052683
0.41310547640012535
2
2
0.4768124944392477
2
2
2
2
2
0.4512719563922329
2
0.41457130465842357
0.2869940681877856
0.43926202218725513
0.3779424108429588
0.29207800423115576
0.4313757299742077
0.2520881229733356
2
