2
2
0.409696991959942
2
0.317859952552958
2
2
0.34716972224809184
2
0.3083990894277949
2
2
0.36924868696369395
2
2
2
0.3293041916874781
0.4036930770850542
2
2
2
2
2
2
2
2
2
0.3034739762237381
0.4340782443966432
2
2
2
2
2
2
2
0.29474764847231877
2
2
2
2
0.2650309610913702
2
2
2
0.37516315014521334
2
0.2717068553628641
2
0.3103911506358791
0.3723862256868123
0.3461386967198612
0.4029709032556265
2
0.31493496971917295
2
0.3811742668667355
0.38958965170135135
2
2
0.4428448309566202
2
2
2
0.4794020183006303
2
2
0.3332072262717015
0.38728983276011364
2
0.32957823023852784
2
0.27350711946377443
2
