2
0.4245554746922045
0.4461198414632778
2
0.4155186373070674
0.32633691919342916
0.48533634372575507
2
2
0.23633162376206582
2
2
0.46441706536329946
2
0.3151015938897289
2
2
2
2
2
0.19908676931738337
0.3447452624577293
2
0.30271369235056833
2
2
2
0.3597961402856188
0.3166811863118047
0.297504868305453
2
0.34676307017850144
0.28433056376591764
2
0.3048325428552663
2
0.4275041718490963
0.3277781529866548
0.34393243338900137
2
2
2
2
2
0.421106161996947
2
0.48959364608444417
0.298933545443525
0.4337306469331982
0.2825891904557899
0.4052737105874151
0.4188990065738723
2
0.5150642647842558
0.40357447238287913
2
0.42702250260073404
2
2
2
2
2
2
0.33358463562531065
2
0.30627042854514974
2
0.3115546590005477
0.36297385019765244
2
0.33947423037282026
0.29805045820118714
2
0.29486251336034747
