# ../../src/prob2kcalPerMol.py --suffix freeEnergyLandscapes/10110 --dat_file ../../data/auxCoords/meanclusdipc/10110.dat
# # column 0: midpoint of bin
# # column 1: delG of the bin in kcal per mol
5.000000000000000000e+00	inf
1.500000000000000000e+01	inf
2.500000000000000000e+01	inf
3.500000000000000000e+01	1.205677520332283370e+00
4.500000000000000000e+01	0.000000000000000000e+00
5.500000000000000000e+01	4.274111039700695391e-01
6.500000000000000000e+01	1.414967263398766661e+00
7.500000000000000000e+01	1.519297940163006677e+00
8.500000000000000000e+01	1.276020612484713102e+00
9.500000000000000000e+01	8.154183891727534439e-01
1.050000000000000000e+02	7.202873138748885351e-01
1.150000000000000000e+02	7.778623676372835583e-01
1.250000000000000000e+02	9.893228543447247780e-01
1.350000000000000000e+02	1.038868766073456351e+00
1.450000000000000000e+02	1.709852169788270038e+00
1.550000000000000000e+02	2.032104753954237175e+00
1.650000000000000000e+02	2.544859267023046989e+00
1.750000000000000000e+02	4.337599982912670349e+00
1.850000000000000000e+02	3.690893939976060079e+00
1.950000000000000000e+02	4.568065342472145574e+00
2.050000000000000000e+02	inf
2.150000000000000000e+02	inf
2.250000000000000000e+02	inf
2.350000000000000000e+02	inf
2.450000000000000000e+02	inf
2.550000000000000000e+02	inf
2.650000000000000000e+02	inf
2.750000000000000000e+02	inf
2.850000000000000000e+02	inf
2.950000000000000000e+02	inf
3.050000000000000000e+02	inf
3.150000000000000000e+02	inf
3.250000000000000000e+02	inf
3.350000000000000000e+02	inf
3.450000000000000000e+02	inf
3.550000000000000000e+02	inf
3.650000000000000000e+02	inf
3.750000000000000000e+02	inf
3.850000000000000000e+02	inf
3.950000000000000000e+02	inf
4.050000000000000000e+02	inf
4.150000000000000000e+02	inf
4.250000000000000000e+02	inf
4.350000000000000000e+02	inf
4.450000000000000000e+02	inf
4.550000000000000000e+02	inf
4.650000000000000000e+02	inf
4.750000000000000000e+02	inf
4.850000000000000000e+02	inf
4.950000000000000000e+02	inf
5.050000000000000000e+02	inf
5.150000000000000000e+02	inf
5.250000000000000000e+02	inf
5.350000000000000000e+02	inf
5.450000000000000000e+02	inf
5.550000000000000000e+02	inf
5.650000000000000000e+02	inf
5.750000000000000000e+02	inf
5.850000000000000000e+02	inf
5.950000000000000000e+02	inf
6.050000000000000000e+02	inf
6.150000000000000000e+02	inf
6.250000000000000000e+02	inf
6.350000000000000000e+02	inf
6.450000000000000000e+02	inf
6.550000000000000000e+02	inf
6.650000000000000000e+02	inf
6.750000000000000000e+02	inf
6.850000000000000000e+02	inf
6.950000000000000000e+02	inf
7.050000000000000000e+02	inf
7.150000000000000000e+02	inf
7.250000000000000000e+02	inf
7.350000000000000000e+02	inf
7.450000000000000000e+02	inf
7.550000000000000000e+02	inf
7.650000000000000000e+02	inf
7.750000000000000000e+02	inf
7.850000000000000000e+02	inf
7.950000000000000000e+02	inf
