25.5
53.5
88.0
54.5
70.0
74.5
33.333333333333336
49.0
64.0
36.5
40.666666666666664
71.5
51.333333333333336
63.0
64.5
58.0
48.333333333333336
81.0
49.0
46.0
39.333333333333336
85.5
77.5
75.5
47.666666666666664
32.5
69.0
53.666666666666664
58.0
72.0
71.0
70.5
60.0
68.5
81.0
75.0
82.0
84.5
65.5
65.5
68.5
69.0
73.0
62.5
70.0
46.333333333333336
34.333333333333336
52.333333333333336
70.5
76.5
71.0
39.333333333333336
61.0
64.5
59.0
49.666666666666664
72.0
68.5
35.75
21.0
38.666666666666664
74.5
44.0
63.5
76.5
30.0
45.5
42.5
49.666666666666664
73.0
48.0
73.0
58.0
56.0
43.5
28.666666666666668
76.5
76.0
52.333333333333336
77.5
59.5
31.75
71.0
61.0
52.0
85.5
71.5
51.5
68.5
81.0
57.5
50.0
43.666666666666664
57.5
50.5
37.0
31.666666666666668
77.5
27.0
71.5
76.5
57.0
64.5
61.5
68.0
64.5
37.5
59.5
79.0
44.0
44.333333333333336
45.0
81.5
69.0
68.5
59.0
64.5
55.5
52.5
68.0
38.0
79.0
53.5
42.0
55.0
72.5
50.0
53.0
65.5
55.666666666666664
