54.0
73.0
69.5
64.0
50.0
55.0
73.0
65.5
59.0
45.666666666666664
58.5
74.0
77.5
74.0
55.0
80.0
76.0
71.0
74.5
70.0
48.666666666666664
69.0
55.333333333333336
64.0
71.5
59.0
58.5
69.0
60.0
56.5
50.666666666666664
79.5
84.0
41.666666666666664
65.0
68.5
18.333333333333332
62.5
46.0
67.5
77.0
55.0
39.333333333333336
49.333333333333336
61.5
77.5
70.0
65.5
44.0
62.5
56.5
59.0
45.5
45.5
31.0
64.0
45.0
68.0
78.5
50.5
50.0
30.333333333333332
50.5
62.5
69.5
77.5
70.5
76.0
58.0
71.0
49.5
51.0
69.0
63.0
42.0
73.0
53.0
61.0
47.0
65.0
39.0
57.5
54.0
76.0
60.0
50.0
71.5
73.5
66.0
62.0
69.0
53.0
60.5
78.0
79.0
41.5
36.0
48.666666666666664
66.0
72.5
49.666666666666664
80.5
72.0
64.0
75.0
44.333333333333336
49.666666666666664
67.5
58.0
82.5
57.5
63.0
28.666666666666668
