28.0
74.5
53.666666666666664
76.0
54.5
60.0
78.0
63.5
70.5
60.5
58.5
56.5
73.0
61.0
64.0
66.5
69.5
75.0
59.0
65.0
61.5
60.0
60.5
45.5
58.5
60.0
66.5
77.5
69.5
73.5
49.0
57.0
76.0
67.0
72.0
80.5
37.0
41.666666666666664
63.0
38.666666666666664
44.0
76.5
76.5
60.5
37.75
50.0
75.0
58.0
51.5
25.666666666666668
39.5
42.5
48.666666666666664
43.0
75.0
66.5
76.5
78.0
63.5
80.0
45.0
68.0
47.0
72.0
79.0
65.0
63.5
70.0
70.0
52.666666666666664
37.75
64.0
21.5
38.5
57.0
43.5
43.5
71.5
60.5
64.0
74.5
36.5
42.0
44.333333333333336
63.0
57.5
61.0
37.666666666666664
73.0
70.0
67.5
61.0
68.0
54.5
36.5
63.5
54.5
33.0
68.0
88.0
69.5
47.666666666666664
61.5
55.5
81.5
70.0
65.5
31.333333333333332
70.0
54.5
70.0
25.666666666666668
54.0
52.5
66.0
85.0
70.5
69.5
74.5
78.0
67.0
76.0
61.0
40.0
67.5
64.5
47.0
53.5
