0.05555555555555555
0.09027777777777778
0.10069444444444445
0.0798611111111111
0.11458333333333333
0.18055555555555555
0.2048611111111111
0.22916666666666666
0.3333333333333333
0.16319444444444445
0.2743055555555556
0.2951388888888889
0.22916666666666666
0.14583333333333334
0.2638888888888889
0.1736111111111111
0.125
0.2604166666666667
0.28125
0.14930555555555555
0.15625
0.2881944444444444
0.2013888888888889
0.2326388888888889
0.14583333333333334
0.22569444444444445
0.2777777777777778
0.22569444444444445
0.2013888888888889
0.1875
0.1875
0.041666666666666664
0.22569444444444445
0.1423611111111111
0.2916666666666667
0.14583333333333334
0.23958333333333334
0.12152777777777778
0.1597222222222222
0.1284722222222222
0.15625
0.1701388888888889
0.08333333333333333
0.1527777777777778
0.17708333333333334
0.03819444444444445
