0.10069444444444445
0.2013888888888889
0.1388888888888889
0.17708333333333334
0.17708333333333334
0.2222222222222222
0.3611111111111111
0.19791666666666666
0.1423611111111111
0.20833333333333334
0.25
0.15625
0.13194444444444445
0.0798611111111111
0.1909722222222222
0.2604166666666667
0.2638888888888889
0.2534722222222222
0.2465277777777778
0.3611111111111111
0.3263888888888889
0.24305555555555555
0.2326388888888889
0.3125
0.2569444444444444
0.2847222222222222
0.20833333333333334
0.2048611111111111
0.1701388888888889
0.2986111111111111
0.3333333333333333
0.3125
0.2777777777777778
0.2777777777777778
0.2708333333333333
0.2048611111111111
0.15625
0.21180555555555555
0.2569444444444444
0.2222222222222222
0.2604166666666667
0.20833333333333334
0.2881944444444444
0.24305555555555555
0.14583333333333334
0.11805555555555555
0.2708333333333333
0.21180555555555555
0.2916666666666667
0.22569444444444445
0.08680555555555555
0.14930555555555555
0.13194444444444445
0.14930555555555555
0.17708333333333334
0.1527777777777778
0.16666666666666666
0.1423611111111111
0.14930555555555555
0.23958333333333334
0.21875
0.19791666666666666
0.2152777777777778
0.16319444444444445
0.1840277777777778
0.2986111111111111
0.16319444444444445
0.12152777777777778
0.09722222222222222
0.07291666666666667
0.10069444444444445
0.15625
0.10416666666666667
0.1875
