0.041666666666666664
0.19444444444444445
0.19444444444444445
0.1527777777777778
0.13541666666666666
0.1527777777777778
0.1909722222222222
0.2361111111111111
0.23958333333333334
0.2638888888888889
0.1597222222222222
0.23958333333333334
0.16319444444444445
0.18055555555555555
0.21875
0.3576388888888889
0.1875
0.3125
0.22569444444444445
0.2777777777777778
0.19791666666666666
0.23958333333333334
0.2013888888888889
0.18055555555555555
0.2465277777777778
0.2326388888888889
0.18055555555555555
0.21875
0.1597222222222222
0.1840277777777778
0.1597222222222222
0.09722222222222222
0.18055555555555555
0.19791666666666666
0.1423611111111111
0.2465277777777778
0.2013888888888889
0.21875
0.17708333333333334
0.2152777777777778
0.15625
0.2361111111111111
0.19444444444444445
0.22916666666666666
0.23958333333333334
0.1597222222222222
0.10069444444444445
0.18055555555555555
0.2777777777777778
0.19791666666666666
0.125
0.16319444444444445
0.22569444444444445
0.21180555555555555
0.16666666666666666
0.21180555555555555
0.1736111111111111
0.2708333333333333
0.2604166666666667
0.21875
0.2048611111111111
0.23958333333333334
0.2708333333333333
0.2673611111111111
0.22569444444444445
0.1875
0.19444444444444445
0.125
0.09375
0.08680555555555555
0.1076388888888889
0.09722222222222222
0.1701388888888889
0.14930555555555555
