0.0024154589371980675
0.11835748792270531
0.12439613526570048
0.23429951690821257
0.22946859903381642
0.15096618357487923
0.17149758454106281
0.19444444444444445
0.1316425120772947
0.12681159420289856
0.14009661835748793
0.16183574879227053
0.1570048309178744
0.18478260869565216
0.21497584541062803
0.13526570048309178
0.1497584541062802
0.2427536231884058
0.21497584541062803
0.23550724637681159
0.3176328502415459
0.30676328502415456
0.28502415458937197
0.3140096618357488
0.2427536231884058
0.2741545893719807
0.322463768115942
0.2717391304347826
0.26207729468599034
0.28381642512077293
0.3031400966183575
0.2608695652173913
0.2971014492753623
0.25
0.2717391304347826
0.28019323671497587
0.286231884057971
0.3357487922705314
0.31280193236714976
0.25
0.286231884057971
0.3055555555555556
0.2971014492753623
0.3333333333333333
0.3248792270531401
0.18840579710144928
0.1461352657004831
0.1388888888888889
0.2644927536231884
0.2693236714975845
0.17753623188405798
0.1678743961352657
0.14855072463768115
0.2318840579710145
0.17753623188405798
0.17270531400966183
0.20048309178743962
0.20048309178743962
0.1932367149758454
0.19202898550724637
0.24033816425120774
0.23067632850241546
0.22705314009661837
0.2222222222222222
0.21859903381642512
0.2693236714975845
0.3055555555555556
0.24758454106280192
0.3176328502415459
0.29589371980676327
0.1956521739130435
0.1932367149758454
0.23671497584541062
0.2246376811594203
0.20169082125603865
0.23550724637681159
0.20652173913043478
0.20531400966183574
0.20893719806763286
0.22826086956521738
0.22342995169082125
0.25120772946859904
0.23792270531400966
0.18115942028985507
0.19082125603864733
0.24758454106280192
0.2427536231884058
0.2391304347826087
0.28743961352657005
0.213768115942029
0.30193236714975846
0.3164251207729469
0.29589371980676327
0.28502415458937197
0.24154589371980675
0.21859903381642512
0.2644927536231884
0.2608695652173913
0.19444444444444445
0.27898550724637683
0.26207729468599034
0.213768115942029
0.2246376811594203
0.19806763285024154
0.21980676328502416
0.25
0.2644927536231884
0.25
0.3007246376811594
0.2777777777777778
0.24516908212560387
0.21859903381642512
0.2222222222222222
0.2463768115942029
0.2741545893719807
0.30434782608695654
0.24396135265700483
0.3031400966183575
0.2391304347826087
0.23550724637681159
