0.020531400966183576
0.10869565217391304
0.17149758454106281
0.22342995169082125
0.21256038647342995
0.1859903381642512
0.21014492753623187
0.22946859903381642
0.25966183574879226
0.2210144927536232
0.2210144927536232
0.2560386473429952
0.2210144927536232
0.2777777777777778
0.28140096618357485
0.34782608695652173
0.27294685990338163
0.2427536231884058
0.3079710144927536
0.2717391304347826
0.30434782608695654
0.27898550724637683
0.27898550724637683
0.23429951690821257
0.2608695652173913
0.2318840579710145
0.15821256038647344
0.24154589371980675
0.20772946859903382
0.22826086956521738
0.2741545893719807
0.30917874396135264
0.2536231884057971
0.25483091787439616
0.28381642512077293
0.20772946859903382
0.2669082125603865
0.19082125603864733
0.2222222222222222
0.18961352657004832
0.2391304347826087
0.2041062801932367
0.23792270531400966
0.31521739130434784
0.3079710144927536
0.3079710144927536
0.2741545893719807
0.29347826086956524
0.27898550724637683
0.2632850241545894
0.2995169082125604
0.25483091787439616
0.27053140096618356
0.30434782608695654
0.2318840579710145
0.24154589371980675
0.28502415458937197
0.30193236714975846
0.3417874396135266
0.2946859903381642
0.2826086956521739
0.26207729468599034
0.2427536231884058
0.27053140096618356
0.27657004830917875
0.28140096618357485
0.22946859903381642
0.1932367149758454
0.23429951690821257
0.17028985507246377
0.17270531400966183
0.23671497584541062
0.2113526570048309
0.26570048309178745
0.23792270531400966
0.2777777777777778
0.2524154589371981
0.23671497584541062
0.27053140096618356
0.29347826086956524
0.21497584541062803
0.22705314009661837
0.19444444444444445
0.2572463768115942
0.2222222222222222
0.17028985507246377
0.213768115942029
0.2669082125603865
0.2886473429951691
0.26207729468599034
0.28381642512077293
0.28140096618357485
0.2608695652173913
0.25120772946859904
0.21014492753623187
0.25120772946859904
0.21014492753623187
0.20169082125603865
0.2318840579710145
0.2463768115942029
0.19444444444444445
0.1859903381642512
0.26570048309178745
0.2246376811594203
0.178743961352657
0.19444444444444445
