0.010869565217391304
0.10869565217391304
0.17632850241545894
0.17753623188405798
0.15942028985507245
0.24879227053140096
0.28381642512077293
0.3140096618357488
0.22584541062801933
0.28019323671497587
0.2826086956521739
0.2210144927536232
0.2391304347826087
0.27053140096618356
0.30434782608695654
0.30434782608695654
0.2741545893719807
0.24879227053140096
0.2391304347826087
0.2995169082125604
0.2898550724637681
0.21980676328502416
0.26207729468599034
0.2971014492753623
0.2898550724637681
0.3248792270531401
0.34903381642512077
0.3647342995169082
0.3176328502415459
0.36231884057971014
0.35628019323671495
0.3164251207729469
0.3176328502415459
0.3756038647342995
0.3466183574879227
0.357487922705314
0.30193236714975846
0.3272946859903382
0.3176328502415459
0.3538647342995169
0.39492753623188404
0.357487922705314
0.3828502415458937
0.3864734299516908
0.35990338164251207
0.4166666666666667
0.4033816425120773
0.3417874396135266
0.34541062801932365
0.34299516908212563
0.31521739130434784
0.24154589371980675
0.3007246376811594
0.25966183574879226
0.3272946859903382
0.28019323671497587
0.3393719806763285
0.27898550724637683
0.29347826086956524
0.3115942028985507
0.2608695652173913
0.25
0.25120772946859904
0.2584541062801932
0.28140096618357485
0.33816425120772947
0.3248792270531401
0.36835748792270534
0.3031400966183575
0.29830917874396135
0.24154589371980675
0.20169082125603865
0.2246376811594203
0.23429951690821257
0.2536231884057971
0.22584541062801933
0.22826086956521738
0.27898550724637683
0.21859903381642512
0.25483091787439616
0.17995169082125603
0.2524154589371981
0.21256038647342995
0.24154589371980675
0.24154589371980675
0.21980676328502416
0.16666666666666666
0.2222222222222222
0.2632850241545894
0.24396135265700483
0.22946859903381642
0.2536231884057971
0.30193236714975846
0.321256038647343
0.30676328502415456
0.27294685990338163
0.28743961352657005
0.26811594202898553
0.2113526570048309
0.213768115942029
0.20169082125603865
0.23792270531400966
0.2632850241545894
0.23792270531400966
0.1823671497584541
0.23067632850241546
0.21014492753623187
0.13647342995169082
0.14855072463768115
0.24154589371980675
0.2222222222222222
0.2536231884057971
0.2560386473429952
0.2210144927536232
