0.5
2.0
5.5
0.5
3.5
0.0
0.0
1.5
2.0
1.5
2.5
1.5
0.0
0.5
4.0
3.0
5.0
0.0
8.5
1.0
5.0
5.0
0.5
8.0
0.0
2.5
4.5
3.0
7.5
8.0
6.0
2.5
10.5
1.0
1.5
1.5
1.0
10.5
5.5
9.0
0.5
11.0
9.5
4.5
2.0
0.0
2.0
8.0
4.5
0.0
0.5
1.0
1.0
1.5
1.0
8.5
5.0
3.5
0.5
2.5
5.5
5.312459150169743
8.5
4.5
5.0
3.0
0.816496580927726
3.5
0.0
6.0
4.0
5.0
4.5
1.0
3.5
5.5
11.5
2.5
1.5
1.0
2.5
2.0
2.5
4.0
4.0
2.5
7.0
5.0
0.5
2.0
1.5
6.5
1.5
2.6246692913372702
4.0
2.5
5.5
7.5
10.5
1.5
2.0
4.5
0.0
3.0
5.0
12.5
4.5
2.5
5.0
1.0
6.5
0.5
1.5
3.0
3.0
2.5
0.0
0.0
5.5
3.5
5.0
