0.0
7.788880963698615
7.363574011458175
6.0
21.97157254271983
18.62495339293199
15.732132722552274
18.511820547963403
36.5
1.5
10.208928554075703
25.5
2.160246899469287
4.242640687119285
7.5
10.708252269472673
23.0
8.602325267042627
14.0
14.0
12.569805089976535
2.3570226039551585
5.734883511361751
12.229290885229428
25.35128201886445
15.5
9.17877987534291
13.5
8.5
6.0
32.27313984655902
38.19249489974001
21.5
1.0
8.0
14.522013940527977
17.594190960528863
7.399324293474371
14.514360704718161
12.577261228105266
10.677078252031311
17.249798710580816
13.5
8.5
29.93697082575694
20.607442021431645
13.0
2.6246692913372702
34.0
9.5
15.297058540778355
8.5
8.9566858950296
12.0
8.0
14.0
7.0
19.8158185969358
27.5
16.0
3.7416573867739413
31.98263417682929
10.5
