0.0
6.0
4.968651728587948
17.5
19.5
8.5
23.697163449568293
12.98075498574717
9.41629792788369
33.67491648096547
11.0
23.21398046197353
11.2644968324772
32.5
25.42090128658349
12.0
12.5
4.0
7.0
4.0
32.79100486413919
31.626290048347787
7.5
48.5
20.5
9.013878188659973
0.5
17.21110752456745
29.743346594938952
27.010286106510527
13.960261060914616
40.5
18.5
9.392668535736913
32.013885876114585
11.323525167642018
20.314198646923455
12.657891697365017
16.0
20.0
14.337208778404378
18.83849486792639
21.0
30.070288030250428
11.897712198383164
12.027745701779143
17.5
8.5
33.209770985191824
7.0
26.5
12.657891697365017
5.2493385826745405
14.0
3.559026084010437
2.5
19.0
2.0548046676563256
11.5
3.0
34.42221504913489
29.555973263547855
6.0
9.092121131323903
10.5
15.75396775418815
5.734883511361751
3.0
10.98483803552272
3.0
8.178562764256865
11.08552609887726
17.107503227141788
22.0
