0.0
13.5
8.660254037844387
7.0
8.498365855987974
24.0
10.198039027185569
2.5
6.5
0.5
19.5
16.539514973407037
29.0
12.5
13.0
26.71246067953223
1.5
9.5
3.5
8.5
8.5
10.0
15.5
3.0
47.0
11.897712198383164
14.884742374510738
9.568466729604882
6.0
11.55662388223981
25.927248643506744
10.0
41.0
22.60285134421958
16.0
6.0
28.5
16.0
13.0
5.0
4.027681991198191
5.5
19.0
9.0
11.554220008291344
27.0
45.0
26.0
10.88577052853862
13.0
35.5
19.0
20.75786330258702
11.412274094149685
6.887670143089026
14.165686240583852
10.0
9.0
9.5
1.0
15.5
1.5
0.5
4.0
13.5
5.0
16.5
5.0
6.5
15.937377450509228
12.5
35.0
27.0
2.5
