27.0
36.25
33.75
32.0
34.2
36.666666666666664
29.0
32.666666666666664
45.6
72.5
51.0
34.0
35.0
27.166666666666668
26.8
26.25
31.6
45.0
38.5
37.0
37.5
45.5
24.6
29.5
30.25
53.75
52.0
49.333333333333336
33.666666666666664
38.666666666666664
39.8
23.0
26.75
55.0
51.666666666666664
27.5
32.0
22.5
43.333333333333336
22.333333333333332
40.6
36.666666666666664
49.666666666666664
31.333333333333332
26.0
28.0
26.0
38.0
39.5
37.25
39.75
25.5
69.5
54.25
20.666666666666668
18.666666666666668
38.0
43.25
38.75
31.8
31.0
27.333333333333332
28.0
33.333333333333336
34.666666666666664
44.5
27.5
53.666666666666664
40.333333333333336
23.333333333333332
42.333333333333336
38.5
25.5
33.75
27.0
50.666666666666664
24.666666666666668
33.75
19.5
45.5
49.5
37.0
41.666666666666664
23.666666666666668
36.5
43.5
37.0
37.0
58.666666666666664
58.0
23.0
44.0
34.2
35.5
34.333333333333336
25.0
34.0
46.25
45.0
35.75
57.5
57.333333333333336
50.666666666666664
35.333333333333336
54.0
31.333333333333332
25.25
19.5
37.0
78.5
30.0
26.666666666666668
40.333333333333336
11.5
46.0
35.666666666666664
35.0
38.2
