31.333333333333332
32.0
41.75
51.0
25.75
36.0
24.75
69.0
32.0
41.333333333333336
35.0
16.0
39.75
50.25
26.333333333333332
37.0
40.5
59.666666666666664
45.5
49.0
54.333333333333336
28.25
45.0
24.0
28.666666666666668
43.333333333333336
33.666666666666664
37.0
44.666666666666664
43.75
59.5
21.0
26.5
30.0
45.0
35.5
34.0
11.5
41.0
55.666666666666664
34.0
25.666666666666668
37.333333333333336
34.0
27.0
38.25
52.75
36.0
15.5
41.0
29.0
31.0
34.25
34.285714285714285
32.0
31.333333333333332
38.666666666666664
57.0
38.5
38.25
44.333333333333336
40.5
40.25
43.0
44.0
11.5
12.5
51.0
43.5
19.333333333333332
41.0
32.2
41.0
54.666666666666664
46.25
27.0
47.75
31.25
37.0
41.0
40.0
29.333333333333332
55.333333333333336
61.5
11.5
37.25
50.0
45.0
37.5
40.0
25.0
34.75
23.0
49.0
49.0
56.5
39.0
29.5
38.25
26.75
33.0
26.0
44.333333333333336
42.5
41.666666666666664
44.666666666666664
29.8
