27.8
31.6
37.333333333333336
46.666666666666664
23.0
16.0
47.333333333333336
16.0
30.75
71.0
25.2
28.5
33.6
43.666666666666664
28.333333333333332
17.0
23.25
27.75
32.5
39.666666666666664
25.333333333333332
41.25
66.0
23.0
33.333333333333336
37.333333333333336
28.666666666666668
11.5
27.666666666666668
56.0
36.5
57.0
32.0
43.666666666666664
29.25
35.5
26.25
40.0
39.333333333333336
42.666666666666664
47.666666666666664
32.0
32.0
85.0
22.333333333333332
55.0
44.666666666666664
44.5
49.666666666666664
48.0
33.333333333333336
28.0
32.0
45.75
55.666666666666664
31.4
50.0
20.5
35.0
45.333333333333336
23.5
21.0
16.0
32.0
30.5
33.25
16.0
56.666666666666664
52.0
29.0
0.0
23.0
33.25
19.333333333333332
60.0
28.5
23.666666666666668
33.0
30.8
38.5
34.0
34.25
40.666666666666664
47.0
39.25
21.0
57.0
25.666666666666668
54.0
39.75
35.0
24.666666666666668
33.666666666666664
45.0
51.0
37.333333333333336
30.0
25.25
49.0
26.0
33.666666666666664
39.0
31.8
60.0
23.333333333333332
18.5
38.5
35.75
31.0
26.0
48.333333333333336
59.333333333333336
36.333333333333336
43.333333333333336
59.666666666666664
16.0
51.0
36.0
50.0
