42.5
27.333333333333332
80.0
38.25
28.5
41.0
41.0
44.0
31.5
42.333333333333336
50.666666666666664
63.5
37.333333333333336
36.0
44.0
29.0
54.0
24.666666666666668
34.0
43.5
48.0
49.5
52.5
22.0
20.666666666666668
37.75
24.0
64.25
18.0
15.5
27.0
23.0
37.0
42.666666666666664
35.5
28.75
31.666666666666668
31.5
55.333333333333336
32.333333333333336
38.25
35.333333333333336
38.75
42.5
40.0
54.0
45.666666666666664
39.2
48.5
44.75
29.5
39.666666666666664
11.5
40.666666666666664
49.0
16.666666666666668
29.333333333333332
47.5
41.0
58.5
36.0
39.5
47.5
32.333333333333336
38.666666666666664
38.25
31.666666666666668
26.4
23.333333333333332
25.25
46.0
55.333333333333336
23.666666666666668
47.333333333333336
37.0
27.0
38.0
26.5
32.666666666666664
40.333333333333336
22.5
74.0
15.333333333333334
55.75
65.0
62.5
28.333333333333332
30.0
56.5
43.666666666666664
28.666666666666668
47.0
34.25
34.333333333333336
40.2
45.25
13.0
39.6
28.0
54.333333333333336
33.25
33.5
58.0
29.0
41.0
60.0
34.0
41.0
30.5
31.5
53.5
17.5
67.5
65.66666666666667
17.333333333333332
23.5
