6.278711828251255
1.6393596310755
6.726812023536855
1.355261854357877
1.166596222161777
2.484519974999766
1.8138357147217055
0.8329931278350429
2.8087165910587863
0.4841229182759271
1.3093073414159542
1.872477727372524
1.2133516482134197
2.0
0.7820295697311479
0.7820295697311479
3.0724582991474434
0.8660254037844386
1.124858267715973
0.0
1.314684396244359
1.2000000000000002
1.6583123951777
2.0615528128088303
0.5994789404140899
2.4411439272335804
1.3111095547141778
1.0671873729054748
1.8547236990991407
0.4
0.33071891388307384
1.0285189544531599
1.6000000000000003
2.5860201081971503
3.658928135675913
2.1081851067789192
6.241794613730894
1.6393596310755
2.8974232912011777
0.989743318610787
2.160246899469287
0.8813963377120597
2.8034576865007255
2.315167380558045
2.181742422927143
2.280350850198276
2.692582403567252
1.9720265943665387
1.594744454934147
0.7284313590846835
1.5634719199411433
1.498298354528788
0.34992710611188266
1.0
2.0548046676563256
0.8660254037844386
0.9938079899999066
2.758622844826744
0.816496580927726
1.4907119849998596
0.4898979485566356
1.0897247358851685
0.8569568250501305
1.9075871903766
3.8586123009300755
0.6226998490772391
1.9720265943665387
1.0540925533894598
