2.4576411454889016
0.0
2.5495097567963922
0.7453559924999299
4.763139720814412
0.7483314773547883
0.4714045207910317
0.4714045207910317
0.880630571852711
4.412734098291242
1.6
1.907878402833891
2.6152449546532934
1.8929694486000912
1.8516401995451028
2.3685438564654024
1.9324531042175384
1.165922381636102
0.880630571852711
1.8294640678379568
1.8633899812498245
3.874274125562103
2.662705391138869
0.4714045207910317
1.6413036132965795
4.349329450233296
4.430874976934521
2.4
1.32664991614216
3.3517719194479807
1.469693845669907
2.807899129360091
0.4714045207910317
2.6076809620810595
2.7386127875258306
1.118033988749895
2.4494897427831783
1.9166296949998196
0.0
2.1071307505705477
2.6427968139832467
2.140872096444188
0.4714045207910317
1.4866068747318506
1.3228756555322954
0.74535599249993
1.3564659966250538
1.594744454934147
1.3787046261911908
0.6324555320336759
1.8257418583505538
0.6666666666666666
0.8975274678557507
0.6614378277661477
1.2
1.7497795275581802
2.0
5.899623340142619
1.124858267715973
2.0615528128088303
0.4330127018922193
0.6871842709362768
2.249716535431946
1.3228756555322954
1.4431370787625042
0.7071067811865476
3.1036515689143473
1.979486637221574
2.4094720491334933
1.4982983545287878
1.699673171197595
2.6628760937957834
3.3823069050575523
2.718042512920064
0.8660254037844386
1.299038105676658
1.1354541815269814
0.7637626158259734
1.5275252316519468
1.0897247358851685
2.924988129130708
2.6246692913372707
1.8856180831641267
2.1
1.4826824027545535
0.9258200997725514
4.4748956812449485
1.7776388834631178
