2.1440472885433763
2.1469455046647083
0.74535599249993
2.140872096444188
1.5491933384829668
0.4330127018922193
0.7637626158259734
0.6666666666666666
0.6403124237432849
0.8
1.4000000000000001
1.0897247358851685
1.1110243021644486
0.7284313590846835
7.943679299690195
2.9059326290271157
1.192261549873091
3.034777840832814
2.307014098263549
1.299038105676658
1.7204650534085255
2.57240820062005
1.7950549357115015
0.4714045207910317
1.3437096247164249
1.1055415967851332
4.714045207910317
1.327898192433236
1.118033988749895
4.320493798938574
1.3552618543578767
4.737087712930804
2.6874192494328497
0.9897433186107869
1.5374122295716148
1.9324531042175384
1.6
0.0
0.47140452079103173
1.7349351572897473
1.0103629710818451
0.4330127018922193
1.3743685418725535
0.4330127018922193
1.713913650100261
2.0
1.0954451150103321
1.8294640678379568
1.2686114456365274
1.2000000000000002
1.0897247358851685
1.8586407545691703
1.0897247358851685
2.4155145919248038
0.7483314773547883
3.124099870362662
2.1487866228681907
2.384848003542364
1.4989708403591155
2.249716535431946
0.45175395145262565
0.8
2.179449471770337
1.6733200530681511
1.4142135623730951
1.8708286933869707
2.4629485789352845
0.4330127018922193
4.281744192888376
0.7071067811865476
0.8
1.5362291495737217
0.7284313590846835
0.74535599249993
2.6758176320519302
1.8257418583505538
0.6708203932499369
2.2607766610417563
1.6153559979150107
