2.8695600708122493
1.632993161855452
0.4714045207910317
1.257078722109418
0.34992710611188266
1.5986105077709065
0.8329931278350429
1.3850513878332367
3.3259176771323924
1.2583057392117916
2.1065374432940898
1.3787046261911908
0.6959705453537527
2.494438257849294
3.0413812651491097
0.816496580927726
1.0897247358851685
4.412734098291242
1.7320508075688772
2.726187588085622
4.06201920231798
0.9165151389911679
1.3564659966250536
0.3142696805273545
1.4390989949130544
0.4330127018922193
2.8196838978776713
0.7483314773547883
1.9324531042175384
0.82915619758885
1.3698697784375504
1.4740554623801778
1.286204100310025
3.6945906403822333
1.3787046261911908
1.118033988749895
0.9165151389911681
1.462494064565354
0.4
1.224744871391589
3.681787005729087
0.816496580927726
0.6998542122237652
1.8027756377319946
2.3570226039551585
3.07967124868873
1.0897247358851685
2.5968830649246724
1.1952286093343936
1.3169567191065923
1.6413036132965795
3.7416573867739413
3.1399641717701177
1.118033988749895
2.345207879911715
1.2000000000000002
1.7261494247992246
0.6959705453537527
1.3635890143294642
3.774917217635375
1.7496355305594131
2.8034576865007255
3.919183588453085
0.3499271061118826
2.4327694808466287
1.526623238522424
1.1248582677159729
0.7071067811865476
1.4316377952748747
1.224744871391589
1.984313483298443
1.7320508075688772
1.749635530559413
1.6401219466856725
0.8717797887081347
2.7397395568751004
2.270908363053963
2.341874249399399
