7.0
11.691342951089922
11.5
11.39473562659529
34.5
34.96982826507572
8.0
29.32954520994525
19.5
30.120590963658067
37.0
17.5
14.5
40.03123780249619
6.5
18.5
29.227080289043965
18.0
30.0
12.5
12.5
10.5
25.5
5.5
19.067132861433453
42.80186911806539
36.42648609032841
9.5
14.5
10.5
22.395436042987765
12.5
26.911377189252548
11.08552609887726
19.0
24.610719209320152
35.46202977207531
31.93048003954146
41.58792559812951
49.0
36.601741761834234
8.0
35.424410918022176
11.0
27.49545416973504
11.882234638316145
