5.0
20.0
13.0
6.5
21.0
5.436502143433363
8.5
18.991226044325487
30.0
2.0
27.5
20.886598574205422
28.331372481167705
8.0
27.0
3.5
22.090722034374522
14.221462653327892
7.5
32.0
26.261902063635834
11.575836902790225
20.704266871026046
38.30868772948971
7.0
2.5
9.5
0.0
16.0
9.0
6.5
5.0
6.0
15.0
2.0
15.5
0.5
18.5
21.5
6.0
29.0
25.468935326524086
16.0
30.944394574067136
30.539591789456953
45.5
2.5
34.101156708957674
13.5
8.0
21.5
16.0
13.5
36.2797770420688
20.0
31.11269837220809
9.41740410091868
20.11632835948615
36.935379004718804
21.400934559032695
16.57307052620807
26.411277052720408
7.5
