24.5
14.0
25.223445883190152
37.5
22.19609575278199
6.0
3.5
20.327014045353536
9.5
35.185224171518364
2.5
9.0
9.148087231765993
22.5
21.0
17.5
19.293061504650375
38.40138886377245
15.0
2.0
3.5
13.0
16.5
0.0
15.0
16.5
24.5
31.414787742222437
36.417334089993766
18.5
21.5
5.5
7.5
15.5
0.5
6.5
21.853044537445015
0.5
1.5
5.0
0.5
16.131404843417148
42.5
0.0
28.0
19.059118552545918
10.0
34.75949110994323
17.5
23.753362335093158
3.299831645537222
18.126224096595518
13.179055353097201
12.0
18.979521127315678
22.0
26.10661899893503
27.86076492528915
13.0
45.0
37.276742823851386
16.5
13.5
39.5
40.89824772122476
27.0
23.0
26.04269997949948
17.55448660599335
12.0
26.662499674428293
27.0
29.044027881055953
34.0
