12.5
27.535835237417842
41.96294661828324
21.5
38.615896985568
20.401524997465806
41.071752931776466
12.0
2.5
32.57683225852385
18.5
15.0
40.08601862107147
6.5
29.43920288775949
13.5
0.5
1.5
3.0
5.5
29.073183520213263
42.7733042393916
9.5
46.13265895460852
1.5
27.0
17.5
38.44476557348217
29.169999809545573
19.5202459000905
3.0
5.557777333511022
22.861904265976328
15.5
31.822423959633664
10.5
35.03648891592243
29.847761874031505
18.601075237738275
12.0
4.0
20.5
17.0
18.0
36.353205574688396
3.0
35.82674358011841
22.814469093099667
53.85371131335539
34.198765409814946
31.372316175606514
49.93551397107629
10.5
45.723808531952656
29.780679792256066
27.5
27.86076492528915
12.0
10.0
12.5
37.0
14.5
1.0
41.907305117631005
21.0
25.30261295246446
19.5
18.575252353602092
9.60143218483576
13.0
20.434176165325468
24.097026095903757
28.5
16.688319268278637
