0.11574074074074074
0.04938271604938271
0.16820987654320987
0.041666666666666664
0.035493827160493825
0.07561728395061729
0.12962962962962962
0.1419753086419753
0.0
0.044753086419753084
0.14969135802469136
0.13580246913580246
0.1867283950617284
0.12191358024691358
0.11574074074074074
0.18055555555555555
0.0941358024691358
0.0
0.07561728395061729
0.07407407407407407
0.15123456790123457
0.05401234567901234
0.1712962962962963
0.09259259259259259
0.1697530864197531
0.10030864197530864
0.12037037037037036
0.1697530864197531
0.10802469135802469
0.11574074074074074
0.05709876543209876
0.12345679012345678
0.1697530864197531
0.11574074074074074
0.13734567901234568
0.10802469135802469
0.06944444444444445
0.046296296296296294
0.035493827160493825
0.0941358024691358
0.12191358024691358
0.035493827160493825
0.12037037037037036
0.037037037037037035
0.2006172839506173
0.14814814814814814
0.0787037037037037
0.11419753086419752
0.05401234567901234
0.0
0.08179012345679013
0.15432098765432098
0.08641975308641975
0.08950617283950617
0.08024691358024691
0.14506172839506173
0.19598765432098766
0.037037037037037035
0.05401234567901234
0.10493827160493827
0.0941358024691358
0.038580246913580245
0.08641975308641975
0.035493827160493825
0.16203703703703703
0.1728395061728395
0.11728395061728394
0.08024691358024691
0.08796296296296297
0.12962962962962962
0.06172839506172839
0.0
0.18209876543209877
0.0
0.19753086419753085
0.18209876543209877
0.037037037037037035
0.035493827160493825
0.07098765432098765
0.0787037037037037
0.035493827160493825
