0.16666666666666666
0.08950617283950617
0.1574074074074074
0.12808641975308643
0.041666666666666664
0.06172839506172839
0.10030864197530864
0.16820987654320987
0.09722222222222222
0.14351851851851852
0.08950617283950617
0.035493827160493825
0.15432098765432098
0.06018518518518518
0.13580246913580246
0.05864197530864197
0.08333333333333333
0.07253086419753087
0.06481481481481481
0.08487654320987655
0.0
0.07098765432098765
0.07716049382716049
0.05092592592592592
0.1419753086419753
0.10802469135802469
0.0941358024691358
0.12808641975308643
0.1111111111111111
0.035493827160493825
0.0
0.14814814814814814
0.11882716049382716
0.14814814814814814
0.04938271604938271
0.035493827160493825
0.1111111111111111
0.14351851851851852
0.08333333333333333
0.035493827160493825
0.18364197530864199
0.12037037037037036
0.12191358024691358
0.040123456790123455
0.037037037037037035
0.07253086419753087
0.09876543209876543
0.0
0.0
0.06481481481481481
0.035493827160493825
0.035493827160493825
0.046296296296296294
0.07253086419753087
0.0
0.07716049382716049
0.11728395061728394
0.10648148148148148
0.05092592592592592
0.12654320987654322
0.035493827160493825
0.10493827160493827
0.0
0.06327160493827161
0.12345679012345678
0.0
0.07561728395061729
0.038580246913580245
0.1095679012345679
