0.05709876543209876
0.11882716049382716
0.0
0.05246913580246913
0.0787037037037037
0.12654320987654322
0.10648148148148148
0.038580246913580245
0.09876543209876543
0.19598765432098766
0.0
0.04938271604938271
0.14660493827160495
0.0
0.11419753086419752
0.06172839506172839
0.05246913580246913
0.05709876543209876
0.11419753086419752
0.12191358024691358
0.06944444444444445
0.15895061728395063
0.08641975308641975
0.08487654320987655
0.035493827160493825
0.08796296296296297
0.1388888888888889
0.05401234567901234
0.037037037037037035
0.14351851851851852
0.15123456790123457
0.12037037037037036
0.038580246913580245
0.07098765432098765
0.06172839506172839
0.13580246913580246
0.0941358024691358
0.15123456790123457
0.0
0.038580246913580245
0.05555555555555555
0.05401234567901234
0.04938271604938271
0.047839506172839504
0.13117283950617284
0.07407407407407407
0.07098765432098765
0.17901234567901234
0.046296296296296294
0.0
0.13734567901234568
0.1574074074074074
0.04938271604938271
0.044753086419753084
0.05246913580246913
0.19907407407407407
0.035493827160493825
0.0
0.06944444444444445
0.07561728395061729
0.08024691358024691
0.07253086419753087
0.046296296296296294
0.037037037037037035
0.0
0.1404320987654321
0.11419753086419752
0.11574074074074074
0.0
0.11574074074074074
0.08024691358024691
0.05401234567901234
0.035493827160493825
0.04938271604938271
0.035493827160493825
0.12654320987654322
0.06635802469135803
0.09722222222222222
0.10339506172839506
0.06327160493827161
0.12037037037037036
0.0
0.035493827160493825
0.19135802469135801
0.12191358024691358
