0.08641975308641975
0.0
0.09259259259259259
0.0
0.07098765432098765
0.05092592592592592
0.037037037037037035
0.19598765432098766
0.13580246913580246
0.10185185185185185
0.09104938271604938
0.11419753086419752
0.08333333333333333
0.05092592592592592
0.035493827160493825
0.11728395061728394
0.046296296296296294
0.08796296296296297
0.08487654320987655
0.12654320987654322
0.08796296296296297
0.0941358024691358
0.0
0.05709876543209876
0.037037037037037035
0.0
0.14351851851851852
0.12962962962962962
0.1574074074074074
0.0
0.13734567901234568
0.09876543209876543
0.043209876543209874
0.035493827160493825
0.14814814814814814
0.037037037037037035
0.08333333333333333
0.09104938271604938
0.07561728395061729
0.035493827160493825
0.17746913580246915
0.08641975308641975
0.11574074074074074
0.043209876543209874
0.05555555555555555
0.06327160493827161
0.14814814814814814
0.1111111111111111
0.0
0.1095679012345679
0.035493827160493825
0.06327160493827161
0.07098765432098765
0.06790123456790123
0.06327160493827161
0.035493827160493825
0.06481481481481481
0.0
0.11882716049382716
0.0941358024691358
0.1743827160493827
0.035493827160493825
0.08179012345679013
0.19135802469135801
0.06481481481481481
0.06944444444444445
0.035493827160493825
0.09876543209876543
0.06635802469135803
0.08333333333333333
0.07716049382716049
0.0787037037037037
0.0
0.0
0.12808641975308643
0.037037037037037035
0.035493827160493825
0.1111111111111111
0.035493827160493825
0.12345679012345678
0.10493827160493827
0.1095679012345679
0.05555555555555555
0.035493827160493825
0.1404320987654321
0.1095679012345679
0.1111111111111111
0.11419753086419752
0.07407407407407407
0.040123456790123455
0.09722222222222222
0.09876543209876543
0.040123456790123455
0.0
0.06327160493827161
0.1095679012345679
0.08796296296296297
0.10493827160493827
0.08950617283950617
0.0
0.09567901234567901
0.035493827160493825
0.035493827160493825
0.08641975308641975
0.18518518518518517
0.11265432098765432
0.16358024691358025
0.035493827160493825
0.0
0.08950617283950617
0.06790123456790123
0.1095679012345679
0.07407407407407407
0.035493827160493825
0.12962962962962962
0.09876543209876543
0.0
0.08333333333333333
0.037037037037037035
0.125
0.15895061728395063
0.0
0.0
0.07098765432098765
0.07253086419753087
0.0787037037037037
0.035493827160493825
0.13425925925925927
0.125
0.10493827160493827
0.037037037037037035
0.05709876543209876
0.037037037037037035
0.10648148148148148
0.16358024691358025
0.046296296296296294
0.10030864197530864
0.05092592592592592
0.08796296296296297
0.09259259259259259
0.07098765432098765
0.09259259259259259
0.10185185185185185
0.08796296296296297
0.04938271604938271
0.07253086419753087
0.05555555555555555
0.035493827160493825
0.07407407407407407
0.0
0.044753086419753084
0.08796296296296297
0.18518518518518517
0.10493827160493827
0.07098765432098765
0.10802469135802469
0.13271604938271606
0.13271604938271606
0.12037037037037036
0.035493827160493825
0.07253086419753087
0.13580246913580246
0.037037037037037035
0.10030864197530864
0.15895061728395063
0.1527777777777778
0.0941358024691358
0.16820987654320987
0.0
0.1574074074074074
0.06790123456790123
0.0
0.1419753086419753
0.07716049382716049
0.1388888888888889
0.07098765432098765
0.046296296296296294
0.0787037037037037
0.16358024691358025
0.04938271604938271
0.06018518518518518
0.05709876543209876
0.035493827160493825
0.08796296296296297
0.10493827160493827
0.05246913580246913
0.06790123456790123
0.11728395061728394
0.1095679012345679
