0.0
0.001388888888888889
0.001851851851851852
0.000462962962962963
0.000925925925925926
0.000925925925925926
0.001388888888888889
0.000925925925925926
0.0023148148148148147
0.000462962962962963
0.003703703703703704
0.0
0.000925925925925926
0.0
0.0
0.0
0.0
0.0
0.001388888888888889
0.000462962962962963
0.0
0.000462962962962963
0.001388888888888889
0.000462962962962963
0.001851851851851852
0.0
0.000462962962962963
0.0
0.001388888888888889
0.001388888888888889
0.0
0.0
0.000462962962962963
0.000925925925925926
0.0023148148148148147
0.000925925925925926
0.0
0.000925925925925926
0.0
0.0
0.0
0.000462962962962963
0.0
0.000462962962962963
0.000462962962962963
