# ../../src/prob2kcalPerMol.py --suffix freeEnergyLandscapes/1944 --dat_file ../../data/auxCoords/meancluschol/1944.dat
# # column 0: midpoint of bin
# # column 1: delG of the bin in kcal per mol
5.000000000000000000e+00	inf
1.500000000000000000e+01	inf
2.500000000000000000e+01	2.702938875170072475e+00
3.500000000000000000e+01	7.603338511112602838e-01
4.500000000000000000e+01	7.676759830405556484e-02
5.500000000000000000e+01	0.000000000000000000e+00
6.500000000000000000e+01	1.911592090087624318e-01
7.500000000000000000e+01	4.805905064560408446e-01
8.500000000000000000e+01	7.647031679102386237e-01
9.500000000000000000e+01	8.005365818665607369e-01
1.050000000000000000e+02	8.257549805704037515e-01
1.150000000000000000e+02	1.164485408345547590e+00
1.250000000000000000e+02	1.077798336945807511e+00
1.350000000000000000e+02	1.059316111346652267e+00
1.450000000000000000e+02	1.623282059996647764e+00
1.550000000000000000e+02	2.060728714998965483e+00
1.650000000000000000e+02	3.861517961521094389e+00
1.750000000000000000e+02	2.069174651459116721e+00
1.850000000000000000e+02	2.244633536074144065e+00
1.950000000000000000e+02	1.784940785356765369e+00
2.050000000000000000e+02	1.827957892060224854e+00
2.150000000000000000e+02	2.557006477555281876e+00
2.250000000000000000e+02	2.173334737273853623e+00
2.350000000000000000e+02	2.831441363093677666e+00
2.450000000000000000e+02	5.271238456616817558e+00
2.550000000000000000e+02	6.239862617037882586e+00
2.650000000000000000e+02	inf
2.750000000000000000e+02	inf
2.850000000000000000e+02	inf
2.950000000000000000e+02	inf
3.050000000000000000e+02	inf
3.150000000000000000e+02	inf
3.250000000000000000e+02	inf
3.350000000000000000e+02	inf
3.450000000000000000e+02	inf
3.550000000000000000e+02	inf
3.650000000000000000e+02	inf
3.750000000000000000e+02	inf
3.850000000000000000e+02	inf
3.950000000000000000e+02	inf
4.050000000000000000e+02	inf
4.150000000000000000e+02	inf
4.250000000000000000e+02	inf
4.350000000000000000e+02	inf
4.450000000000000000e+02	inf
4.550000000000000000e+02	inf
4.650000000000000000e+02	inf
4.750000000000000000e+02	inf
4.850000000000000000e+02	inf
4.950000000000000000e+02	inf
5.050000000000000000e+02	inf
5.150000000000000000e+02	inf
5.250000000000000000e+02	inf
5.350000000000000000e+02	inf
5.450000000000000000e+02	inf
5.550000000000000000e+02	inf
5.650000000000000000e+02	inf
5.750000000000000000e+02	inf
5.850000000000000000e+02	inf
5.950000000000000000e+02	inf
6.050000000000000000e+02	inf
6.150000000000000000e+02	inf
6.250000000000000000e+02	inf
6.350000000000000000e+02	inf
6.450000000000000000e+02	inf
6.550000000000000000e+02	inf
6.650000000000000000e+02	inf
6.750000000000000000e+02	inf
6.850000000000000000e+02	inf
6.950000000000000000e+02	inf
7.050000000000000000e+02	inf
7.150000000000000000e+02	inf
7.250000000000000000e+02	inf
7.350000000000000000e+02	inf
7.450000000000000000e+02	inf
7.550000000000000000e+02	inf
7.650000000000000000e+02	inf
7.750000000000000000e+02	inf
7.850000000000000000e+02	inf
7.950000000000000000e+02	inf
