28.0
0.0
30.0
0.0
23.0
16.5
0.0
34.333333333333336
29.333333333333332
21.0
29.5
11.5
15.0
16.5
11.5
23.0
15.0
28.5
27.5
27.333333333333332
28.5
18.5
0.0
18.5
0.0
0.0
46.5
0.0
39.0
0.0
19.5
20.0
14.0
11.5
48.0
12.0
15.0
17.5
12.0
11.5
57.5
28.0
16.666666666666668
14.0
18.0
20.5
35.5
36.0
0.0
23.666666666666668
11.5
20.5
23.0
22.0
20.5
11.5
21.0
0.0
38.5
30.5
44.5
11.5
17.666666666666668
26.0
21.0
22.5
11.5
32.0
21.5
27.0
25.0
17.0
0.0
0.0
41.5
0.0
11.5
36.0
11.5
40.0
22.0
23.0
18.0
11.5
45.5
23.5
23.5
37.0
16.0
13.0
31.5
11.5
13.0
0.0
20.5
18.5
28.5
34.0
17.0
0.0
31.0
11.5
11.5
28.0
15.333333333333334
22.0
41.0
11.5
0.0
19.333333333333332
22.0
23.666666666666668
12.0
11.5
30.0
17.5
0.0
27.0
0.0
28.5
39.5
0.0
0.0
23.0
11.5
25.5
11.5
24.5
27.0
22.666666666666668
0.0
18.5
0.0
34.5
40.0
15.0
20.5
16.5
28.5
15.0
23.0
30.0
33.0
28.5
16.0
11.5
18.0
11.5
12.0
0.0
14.5
28.5
15.0
34.0
23.0
23.0
30.5
43.0
24.5
11.5
23.5
44.0
12.0
20.5
51.5
37.5
18.0
40.5
0.0
51.0
22.0
0.0
30.666666666666668
11.5
19.5
23.0
15.0
17.0
53.0
16.0
19.5
18.5
11.5
28.5
22.0
17.0
22.0
26.0
35.5
