0.0
0.020833333333333332
0.0625
0.125
0.2604166666666667
0.07291666666666667
0.19791666666666666
0.14583333333333334
0.07291666666666667
0.125
0.020833333333333332
0.125
0.0625
0.0625
0.19791666666666666
0.10416666666666667
0.03125
0.25
0.03125
0.22916666666666666
0.22916666666666666
0.010416666666666666
0.2708333333333333
0.11458333333333333
0.11458333333333333
0.09375
0.22916666666666666
0.15625
0.10416666666666667
0.16666666666666666
0.041666666666666664
0.11458333333333333
0.07291666666666667
0.0625
0.09375
0.125
0.052083333333333336
0.15625
0.23958333333333334
0.125
0.0625
0.010416666666666666
0.041666666666666664
0.15625
0.07291666666666667
0.14583333333333334
0.15625
0.07291666666666667
0.0
0.052083333333333336
0.07291666666666667
0.125
0.0625
0.08333333333333333
0.10416666666666667
0.11458333333333333
0.07291666666666667
0.041666666666666664
0.15625
0.10416666666666667
0.28125
0.0625
0.15625
0.0625
0.23958333333333334
0.10416666666666667
0.052083333333333336
0.08333333333333333
0.14583333333333334
0.0625
0.15625
0.3333333333333333
0.07291666666666667
0.25
0.16666666666666666
0.13541666666666666
0.10416666666666667
0.052083333333333336
