0.052083333333333336
0.052083333333333336
0.14583333333333334
0.052083333333333336
0.041666666666666664
0.052083333333333336
0.20833333333333334
0.19791666666666666
0.07291666666666667
0.1875
0.10416666666666667
0.14583333333333334
0.041666666666666664
0.03125
0.13541666666666666
0.03125
0.11458333333333333
0.10416666666666667
0.125
0.0625
0.16666666666666666
0.03125
0.052083333333333336
0.052083333333333336
0.03125
0.08333333333333333
0.1875
0.125
0.0625
0.17708333333333334
0.08333333333333333
0.14583333333333334
0.17708333333333334
0.020833333333333332
0.22916666666666666
0.17708333333333334
0.22916666666666666
0.17708333333333334
0.08333333333333333
0.20833333333333334
0.010416666666666666
0.03125
0.07291666666666667
0.0625
0.17708333333333334
0.0625
0.08333333333333333
0.125
0.09375
0.15625
0.020833333333333332
0.020833333333333332
0.0625
0.020833333333333332
0.010416666666666666
0.03125
0.03125
0.020833333333333332
0.13541666666666666
0.11458333333333333
0.11458333333333333
0.20833333333333334
0.11458333333333333
0.07291666666666667
0.09375
0.03125
0.10416666666666667
0.125
0.20833333333333334
0.13541666666666666
0.09375
0.03125
0.11458333333333333
0.11458333333333333
0.07291666666666667
0.14583333333333334
0.14583333333333334
0.2916666666666667
0.125
0.10416666666666667
0.125
0.25
0.16666666666666666
0.14583333333333334
0.17708333333333334
0.19791666666666666
0.11458333333333333
0.10416666666666667
0.052083333333333336
0.10416666666666667
0.0625
0.3333333333333333
0.041666666666666664
0.03125
0.125
0.14583333333333334
0.13541666666666666
0.13541666666666666
0.3229166666666667
0.13541666666666666
0.08333333333333333
0.14583333333333334
0.11458333333333333
0.020833333333333332
0.07291666666666667
0.15625
0.16666666666666666
0.11458333333333333
0.08333333333333333
0.03125
0.010416666666666666
0.2708333333333333
0.020833333333333332
0.15625
0.15625
0.25
0.0625
0.03125
0.22916666666666666
0.0625
0.09375
