0.010416666666666666
0.020833333333333332
0.0625
0.052083333333333336
0.010416666666666666
0.125
0.17708333333333334
0.21875
0.19791666666666666
0.2916666666666667
0.15625
0.041666666666666664
0.052083333333333336
0.25
0.11458333333333333
0.09375
0.08333333333333333
0.041666666666666664
0.14583333333333334
0.020833333333333332
0.15625
0.14583333333333334
0.052083333333333336
0.08333333333333333
0.15625
0.21875
0.19791666666666666
0.25
0.010416666666666666
0.041666666666666664
0.041666666666666664
0.020833333333333332
0.11458333333333333
0.15625
0.19791666666666666
0.14583333333333334
0.15625
0.16666666666666666
0.08333333333333333
0.125
0.010416666666666666
0.16666666666666666
0.10416666666666667
0.16666666666666666
0.25
0.3020833333333333
0.041666666666666664
0.09375
0.16666666666666666
0.1875
0.020833333333333332
0.08333333333333333
0.0625
0.13541666666666666
0.17708333333333334
0.0625
0.19791666666666666
