74.0
36.53846153846154
54.4
56.5
36.76923076923077
41.6
59.333333333333336
47.285714285714285
39.94444444444444
38.76470588235294
38.375
52.083333333333336
46.54545454545455
38.125
51.0
62.111111111111114
34.411764705882355
39.46153846153846
40.666666666666664
44.833333333333336
40.5
48.8235294117647
49.54545454545455
49.2
42.357142857142854
38.69230769230769
34.36363636363637
41.4
35.666666666666664
45.57142857142857
37.733333333333334
34.714285714285715
36.333333333333336
39.0625
41.625
36.642857142857146
36.857142857142854
38.6
42.666666666666664
65.125
36.294117647058826
41.84615384615385
46.30769230769231
37.76923076923077
43.15384615384615
36.35294117647059
36.25
44.214285714285715
38.63636363636363
38.42857142857143
38.9375
44.30769230769231
36.266666666666666
56.083333333333336
49.27272727272727
60.285714285714285
51.92307692307692
33.0
42.84615384615385
38.0
36.75
