42.0
38.27777777777778
41.53333333333333
53.25
42.53846153846154
44.416666666666664
48.81818181818182
49.84615384615385
42.733333333333334
42.1875
44.916666666666664
34.27272727272727
47.46153846153846
37.0625
47.54545454545455
35.63636363636363
39.27272727272727
39.333333333333336
55.583333333333336
39.38461538461539
45.083333333333336
45.166666666666664
34.857142857142854
45.2
52.0
33.357142857142854
46.6
48.92307692307692
42.84615384615385
31.076923076923077
35.07142857142857
32.69230769230769
50.30769230769231
42.23076923076923
31.90909090909091
33.75
42.6875
37.07142857142857
36.142857142857146
38.93333333333333
50.0
44.888888888888886
41.30769230769231
54.4
36.916666666666664
