35.833333333333336
38.84615384615385
48.916666666666664
49.46153846153846
31.333333333333332
50.0
35.6
44.5
42.142857142857146
31.666666666666668
37.07692307692308
53.46153846153846
41.6
39.45454545454545
41.416666666666664
45.15384615384615
38.53846153846154
37.84615384615385
60.55555555555556
40.0625
51.583333333333336
42.4
45.75
47.785714285714285
40.714285714285715
45.857142857142854
43.3
53.5
49.916666666666664
32.3125
41.94117647058823
37.07142857142857
48.38461538461539
56.333333333333336
43.166666666666664
43.07142857142857
36.07692307692308
38.0
37.4375
47.25
35.8
58.75
38.1
39.125
42.38461538461539
49.666666666666664
38.45454545454545
46.166666666666664
39.45454545454545
41.30769230769231
36.714285714285715
46.416666666666664
44.0
