0.7460384120210549
-2
-2
2
-2
-2
0.8455169932343046
0.8044542625150118
0.8569323722955628
-2
0.7691391259783048
-2
0.7661935543703096
-2
0.8091790752070014
0.7669195310493351
0.49970819247463877
0.8593750218240923
-2
0.7785292425115928
0.5161783450531922
0.7365206096499575
-2
-2
-2
0.7877650472453531
-2
-2
-2
-2
-2
-2
2
-2
2
2
-2
0.8044895109342869
0.6651021390634662
0.7723648286773952
-2
2
0.6484853719208954
-2
2
0.809887119654743
0.7903610976503171
0.7226595562203139
0.7731065249834326
-2
2
-2
-2
0.8319848858948897
0.5998460291807183
2
0.8225488235293884
0.8022889486621876
-2
0.6732763742282446
0.7938645607702242
-2
0.6349932356187353
-2
-2
0.7839051534116384
-2
-2
-2
0.7265671820969851
