0.7972275172903202
0.8797192998727771
0.838167719001743
-2
0.7430446770186018
2
0.8467108035399984
-2
-2
0.8063144810991674
-2
0.7236411388511499
-2
-2
0.8380530711695697
0.8260457962515314
0.6711487904806234
0.7004043335213841
2
2
2
-2
0.7493277124123631
0.7699907030802966
-2
0.8276181743204153
-2
-2
0.7858560206637881
0.8283965573067583
0.6040546256723189
0.7972892150473482
0.7628623576305135
0.7003057454288596
0.712513060054014
0.7948611505087778
0.8486717910273882
-2
-2
-2
-2
-2
-2
-2
2
-2
-2
-2
0.7478803896269103
0.7354980293079975
0.8470288339315499
-2
-2
-2
0.7094626897208332
-2
0.7483766441781932
2
-2
-2
-2
2
-2
0.8304177423858452
0.7181133854808909
-2
-2
