-2
-2
2
0.7856512248218965
-2
-2
0.7909928029461
0.7947353637090405
0.8237683260321496
0.7640441084894146
0.8747112456618742
0.877243393431055
2
2
0.7444566007042905
0.7941576001922654
0.7650995654929515
-2
-2
0.864395859931258
-2
0.8329375147885965
-2
0.7335361425204286
-2
0.753152477968149
-2
0.691268271847481
0.8526953400274809
2
-2
0.724052860106043
0.6085869287451897
-2
0.8323022390827998
0.6588199563757329
-2
0.8078161439629162
-2
-2
0.7568900197911831
-2
0.8124228554654145
0.8496808242036248
-2
0.7802753178912103
0.4936110834279669
-2
-2
0.6444434429285395
2
-2
0.828376197371904
0.6940979895380625
0.7063679731209979
2
0.8016548197300756
-2
-2
0.745574555287495
-2
-2
2
0.8715106216072712
0.8221191221909663
-2
0.7242737275340287
0.7028191640155832
-2
-2
0.6054659253465808
-2
-2
-2
-2
0.812039740124226
2
-2
0.6084860745404789
