2
0.5355124813442576
0.4891149602237634
0.4926857745064373
0.43614828496140223
0.4727601094888899
0.4177920257247231
0.35172281713465847
0.4285566761631697
0.45149002336418964
0.35495652763453994
0.4188882597558386
0.3172768835871134
0.3342635819684069
0.35492398849444395
0.4486477803033196
0.31213105138337566
0.2622184815108941
0.3423293583097204
0.40053484325145694
0.2891057753749992
0.3828346707035267
0.3731336695224288
0.4859714014823438
0.46854527406684765
0.4491359991515102
0.49608521285124435
0.43182209221808115
0.43630469219054785
0.4411536241734747
0.4202408701826791
0.5263066992994304
0.3654016131553885
0.48937497379114475
0.4622997140993746
0.39940559154936384
0.319828456202509
0.3180012554329801
0.34808321341666115
0.3205474284182564
0.42934408495269
0.454624879794893
0.4240674840379267
0.41673733890377407
0.4666235724718743
