-2
0.5098590574066095
0.5238887578235214
0.49913818130546095
0.36540578942576646
0.44843476322793474
0.4262768727991534
0.4659255645725697
0.4547381487904047
0.4781725595380823
0.3686249451542759
0.2998404346550344
0.40674636072605747
0.3970527938400279
0.41801461943735185
0.22926924287656478
0.3819897291354143
0.37697003517484146
0.41472617116704247
0.40862159594288083
0.44574538058520696
0.4106169816051202
0.4254747120967563
0.3911159173681802
0.3563904763930695
0.2847184906386246
0.21590448556298725
0.41397649494694677
0.28406444193835045
0.31652475959489357
0.4333663756318212
0.40987553025388124
0.4178502614456508
0.34049623672919255
0.418559747496037
0.34821372819124885
0.3666606671362868
0.3880497115246979
0.45042536134950856
0.4233764727623863
0.4704503587184227
0.30986076026029824
0.21147639948414806
0.39186379363600404
0.37495426494328205
0.4508834243901077
0.42979433109247334
