0.852137998474948
0.5499801722345183
0.4796325171680246
0.42948901213093965
0.45597773696750116
0.37169853532227964
0.4110798824886969
0.4488941312223704
0.34194830958364547
0.35788077975883087
0.18524133295160544
0.3530861720021198
0.2194722072101715
0.2632775370457583
0.24194533557703266
0.33183619274670867
0.3496356645977155
0.3568418805779551
0.41985883153768394
0.1821009609726751
0.29546180933973093
0.17789045857384636
0.4121239426838621
0.29274491720653917
0.28242542914173197
0.3172486830893134
0.3980524128633118
0.30401805318144653
0.3896068197343885
0.1252802303884748
0.24542427214029297
0.3818250024491494
0.1180876357663589
0.2832824009322065
0.22715486199610763
0.2672917415937654
0.29261779386192444
0.31922934003408826
0.39130375770817744
0.2089322631199021
0.2651229173653858
0.15363681555568529
0.2553389997297921
0.25494468830790484
0.32148514580072896
0.2609412035950888
0.21066486391494638
0.19383710954008648
0.2913643185899739
0.3455519755589808
0.31934420342934317
