0.6877815210517586
0.36126514868867626
0.34734403001367076
0.2577317254824479
0.3488609112835295
0.2662052582576368
0.27408217441148885
0.18182111590171837
0.23334041974061445
0.18761124121690592
0.2645673822993235
0.18137422161344283
0.23103581130012438
0.15292261103857152
0.2547855453725756
0.10417940138509077
0.23281336407886305
0.20551531788426045
-0.07901556422776343
0.2057442370640981
0.21392227886519372
0.3155465127819942
0.14649570917547816
0.23971597531470268
0.10029118601870601
0.19139860235545028
0.20929319703039329
0.0938943678678811
0.09146271088119323
0.06191325308035452
0.18665782354478938
0.2152785094805049
0.1754978917489447
-0.051022637632961776
-0.10192910478314766
0.00846056854015958
0.04122832940230546
0.2042826998509835
0.011135002847535888
0.1297132717487075
0.17845670153958643
-0.005996042435364812
-0.17321980144839488
-0.1276700213596382
-0.10543829131471169
0.07385831668149108
-0.03953356624771248
0.007752959702008694
0.24076007949113618
0.26303993094490236
0.17145322476123206
0.2327831981817197
0.24316629578833923
0.12530998133899174
0.20686712735329935
0.105531714097771
0.20430220868916985
0.18668704038447329
0.059276551117924
0.23417102268166823
0.2742628626401901
0.2717289276852712
0.034651067145042104
0.32251113652115754
0.16683404783516015
0.15225415873418605
0.15300064016574136
0.09828656032075492
0.02973571745742593
0.04952219963854399
0.25713327481639786
