0.758276366274786
0.41011110364376835
0.31939318346794554
0.23039613084692132
0.2350849714061425
0.16215836918319404
0.23461709809526085
-0.0031092457193874256
0.30334152800669867
0.0665310167925775
-0.00969949209735488
0.12144153041044063
0.12613585493099735
0.14642934934249846
0.02021287508982085
0.07176756017423637
0.1886922179724833
0.0781363049094852
0.08693715261626934
0.1310729192598535
0.15626327145842472
0.11379754079341857
-0.019844544226644063
0.05535223134949287
-0.003454660773224942
-0.0659497078629828
-0.13880013069431224
0.18225789697919384
-0.26552195104606646
-0.0016396120920492763
0.058291039893108694
0.1417765930739361
0.06770318125298487
0.02932963814077411
0.01847753513176036
-0.010951199161800793
-0.08655795397486402
0.1019877585439436
-0.1901133626941661
-0.0009666851907424061
0.13501437037665606
0.014634669413763911
-0.03855117146594924
0.03897852817213165
0.16907236046471902
0.039033279758154675
0.1274419838004393
0.025952721604879502
0.12141900562507035
-0.004549912700299614
0.04240466753423365
0.15544277149498623
-0.05357807563234751
-0.08100805393431114
-0.11045647860618546
-0.09498228127013192
-0.06364576840212337
-0.05070333943512089
-0.08125251541695268
0.16669863314866226
0.07629339654547995
0.22336926059387394
-0.015436362185140433
0.15999930795943748
0.1426295654360336
0.130937043143101
-0.04162035853597363
0.1281406758068843
-0.049915681014144106
0.04612165952008114
0.1787399372114522
0.042849088211206886
0.020475980380020166
0.04865838094004362
-0.07999722566697107
-0.13109639757873295
-0.12921199601385325
-0.049882056094260746
-0.2032611378006667
-0.0487561085707838
