0.7013137992103864
0.4068887999047674
0.3964325531402385
0.34697252568174825
0.338211972835446
0.29104320580554455
0.2212072775810053
0.30772377001369705
0.2523617390830575
0.1665803898023905
0.21585294512934192
0.22481625095535004
0.12987222647013325
0.20208633526638808
0.2136451143635284
0.1515960421642001
0.04290098939360759
0.19806778188356414
0.13202334904783675
0.032692737552569164
0.053958430903639436
0.10997488395732286
0.14855578713478998
0.000594181520191984
0.00684779424864655
0.0222576563997053
0.03389948213708463
0.23506611278709588
0.026342282825616636
0.10846374007436008
-0.0073440324857979725
0.06701157241205657
0.08029866370693925
-0.051241678171266215
0.093541063116182
-0.08291301281797155
0.10635812134415411
0.03925962490939751
-0.013040351128669001
0.0757424489421309
-0.0717069504968995
-0.10772064442469016
-0.02653672515346577
0.15970661468061106
-0.049082266735914204
-0.023979360513812116
-0.07798939849821097
-0.04094893545690104
-0.15975890622083605
-0.05679941537397581
-0.027838080430850252
-0.14220642135506084
-0.09750758449766561
-0.14907229755505427
-0.11823368318296669
-0.11550951346348187
0.015160397473110949
0.1355492710962506
-0.06662120068212721
-0.12808508551911413
-0.02474863672838508
0.15806105586536248
-0.1108546616932569
0.033693050536280585
0.26022555167467765
0.26986835370409423
0.09073931828838612
0.22873651229833783
0.058900075872914695
0.1878669333167901
0.02397390747462366
0.027910107850792006
0.04848248149716949
0.02629208917328343
0.05734580726797171
0.05525913544855363
-0.038917283028495876
-0.08753174562815509
-0.037986690082746466
0.13306806326437404
0.04468557056704475
0.007146926557809028
0.15815137353795472
0.06457215311708431
0.0489720238097851
-0.05298369691180987
