0.6577658696032227
0.3411122728830449
0.3030793918838381
0.34741543130061747
0.27065588862699186
0.28751924389817746
0.19161477499297752
0.17551194340756057
0.18600777356941833
0.2186723245153133
0.18041776073512017
0.19723934742680824
0.1575941806172307
-0.10486053269645398
0.2166965767279629
0.24492333881114564
0.23799581517458446
0.33157774928025713
0.18756858826444606
0.24261599832085223
0.3119444947272933
0.2636941724387386
0.16281162235466276
0.056179893985536106
0.17262823343368489
0.22310303631232714
0.20840742923373995
0.2379794874164114
0.12069268483314029
0.13412115984572423
0.2398753138809735
0.10394770565201485
0.08583844253434965
0.17291517875122214
0.18327605975305136
0.025843447134852152
0.20455640010235793
-0.009941632132963852
0.190320203477406
0.09151689184825945
-0.07600460959946678
0.16873666560594447
0.08687428708772749
-0.027875080340668507
0.10690426221117522
0.035906134343715174
0.15571160490914132
0.1982433109082032
0.26677773411899813
0.20422210830884197
0.21402840323468447
0.14291737776794172
0.3120460308870267
0.17722631402298628
0.06381845634062026
0.19212055098168956
0.11173001803658464
0.29128758358505824
0.29334515192560545
0.24927757258666633
0.21512668687096473
0.23756710559926825
0.27013069257819483
0.15830583132463494
0.15403091476424768
0.15440840019250504
0.17500103693125976
0.1677103496739659
0.09146591651907503
0.0949174188595571
0.1415530711546817
0.13370013115791032
0.04690190347038119
