0.5
9.333333333333334
12.5
21.0
32.5
26.5
12.5
9.5
14.5
24.5
28.0
37.0
22.666666666666668
13.666666666666666
23.0
11.25
7.25
10.5
25.5
30.0
23.0
25.333333333333332
35.5
28.0
18.5
5.75
9.5
5.0
13.0
17.5
38.0
12.0
23.0
27.5
19.666666666666668
15.666666666666666
34.0
34.5
10.0
23.5
35.0
16.5
13.5
21.5
14.25
11.333333333333334
10.666666666666666
27.5
29.5
28.0
31.0
19.0
36.5
24.0
34.0
23.666666666666668
25.5
19.0
13.25
9.0
31.0
18.5
18.666666666666668
8.5
15.333333333333334
8.0
15.333333333333334
14.666666666666666
28.5
39.0
36.0
19.333333333333332
14.666666666666666
9.5
11.666666666666666
17.5
13.333333333333334
9.333333333333334
33.5
36.5
32.0
19.0
29.0
21.666666666666668
36.0
13.75
38.0
33.0
37.5
45.0
22.666666666666668
21.0
12.0
25.5
21.5
24.0
12.333333333333334
21.666666666666668
36.0
38.0
37.5
48.5
27.5
14.5
30.5
11.25
17.0
14.666666666666666
26.0
23.0
17.666666666666668
8.5
34.0
19.666666666666668
31.5
30.5
19.333333333333332
27.0
29.5
33.0
17.0
7.0
7.0
8.0
16.333333333333332
25.333333333333332
22.0
30.0
5.5
27.5
