0.0
6.666666666666667
17.333333333333332
32.5
28.0
15.0
18.5
18.0
16.0
29.0
17.333333333333332
19.666666666666668
26.5
16.333333333333332
34.0
39.0
35.0
33.0
24.0
11.0
18.5
19.5
15.666666666666666
8.0
22.0
15.333333333333334
27.5
15.5
10.0
6.666666666666667
32.0
34.0
38.0
14.5
40.0
25.0
11.333333333333334
19.5
9.0
23.0
31.5
30.0
11.5
14.333333333333334
10.0
20.0
8.0
23.5
7.5
21.0
5.666666666666667
20.333333333333332
8.5
16.0
18.5
19.0
16.0
12.0
30.0
6.5
14.0
23.5
9.75
29.0
36.0
36.0
36.0
26.5
25.0
17.666666666666668
18.0
23.0
33.0
9.5
31.0
13.0
19.666666666666668
21.0
11.25
24.0
9.0
20.5
25.666666666666668
17.666666666666668
22.666666666666668
29.5
42.5
37.0
50.5
35.0
34.5
20.5
24.5
19.333333333333332
31.5
8.333333333333334
7.25
21.0
17.5
43.5
33.0
16.333333333333332
23.5
18.0
36.0
22.5
26.0
32.5
27.5
21.5
23.0
21.0
8.25
