0.0
9.0
13.0
17.333333333333332
24.666666666666668
17.666666666666668
19.5
20.5
14.0
18.333333333333332
41.0
19.0
18.666666666666668
26.0
12.0
9.333333333333334
8.5
9.333333333333334
13.666666666666666
10.0
11.333333333333334
7.5
19.5
10.0
31.5
33.0
40.0
31.5
18.0
8.0
17.333333333333332
12.666666666666666
12.0
27.0
26.5
17.0
36.0
21.0
39.5
27.5
41.0
25.333333333333332
48.0
39.5
29.5
15.666666666666666
12.666666666666666
12.666666666666666
27.0
30.5
28.0
37.0
36.0
25.333333333333332
20.333333333333332
48.0
39.5
37.0
32.0
22.5
30.5
13.333333333333334
32.0
11.666666666666666
35.0
30.0
10.0
7.75
17.333333333333332
17.333333333333332
