0.0
6.333333333333333
38.0
20.333333333333332
12.333333333333334
21.5
23.5
18.333333333333332
17.0
28.0
11.5
23.666666666666668
35.5
19.666666666666668
24.5
16.333333333333332
33.0
24.5
24.0
28.5
15.666666666666666
24.5
34.0
21.0
18.0
16.0
38.0
36.5
32.5
27.0
14.0
15.666666666666666
39.0
44.5
35.0
23.0
39.5
37.0
40.0
37.5
15.666666666666666
19.0
32.5
21.333333333333332
31.0
21.666666666666668
47.0
37.0
27.0
29.0
16.666666666666668
25.333333333333332
11.333333333333334
18.666666666666668
33.5
43.0
27.5
18.333333333333332
30.0
31.0
32.0
25.5
16.666666666666668
26.0
20.5
13.0
14.0
21.5
14.333333333333334
10.0
15.666666666666666
17.5
7.25
13.333333333333334
12.5
17.5
20.5
26.5
28.5
36.0
32.0
20.5
9.666666666666666
9.75
24.5
21.5
25.0
21.0
22.5
28.0
11.0
10.333333333333334
6.333333333333333
15.0
16.0
23.0
16.5
20.333333333333332
39.0
37.5
36.5
15.666666666666666
14.5
17.5
32.5
45.5
29.5
11.75
18.666666666666668
37.0
40.0
23.0
35.0
39.0
22.0
34.0
17.333333333333332
19.0
10.0
12.666666666666666
16.0
13.666666666666666
22.5
29.5
7.333333333333333
10.666666666666666
15.5
18.0
