0.2757009345794392
0.21962616822429906
0.21562082777036048
0.22830440587449932
0.30807743658210945
0.2466622162883845
0.2096128170894526
0.3130841121495327
0.1999332443257677
0.27002670226969294
0.24599465954606142
0.31942590120160214
0.28437917222963954
0.2713618157543391
0.2096128170894526
0.32777036048064084
0.1945927903871829
0.2239652870493992
0.2136181575433912
0.2630173564753004
0.23598130841121495
0.15587449933244327
0.30106809078771696
0.24632843791722298
0.2643524699599466
0.26635514018691586
0.21695594125500667
0.260347129506008
0.232977303070761
0.308411214953271
0.2623497997329773
0.22429906542056074
0.26468624833110815
0.23064085447263016
0.3164218958611482
0.29339118825100136
0.25934579439252337
0.20093457943925233
0.21962616822429906
0.1582109479305741
0.29906542056074764
0.2129506008010681
0.26468624833110815
0.2096128170894526
0.19492656875834447
0.25801068090787715
0.24198931909212282
0.2273030707610147
0.20093457943925233
0.21829105473965288
0.2726969292389853
0.2363150867823765
0.232977303070761
0.2793724966622163
0.2833778371161549
0.260347129506008
0.22596795727636848
0.19893190921228304
0.21495327102803738
0.1822429906542056
0.2076101468624833
0.2082777036048064
0.2833778371161549
0.2136181575433912
0.2523364485981308
0.22897196261682243
0.27236315086782376
0.2947263017356475
