0.30574098798397864
0.23164218958611482
0.2212950600801068
0.201935914552737
0.2376502002670227
0.21762349799732977
0.16388518024032042
0.2917222963951936
0.2863818424566088
0.2376502002670227
0.24432576769025366
0.27903871829105475
0.2690253671562083
0.2546728971962617
0.2676902536715621
0.2643524699599466
0.2850467289719626
0.33744993324432576
0.2987316421895861
0.22997329773030709
0.2793724966622163
0.2963951935914553
0.22930574098798398
0.2473297730307076
0.27069425901201605
0.2553404539385848
0.2690253671562083
0.28738317757009346
0.22897196261682243
0.21228304405874499
0.27102803738317754
0.2967289719626168
0.2780373831775701
0.20627503337783712
0.25634178905206945
0.2703604806408545
0.23464619492656877
0.33044058744993327
0.19225634178905207
0.17823765020026702
0.21328437917222964
0.21228304405874499
0.22563417890520696
0.21695594125500667
0.25433911882510013
0.25
0.25333778371161547
0.3184245660881175
0.26401869158878505
0.22630173564753003
0.21528704939919893
0.28304405874499333
0.23865153538050735
0.22997329773030709
0.26101468624833113
0.2192923898531375
0.17289719626168223
0.2219626168224299
0.184913217623498
0.15620827770360482
0.25433911882510013
0.2690253671562083
0.24132176234979974
0.23230974632843793
0.21061415220293725
0.2553404539385848
0.22596795727636848
0.27636849132176233
0.16421895861148197
0.2817089452603471
0.2760347129506008
0.2910547396528705
0.20293724966622162
0.284045393858478
0.3107476635514019
0.24332443257676903
0.2493324432576769
0.24532710280373832
0.2212950600801068
0.2279706275033378
0.23331108144192256
0.17757009345794392
0.2793724966622163
0.29572763684913217
0.20861148197596796
0.2726969292389853
0.332109479305741
0.28738317757009346
