0.2673564753004005
0.1658878504672897
0.2967289719626168
0.26268357810413884
0.26401869158878505
0.32309746328437916
0.19492656875834447
0.1875834445927904
0.2212950600801068
0.2827102803738318
0.34746328437917223
0.20427236315086783
0.23931909212283045
0.2673564753004005
0.2953938584779706
0.19225634178905207
0.20327102803738317
0.24032042723631508
0.29506008010680906
0.25
0.2192923898531375
0.32376502002670227
0.184913217623498
0.2570093457943925
0.2780373831775701
0.22296395193591456
0.2643524699599466
0.24833110814419226
0.30874499332443256
0.16655540720961282
0.24899866488651534
0.284045393858478
0.30640854472630175
0.23264352469959945
0.2616822429906542
0.22029372496662217
0.28137516688918557
0.21895861148197596
0.22830440587449932
0.22963951935914553
0.3227636849132176
0.22630173564753003
0.2746995994659546
0.24833110814419226
0.28805073431241657
0.2857142857142857
0.29506008010680906
0.2733644859813084
0.1855807743658211
0.2757009345794392
0.16722296395193592
0.27069425901201605
0.24599465954606142
0.2720293724966622
0.2883845126835781
0.21995994659546061
0.3538050734312417
0.22763684913217624
0.26268357810413884
0.18124165554072097
0.21595460614152204
0.26401869158878505
0.16989319092122832
0.22363150867823764
0.24566088117489987
0.1972630173564753
0.19793057409879838
0.2937249666221629
0.24265687583444592
0.256675567423231
0.24566088117489987
0.22296395193591456
0.2192923898531375
0.25433911882510013
0.19359145527369825
0.22630173564753003
0.24566088117489987
0.2266355140186916
0.22296395193591456
