0.34279038718291055
0.27069425901201605
0.20594125500667557
0.27169559412550065
0.2833778371161549
0.2356475300400534
0.19492656875834447
0.22162883845126835
0.2253004005340454
0.24532710280373832
0.2750333778371162
0.21428571428571427
0.2767022696929239
0.2192923898531375
0.2409879839786382
0.2987316421895861
0.27002670226969294
0.2827102803738318
0.2560080106809079
0.22029372496662217
0.2910547396528705
0.311415220293725
0.25267022696929237
0.25734312416555405
0.27169559412550065
0.2606809078771696
0.2967289719626168
0.21461949265687583
0.29439252336448596
0.31341789052069424
0.24899866488651534
0.24232309746328437
0.2076101468624833
0.27536715620827773
0.2416555407209613
0.2760347129506008
0.25033377837116155
0.25433911882510013
0.2540053404539386
0.23531375166889185
0.2493324432576769
0.32242990654205606
0.2349799732977303
0.26268357810413884
0.26101468624833113
0.24499332443257676
0.2760347129506008
0.23931909212283045
0.2800400534045394
0.18057409879839786
0.20927903871829107
0.1959279038718291
0.3184245660881175
0.2493324432576769
0.23030707610146864
0.2266355140186916
0.30240320427236317
0.26101468624833113
0.23664886515353806
0.2089452603471295
0.2473297730307076
0.22963951935914553
0.27069425901201605
0.24699599465954605
0.21795727636849133
0.20694259012016022
0.20694259012016022
0.25267022696929237
0.20427236315086783
0.2409879839786382
0.21194926568758343
0.26869158878504673
0.2376502002670227
0.2570093457943925
0.2590120160213618
0.27069425901201605
0.27102803738317754
0.32910547396528705
