27.833333333333332
54.411764705882355
73.73333333333333
81.23076923076923
104.5
76.4
116.3
92.84615384615384
99.7
77.5
80.92857142857143
99.27272727272727
107.72727272727273
113.6
124.0
129.33333333333334
121.33333333333333
132.77777777777777
98.58333333333333
153.75
125.5
319.0
144.875
186.83333333333334
246.2
439.6666666666667
246.0
247.6
219.5
199.33333333333334
197.33333333333334
127.55555555555556
158.625
140.625
170.57142857142858
158.875
164.42857142857142
151.375
133.0
186.66666666666666
272.25
103.91666666666667
98.41666666666667
148.625
162.14285714285714
158.0
107.22222222222223
141.875
101.63636363636364
170.71428571428572
122.9
206.66666666666666
145.66666666666666
201.0
135.77777777777777
137.44444444444446
252.0
213.16666666666666
263.6
210.83333333333334
254.6
