35.0
51.421052631578945
47.833333333333336
89.41666666666667
87.41666666666667
85.84615384615384
110.1
67.05882352941177
90.6923076923077
169.16666666666666
86.46153846153847
97.54545454545455
98.41666666666667
83.53846153846153
110.2
125.0
97.15384615384616
105.18181818181819
146.75
160.71428571428572
172.14285714285714
117.3
217.2
162.28571428571428
134.11111111111111
108.0909090909091
134.22222222222223
119.0
116.4
147.25
255.0
235.2
184.0
181.0
156.375
173.28571428571428
156.375
146.75
157.0
142.875
270.5
247.2
196.66666666666666
157.85714285714286
217.8
134.88888888888889
140.875
100.16666666666667
165.85714285714286
127.77777777777777
199.33333333333334
102.8
129.88888888888889
131.7
91.23076923076923
133.88888888888889
125.8
116.9
