16.0
49.1764705882353
78.15384615384616
83.76923076923077
79.85714285714286
99.72727272727273
104.18181818181819
113.9
112.4
99.9090909090909
169.57142857142858
109.7
107.54545454545455
112.0
122.7
83.6923076923077
96.9090909090909
90.23076923076923
163.57142857142858
150.75
113.18181818181819
135.3
116.27272727272727
131.3
101.25
109.27272727272727
123.22222222222223
146.625
223.4
129.44444444444446
173.71428571428572
174.28571428571428
105.91666666666667
172.57142857142858
127.66666666666667
162.42857142857142
96.91666666666667
204.2
151.125
122.88888888888889
88.61538461538461
111.4
97.0
102.18181818181819
141.25
100.58333333333333
130.77777777777777
85.84615384615384
131.88888888888889
108.72727272727273
132.22222222222223
153.42857142857142
147.14285714285714
134.5
89.66666666666667
127.75
108.0909090909091
132.55555555555554
155.85714285714286
131.11111111111111
145.375
294.0
