26.0
54.666666666666664
73.07142857142857
77.14285714285714
73.64285714285714
92.25
88.84615384615384
85.64285714285714
72.25
115.33333333333333
82.61538461538461
90.6923076923077
139.25
126.22222222222223
156.28571428571428
88.57142857142857
99.83333333333333
98.0
95.0
88.14285714285714
112.88888888888889
141.0
129.44444444444446
162.14285714285714
154.57142857142858
114.6
92.36363636363636
150.375
121.44444444444444
105.6
128.25
127.66666666666667
90.0
86.53846153846153
82.42857142857143
73.93333333333334
156.375
161.0
115.3
195.83333333333334
243.2
158.875
256.0
312.5
245.6
324.0
238.0
178.42857142857142
202.16666666666666
172.57142857142858
315.5
268.0
294.75
164.57142857142858
252.8
313.0
253.8
209.33333333333334
244.6
623.0
304.0
174.57142857142858
193.0
241.6
170.14285714285714
199.66666666666666
150.25
386.6666666666667
322.75
206.83333333333334
