10.940027903360932
11.990627503554352
7.829545015384291
6.294226239230465
8.367413306522922
9.216088546050472
5.228129047119374
5.3410032568304695
8.721601144893766
7.902373061302535
5.104899607240088
12.798828071350908
11.882786595910517
27.35415873317986
3.4437443284889775
14.804917952081567
10.060277514734343
15.117292891873804
5.798706752371601
9.70142500145332
12.022088514268141
6.643054833041264
11.961877159974158
6.771180760317132
5.249538642074308
7.101168410746497
14.122637462205452
11.762352705835282
9.086175969570476
21.1607784996867
9.851521158471034
7.639815574143162
16.504006247642486
8.908220999957457
7.449161026585476
13.659998373190076
8.808614845804652
5.429951657243368
8.065289138579528
12.265311647996768
13.977101809745825
5.714063268038067
18.27493730039404
6.810449487531805
6.523114318189071
10.4219616172109
3.7331632614323125
24.065096901714085
3.900620944157481
12.030560045151681
12.122413480295812
7.273535659337508
4.458488123062605
6.9
8.007781682466652
5.607534613753574
6.027713773341709
7.4896378120849745
5.277349288465316
6.924151756787284
9.368858532611194
6.468346479034615
7.2876608044008195
6.341125810391234
6.963972543042291
5.487764167268447
4.7771185538988385
8.54194613363957
