9.292715998948806
8.96364539545771
11.599836766858036
4.379751388175157
8.213837594430611
9.405435780559147
3.8179037296517695
15.649262228105952
4.829519959431657
8.193832368854569
12.671325897474187
8.490580981176958
11.31754101798962
8.345797969637175
7.789829294869901
6.7334983478129695
7.086329549350245
20.839322055911513
9.761349835821067
6.7120714473392535
7.95508935914727
10.778143037969889
6.693464658590682
4.43471156521669
9.928758578673381
16.866825306451933
14.298027617472279
11.704172517567727
4.795831523312719
7.4148224413491315
6.690005443907065
5.278984263873407
12.10053054647493
7.356327586204652
16.247256178608538
4.381591846285779
7.014975163406488
29.244657631779518
8.468528581244852
12.023785950000464
6.771955035290769
7.019782315000943
8.286535263104035
10.204040816244897
4.283689998120779
6.214587174543455
11.14657318416741
12.370875019691796
8.015555810303917
8.107609594284455
4.876246279442598
11.925386524134133
24.926163151745907
9.468799462725256
12.187406285683528
5.67097875150313
3.820413008505174
5.654406983857842
9.241660241735174
10.421687495215632
6.77742709334008
11.207498592074773
9.925759923510721
8.656644846590392
8.438553411187808
10.589565094416715
19.33692495374243
8.905537252181926
2.573367875415838
6.924772872726077
6.754813098820721
11.575239054531451
7.927929805814199
12.508397179495063
11.121312591146784
7.046066904559551
7.769606296777233
13.611219861660048
6.59197099755855
9.866584057760727
5.79822189663605
16.972023650020628
18.053936874770574
11.808200275655897
17.701812524898877
5.1837002516850585
9.404786015641186
8.798395575665051
