13.342182761094596
10.934146311237816
13.366089321488166
4.33938324115078
9.379998667377304
6.592944616372549
7.885272017685845
7.386173268720112
12.66491215919005
12.202583623618922
8.046914593005207
5.017303392593808
5.097932881824753
8.612989826419163
6.10962355632489
12.00887245962248
4.526465385804788
7.0950053097951065
15.225161922145707
4.380353866983808
4.521553322083512
7.7513338080231495
4.995998398718718
7.395268757793729
7.684571008127088
3.6156139672068965
12.160225892227496
14.558818072682598
12.276816427993385
6.905501459939252
9.514531821875089
8.963453034668566
13.354150416006753
9.052658023141635
8.814445214784902
6.22965438447431
14.1550973859921
5.546282148857961
9.111934138809389
10.871777939028904
5.615600737642633
4.954898627435607
7.302212955644799
13.202020047452335
6.083694425961969
14.133155831235994
7.554348536980659
7.065172798075547
14.184057952504283
18.380666170976745
3.9031237489989987
15.716233645501712
10.981044273352754
7.612862711908058
7.542304928625176
4.732342097565968
16.090459675285334
5.871042139387959
7.873128931343
10.24608454585019
8.760707733967616
9.351173426070359
11.469767022723502
5.763232057621834
8.741580229769376
9.421016694367735
8.556236536788203
15.15109090315135
6.713776302779778
8.631338250816034
3.9565109931294677
5.002550369969464
3.8113404189961417
7.378939860346056
8.181923829456029
9.993748045653343
7.416198487095663
12.86269368712825
6.173279112432873
