12.216876751540342
8.695208347098186
11.57839244444725
13.780505932294359
8.488917975517358
5.954583420518296
15.043455572293075
8.495877282296853
10.27131929208707
6.40339442855213
11.265094040885765
7.958224257542215
7.491823798162546
8.374712082760565
7.749982078832327
11.263895696444806
9.211914838946353
5.71011137376728
8.558441071845206
10.784768170424245
17.406446363344816
7.491546161433492
15.102803532993901
16.620156191706943
5.865847190756517
14.124998086168226
8.610492992225298
8.925999629607606
10.64332076076865
11.929153747909961
5.431007721900812
11.281726097986956
9.222864223753698
8.652734024236665
5.75870035318608
18.687813542520164
16.308654825650773
5.133130669573309
14.493525579962395
13.804186160565772
21.713028837584478
24.585090332692836
7.3663407319066305
10.535817965759112
6.552155975130451
5.408518980490581
12.085470357003073
6.911983087658826
12.200494703327287
4.58257569495584
13.076923076923078
5.289822513300632
10.07112208246926
7.4365273520758155
8.304473837293108
9.25991866864931
9.543311387760923
10.111173406899868
11.173175186579686
7.55707450009592
9.52660342616959
9.5150257112482
6.649979114420002
16.080526525376378
7.875627606996259
4.044200236827494
15.800843859321775
12.746935906326666
15.991216597384415
9.536115561380326
10.576703960434303
13.873873828170703
6.643478190611888
4.067981865039916
6.626982534074253
6.8
4.2238927355307965
14.181942744208214
