0.0
0.3527777777777778
0.4462962962962963
0.4935185185185185
0.4398148148148148
0.5111111111111111
0.6444444444444445
0.6101851851851852
0.5166666666666667
0.49722222222222223
0.5157407407407407
0.5101851851851852
0.562962962962963
0.5916666666666667
0.5814814814814815
0.4166666666666667
0.524074074074074
0.55
0.537962962962963
0.6342592592592593
0.6416666666666667
0.6444444444444445
0.5361111111111111
0.5944444444444444
0.6546296296296297
0.700925925925926
0.6268518518518519
0.6694444444444444
0.5962962962962963
0.6083333333333333
0.5861111111111111
0.4703703703703704
0.662962962962963
0.6175925925925926
0.6231481481481481
0.675
0.5703703703703704
0.6222222222222222
0.5574074074074075
0.5972222222222222
0.6481481481481481
0.5305555555555556
0.5546296296296296
0.5935185185185186
0.55
0.48333333333333334
0.475
0.5703703703703704
0.4212962962962963
0.5064814814814815
0.5814814814814815
0.5324074074074074
0.6111111111111112
0.6416666666666667
0.5675925925925925
0.5712962962962963
0.687037037037037
0.5981481481481481
0.7092592592592593
0.5833333333333334
0.6342592592592593
