0.0
0.425
0.4212962962962963
0.35648148148148145
0.5231481481481481
0.42962962962962964
0.5518518518518518
0.6055555555555555
0.5611111111111111
0.4981481481481482
0.5435185185185185
0.5675925925925925
0.5685185185185185
0.5111111111111111
0.5527777777777778
0.462037037037037
0.5453703703703704
0.5074074074074074
0.612037037037037
0.5324074074074074
0.6111111111111112
0.6777777777777778
0.587037037037037
0.6092592592592593
0.5833333333333334
0.6222222222222222
0.5648148148148148
0.5527777777777778
0.6083333333333333
0.575
0.5259259259259259
0.5731481481481482
0.5546296296296296
0.687037037037037
0.5555555555555556
0.5518518518518518
0.49166666666666664
0.5083333333333333
0.5712962962962963
0.4185185185185185
0.5351851851851852
0.4759259259259259
0.44907407407407407
0.49537037037037035
0.5842592592592593
0.4962962962962963
0.6046296296296296
0.5898148148148148
0.5370370370370371
0.525
0.5981481481481481
0.525
0.4722222222222222
0.5018518518518519
0.4722222222222222
0.4638888888888889
0.5722222222222222
0.549074074074074
0.625
0.5361111111111111
0.6074074074074074
0.6018518518518519
