0.07407407407407407
0.34074074074074073
0.36666666666666664
0.4351851851851852
0.4361111111111111
0.49074074074074076
0.49907407407407406
0.524074074074074
0.49166666666666664
0.48518518518518516
0.45555555555555555
0.5361111111111111
0.5037037037037037
0.5064814814814815
0.5018518518518519
0.5805555555555556
0.5805555555555556
0.5194444444444445
0.5138888888888888
0.575
0.4398148148148148
0.47962962962962963
0.5944444444444444
0.6509259259259259
0.487962962962963
0.5546296296296296
0.5074074074074074
0.5111111111111111
0.5537037037037037
0.4444444444444444
0.5
0.5712962962962963
0.5361111111111111
0.5175925925925926
0.5388888888888889
0.44722222222222224
0.6175925925925926
0.5768518518518518
0.575925925925926
0.5722222222222222
0.6055555555555555
0.6370370370370371
0.6027777777777777
0.6018518518518519
0.6472222222222223
0.6722222222222223
0.6037037037037037
0.6759259259259259
0.6083333333333333
0.7037037037037037
0.6453703703703704
0.6185185185185185
0.6611111111111111
0.6620370370370371
0.6527777777777778
0.6777777777777778
0.725925925925926
0.6796296296296296
0.7157407407407408
0.7416666666666667
0.7046296296296296
0.7
0.6944444444444444
0.6342592592592593
0.7
0.6962962962962963
0.6796296296296296
0.674074074074074
0.6833333333333333
0.7111111111111111
