0.0
0.6473429951690821
0.642512077294686
0.6835748792270532
0.8188405797101449
0.8164251207729468
0.7294685990338164
0.7729468599033816
0.642512077294686
0.7898550724637681
0.6400966183574879
0.7222222222222222
0.7342995169082126
0.6690821256038647
0.782608695652174
0.606280193236715
0.6328502415458938
0.6932367149758454
0.7729468599033816
0.7584541062801933
0.748792270531401
0.6352657004830918
0.6666666666666666
0.6497584541062802
0.644927536231884
0.748792270531401
0.7342995169082126
0.6763285024154589
0.5555555555555556
0.6280193236714976
0.7584541062801933
0.5024154589371981
0.6666666666666666
0.7608695652173914
0.7608695652173914
0.6980676328502415
0.5628019323671497
0.6859903381642513
0.6932367149758454
0.6642512077294686
0.5241545893719807
0.6690821256038647
0.782608695652174
0.7946859903381642
0.538647342995169
0.5217391304347826
