0.0
0.20772946859903382
0.5265700483091788
0.7439613526570048
0.7777777777777778
0.5676328502415459
0.8236714975845411
0.7729468599033816
0.6956521739130435
0.7077294685990339
0.7681159420289855
0.7391304347826086
0.5748792270531401
0.6835748792270532
0.7415458937198067
0.5483091787439613
0.7971014492753623
0.7536231884057971
0.7657004830917874
0.7681159420289855
0.7439613526570048
0.6400966183574879
0.785024154589372
0.642512077294686
0.6111111111111112
0.7028985507246377
0.5990338164251208
0.6956521739130435
0.6714975845410628
0.8816425120772947
0.7560386473429952
0.5555555555555556
0.7415458937198067
0.7222222222222222
0.7922705314009661
0.7391304347826086
0.7318840579710145
0.7898550724637681
0.6207729468599034
0.6642512077294686
0.717391304347826
0.6811594202898551
0.6231884057971014
0.6666666666666666
0.5797101449275363
0.7391304347826086
0.7946859903381642
0.8236714975845411
0.8019323671497585
0.7946859903381642
0.678743961352657
0.7922705314009661
0.7198067632850241
0.6111111111111112
0.7294685990338164
0.5966183574879227
0.6980676328502415
0.7415458937198067
0.5869565217391305
0.6038647342995169
0.6714975845410628
0.782608695652174
0.7681159420289855
0.6328502415458938
0.7681159420289855
0.7367149758454107
0.6545893719806763
0.6086956521739131
0.7028985507246377
0.5314009661835749
0.6690821256038647
0.6908212560386473
0.5362318840579711
0.785024154589372
