0.18115942028985507
0.6956521739130435
0.6135265700483091
0.6328502415458938
0.6763285024154589
0.7246376811594203
0.4758454106280193
0.7439613526570048
0.7657004830917874
0.717391304347826
0.5652173913043478
0.7101449275362319
0.5048309178743962
0.6521739130434783
0.7463768115942029
0.7729468599033816
0.857487922705314
0.8236714975845411
0.8188405797101449
0.7657004830917874
0.7028985507246377
0.6135265700483091
0.8816425120772947
0.7318840579710145
0.5362318840579711
0.6956521739130435
0.7270531400966184
0.6763285024154589
0.751207729468599
0.678743961352657
0.7077294685990339
0.6038647342995169
0.7560386473429952
0.4975845410628019
0.6714975845410628
0.6304347826086957
0.7342995169082126
0.717391304347826
0.5555555555555556
0.7246376811594203
0.5748792270531401
0.7367149758454107
0.7101449275362319
0.7028985507246377
0.7801932367149759
0.7536231884057971
0.6859903381642513
0.5893719806763285
0.7681159420289855
0.7608695652173914
0.6980676328502415
0.7004830917874396
0.6570048309178744
0.6570048309178744
0.6570048309178744
0.7415458937198067
0.8043478260869565
0.7729468599033816
0.8309178743961353
0.714975845410628
0.717391304347826
0.8043478260869565
0.6376811594202898
0.8792270531400966
0.7657004830917874
0.7946859903381642
0.7995169082125604
0.8357487922705314
0.8236714975845411
0.678743961352657
0.6956521739130435
0.7028985507246377
0.7608695652173914
0.6376811594202898
