0.0
47.625
53.55555555555556
53.3
59.375
55.2
58.0
59.90909090909091
62.0
67.125
61.888888888888886
55.1
76.0
63.9
52.333333333333336
56.25
80.85714285714286
99.0
116.2
97.85714285714286
99.0
116.0
96.5
71.33333333333333
141.4
189.25
135.4
120.5
128.8
109.5
79.125
127.0
79.55555555555556
66.7
96.14285714285714
91.125
77.0
84.0
75.25
92.14285714285714
77.77777777777777
63.666666666666664
85.57142857142857
106.83333333333333
66.0
74.57142857142857
102.6
88.0
113.75
109.4
125.6
143.75
165.0
173.25
204.33333333333334
205.66666666666666
148.4
161.5
95.75
210.0
228.33333333333334
