0.0
39.888888888888886
39.0
52.666666666666664
86.2
52.875
58.25
75.16666666666667
54.81818181818182
74.25
58.8
45.09090909090909
67.875
72.85714285714286
84.33333333333333
67.85714285714286
57.81818181818182
55.8
58.63636363636363
65.0
86.33333333333333
87.0
71.0
71.875
64.8
83.83333333333333
66.44444444444444
100.5
67.77777777777777
205.0
90.75
156.0
119.0
117.16666666666667
100.28571428571429
102.14285714285714
129.8
153.25
95.85714285714286
75.625
107.83333333333333
152.4
216.33333333333334
158.75
119.8
71.55555555555556
70.0
96.83333333333333
99.4
85.42857142857143
111.0
72.66666666666667
119.4
86.125
88.0
94.42857142857143
104.5
75.55555555555556
