0.0
38.25
41.36363636363637
64.16666666666667
56.5
46.4
54.18181818181818
81.75
75.75
67.25
73.375
55.72727272727273
55.81818181818182
92.0
74.625
55.44444444444444
73.625
60.888888888888886
73.44444444444444
82.14285714285714
110.0
122.0
90.57142857142857
82.25
70.0
67.2
67.77777777777777
59.7
93.85714285714286
77.625
113.6
88.42857142857143
85.57142857142857
148.4
100.0
85.14285714285714
75.85714285714286
68.625
88.14285714285714
75.33333333333333
64.22222222222223
51.4
69.28571428571429
89.16666666666667
63.1
76.57142857142857
93.28571428571429
79.625
72.5
70.875
80.75
81.0
102.0
108.4
72.85714285714286
83.5
77.25
74.125
67.5
82.71428571428571
65.6
108.33333333333333
