0.001851851851851852
0.0
0.001851851851851852
0.0
0.0
0.001851851851851852
0.0
0.0
0.0
0.0
0.0
0.003703703703703704
0.0
0.0
0.007407407407407408
0.0
0.0
0.0
0.0
0.0
0.0
0.0
0.001851851851851852
0.0
0.0
0.0
0.001851851851851852
0.001851851851851852
0.0
0.0
0.001851851851851852
0.0
0.0
0.0
0.0
0.0
0.003703703703703704
0.001851851851851852
0.001851851851851852
0.0
0.0
0.0
0.0
0.0
0.0
0.0
0.0
0.0
0.0
0.0
0.0
0.0
0.0
0.0
0.0
0.0
0.020370370370370372
0.0
0.003703703703703704
0.0
0.0
0.0
0.0
0.007407407407407408
0.0
0.0
0.0
0.0
0.0
0.001851851851851852
0.0
0.0
0.0
0.0
0.0
0.0
0.0
0.0
0.0
0.0
0.0
0.0
0.0
0.0
0.0
0.0
0.0
0.001851851851851852
0.0
0.0
0.0
0.0
0.0
0.0
0.0
0.0
0.0
0.0
0.0
0.0
0.0
0.0
0.0
0.0
0.0
0.009259259259259259
0.0
