0.5
4.123105625617661
2.947456530637899
2.277608394786075
4.534313619501853
4.642796092394707
0.9428090415820634
5.656854249492381
8.685620300243386
2.5
5.717298313014636
6.584831053261731
4.242640687119285
1.4142135623730951
0.4
4.815340071064556
4.029888335921977
9.672412085697939
1.0
1.0
2.8613807855648994
6.098155458825234
0.4898979485566356
4.301162633521313
1.5
12.735285626950029
5.522680508593631
0.9428090415820634
1.699673171197595
4.4969125210773475
1.6
0.0
1.0
6.5
5.185449728701348
0.5
1.4142135623730951
1.920286436967152
6.847546194724712
3.559026084010437
8.809086218218097
5.185449728701348
7.118052168020874
1.247219128924647
1.0
0.4714045207910317
2.160246899469287
4.493050188902857
5.402545696243577
2.692582403567252
4.183300132670378
2.165063509461097
22.5
5.11737237261468
2.6246692913372702
1.247219128924647
2.5
14.148763196831021
2.48746859276655
3.1874754901018454
1.247219128924647
2.9297326385411577
0.4714045207910317
9.201449161228174
9.877021593352703
8.18535277187245
1.299038105676658
6.847546194724712
2.494438257849294
0.0
4.9216076867444665
4.5
3.5
1.479019945774904
1.8856180831641267
10.03327796219494
0.4714045207910317
3.4641016151377544
0.82915619758885
3.5
6.4031242374328485
5.035871324805669
5.436502143433364
3.6817870057290873
9.12071817347735
12.99038105676658
7.39509972887452
6.599663291074443
8.65383665716478
16.0
0.0
3.7416573867739413
2.5768197453450252
1.5
4.0276819911981905
5.2493385826745405
1.5811388300841898
7.292976072907411
5.557777333511022
2.5495097567963922
4.5
9.177266598624136
4.96655480858378
2.943920288775949
6.5
0.4714045207910317
0.4330127018922193
0.7071067811865476
2.8284271247461903
8.0
0.7071067811865476
0.4714045207910317
4.784233364802441
0.5
1.5
3.605551275463989
2.33238075793812
2.481934729198171
