5.185449728701348
2.692582403567252
13.047988350699889
6.722164829874376
0.8660254037844386
2.5
0.8660254037844386
7.0
7.11055553385247
7.788880963698615
1.920286436967152
1.5
6.53356717268599
8.06225774829855
3.299831645537222
6.796138609534093
0.5
4.96655480858378
3.6996621467371855
4.0
3.265986323710904
1.0
9.5
5.0
1.247219128924647
5.734883511361751
5.185449728701348
4.08248290463863
8.806563209081938
5.5901699437494745
23.0
1.632993161855452
2.8284271247461903
0.816496580927726
8.013876853447538
5.539629951540085
3.7735924528226414
0.5
3.6817870057290873
9.977753031397176
4.96655480858378
2.0548046676563256
5.656854249492381
1.0
0.9428090415820634
10.034316120194738
6.96419413859206
5.5
1.5
7.8222439235810075
5.354126134736337
3.3166247903554
4.968651728587948
6.020373573058707
2.48746859276655
4.307615994440029
3.8586123009300755
4.988876515698588
1.0
3.24037034920393
4.08248290463863
10.41633332799983
11.121488209767612
5.402545696243577
11.08552609887726
0.5
1.0
3.0
4.5
0.816496580927726
6.2599920127744575
3.2619012860600183
10.5
3.2998316455372216
8.74642784226795
0.5
6.98212002188447
5.5
4.96655480858378
2.160246899469287
1.699673171197595
1.699673171197595
18.87385022252275
5.5
0.5
3.344772040064913
8.286535263104035
5.557777333511022
1.5
13.67073110293992
0.5
5.315072906367325
0.0
7.46240577829965
9.568466729604882
6.0
7.118052168020874
2.345207879911715
4.387482193696061
0.82915619758885
2.8674417556808756
0.4714045207910317
10.208928554075703
9.54921462739214
4.109609335312651
9.030811456096044
1.469693845669907
