0.39999999999999997
2.8000000000000003
4.714045207910317
8.956685895029603
0.5
1.5
3.7416573867739413
0.4714045207910317
2.947456530637899
14.236104336041748
1.2000000000000002
7.297259759663212
2.7856776554368237
2.0548046676563256
3.7416573867739413
1.0
0.0
2.0615528128088303
2.8284271247461903
6.128258770283412
1.4142135623730951
2.345207879911715
14.966629547095765
0.0
8.73053390247253
3.6817870057290873
0.0
0.5
5.715476066494082
4.0
4.493050188902857
6.5
0.0
7.717224601860151
0.82915619758885
2.0615528128088303
0.82915619758885
5.385164807134504
1.699673171197595
4.988876515698588
7.2571803523590805
0.816496580927726
1.0
15.0
3.39934634239519
3.5
4.784233364802441
2.0
9.741092797468305
2.494438257849294
2.943920288775949
0.4714045207910317
10.5
16.068213964221414
2.357022603955158
1.624807680927192
7.039570693980959
2.5
1.479019945774904
1.699673171197595
3.0
1.118033988749895
2.5
2.449489742783178
8.5
5.123475382979799
3.0
7.874007874011811
18.5
0.5
0.0
1.699673171197595
2.598076211353316
1.247219128924647
9.463379711052259
1.5
0.0
2.0976176963403033
1.019803902718557
8.16496580927726
2.5
4.085033659592048
8.055363982396381
8.65383665716478
2.345207879911715
0.9428090415820634
8.0
3.559026084010437
10.0
4.264680527307995
1.224744871391589
0.4714045207910317
4.714045207910317
1.699673171197595
2.0
4.642796092394707
2.179449471770337
0.4330127018922193
12.5
0.4714045207910317
2.160246899469287
3.9370039370059056
3.3466401061363023
2.5
2.494438257849294
1.5
5.522680508593631
2.384848003542364
2.280350850198276
1.0
4.0276819911981905
4.109609335312651
3.7416573867739413
8.48528137423857
3.2998316455372216
0.4714045207910317
4.968651728587948
3.2691742076555053
4.320493798938574
