5.5
2.3570226039551585
5.5
8.093207028119323
2.1213203435596424
6.299801584177076
0.0
4.320493798938574
2.165063509461097
7.542472332656507
2.357022603955158
8.0
6.128258770283412
4.621688003316537
7.586537784494028
3.658928135675913
9.672412085697939
0.4714045207910317
0.4714045207910317
1.5
11.554220008291344
2.5
14.0
2.449489742783178
4.0276819911981905
5.673402858955108
1.8856180831641267
8.011710179481033
0.816496580927726
1.0
1.4142135623730951
0.0
4.0
11.08552609887726
2.5
1.7853571071357126
3.559026084010437
1.0
16.268579122549905
1.247219128924647
8.660254037844387
5.436502143433364
6.800735254367722
4.5
5.0
11.0
6.48074069840786
4.857983120596447
2.5495097567963922
10.256095748383007
0.82915619758885
1.8856180831641267
0.5
6.164414002968976
13.518505834595775
0.816496580927726
1.4142135623730951
5.5
3.6817870057290873
11.5
7.0
6.819090848492928
6.977642868476432
0.816496580927726
1.8856180831641267
7.582875444051551
3.265986323710904
4.166533331199932
0.0
0.4330127018922193
7.0
7.788880963698615
3.39934634239519
13.199326582148887
2.3570226039551585
2.6246692913372702
1.5
0.4330127018922193
1.8856180831641267
3.39934634239519
4.5
12.918548250050733
0.4714045207910317
7.628073151196179
7.5
2.0
7.318166133366716
2.0
15.0
3.559026084010437
1.8856180831641267
2.160246899469287
1.6583123951777
1.247219128924647
9.620810776644555
5.787918451395113
0.5
6.437390775772433
2.0615528128088303
10.656244908763853
4.716990566028302
3.0
10.331989159885913
2.0
3.0
6.0
2.8284271247461903
12.283683848458853
1.5
3.112474899497183
14.974979131871937
1.5
17.5
17.90716802475106
0.9428090415820634
0.0
