0.08333333333333333
0.25
0.6265432098765432
0.558641975308642
0.8055555555555556
0.47530864197530864
0.8240740740740741
0.2623456790123457
0.5802469135802469
0.7314814814814815
0.6203703703703703
0.5555555555555556
0.7253086419753086
0.49382716049382713
0.7870370370370371
0.5679012345679012
0.8209876543209876
0.3487654320987654
0.5679012345679012
0.7345679012345679
0.5092592592592593
0.8765432098765432
0.2808641975308642
0.37037037037037035
0.6388888888888888
0.7716049382716049
0.6512345679012346
0.5493827160493827
0.8641975308641975
0.32407407407407407
0.6574074074074074
0.4074074074074074
0.37037037037037035
0.5370370370370371
0.6327160493827161
0.6481481481481481
0.5216049382716049
0.808641975308642
0.6358024691358025
0.7777777777777778
0.6265432098765432
0.4537037037037037
0.37037037037037035
0.4104938271604938
0.2345679012345679
0.7222222222222222
0.6080246913580247
0.5987654320987654
0.7530864197530864
0.8950617283950617
0.6851851851851852
0.6203703703703703
0.38580246913580246
0.2808641975308642
0.5246913580246914
0.6234567901234568
0.49691358024691357
0.2654320987654321
