0.19444444444444445
0.2932098765432099
0.7098765432098766
0.41358024691358025
0.4444444444444444
0.3611111111111111
0.5339506172839507
0.8981481481481481
0.4228395061728395
0.7469135802469136
0.558641975308642
0.24382716049382716
0.38580246913580246
0.39197530864197533
0.5864197530864198
0.5123456790123457
0.5925925925925926
0.6574074074074074
0.6080246913580247
0.6635802469135802
0.7037037037037037
0.5154320987654321
0.35802469135802467
0.44753086419753085
0.4783950617283951
0.48148148148148145
0.6759259259259259
0.4660493827160494
0.6018518518518519
0.5864197530864198
0.5246913580246914
0.5432098765432098
0.6790123456790124
0.19753086419753085
0.558641975308642
0.9197530864197531
0.8827160493827161
0.7654320987654321
0.6728395061728395
0.5370370370370371
0.14814814814814814
0.48148148148148145
0.6141975308641975
0.3333333333333333
0.8518518518518519
0.6172839506172839
0.4506172839506173
0.654320987654321
0.25925925925925924
0.7067901234567902
0.41975308641975306
0.41358024691358025
0.4567901234567901
0.5771604938271605
0.2993827160493827
0.4660493827160494
0.3888888888888889
0.3888888888888889
0.5925925925925926
0.5030864197530864
0.5401234567901234
0.7623456790123457
0.5493827160493827
0.44135802469135804
0.4876543209876543
0.31790123456790126
0.5895061728395061
0.32098765432098764
0.8364197530864198
0.5432098765432098
0.6697530864197531
0.6358024691358025
0.7561728395061729
0.5
0.41975308641975306
0.7438271604938271
0.6265432098765432
0.8703703703703703
0.6944444444444444
0.6049382716049383
0.4691358024691358
0.7839506172839507
0.36728395061728397
0.5524691358024691
0.5987654320987654
0.5061728395061729
0.8765432098765432
0.5092592592592593
0.5061728395061729
0.46296296296296297
0.6635802469135802
0.8302469135802469
0.32407407407407407
0.5648148148148148
0.6080246913580247
0.7592592592592593
0.6296296296296297
0.7376543209876543
0.8734567901234568
0.4845679012345679
0.7870370370370371
0.845679012345679
0.9228395061728395
0.4012345679012346
0.7191358024691358
0.5648148148148148
0.6790123456790124
0.6635802469135802
0.38271604938271603
0.35185185185185186
0.3425925925925926
0.7623456790123457
0.3333333333333333
0.8549382716049383
0.6574074074074074
0.6697530864197531
0.22530864197530864
0.38580246913580246
0.5246913580246914
0.42592592592592593
0.4691358024691358
