0.15123456790123457
0.28703703703703703
0.6018518518518519
0.5308641975308642
0.27469135802469136
0.4382716049382716
0.4845679012345679
0.5185185185185185
0.5648148148148148
0.7993827160493827
0.5216049382716049
0.5895061728395061
0.5987654320987654
0.7746913580246914
0.5092592592592593
0.7438271604938271
0.5092592592592593
0.2993827160493827
0.6512345679012346
0.36728395061728397
0.6604938271604939
0.7962962962962963
0.6666666666666666
0.4104938271604938
0.6512345679012346
0.23765432098765432
0.6604938271604939
0.6512345679012346
0.19753086419753085
0.49382716049382713
0.2654320987654321
0.4166666666666667
0.6512345679012346
0.6080246913580247
0.7160493827160493
0.7407407407407407
0.7283950617283951
0.5987654320987654
0.654320987654321
0.7993827160493827
0.5617283950617284
0.8888888888888888
0.7561728395061729
0.45987654320987653
0.6759259259259259
0.9074074074074074
0.5895061728395061
0.5493827160493827
0.7808641975308642
0.6388888888888888
0.4074074074074074
0.5709876543209876
0.5154320987654321
0.6697530864197531
0.42901234567901236
0.4537037037037037
0.5864197530864198
