0.0
0.0
0.0
15.0
12.5
22.5
12.0
0.0
12.0
0.0
12.0
24.5
0.0
13.0
17.5
0.0
0.0
0.0
0.0
12.0
15.0
26.5
12.0
0.0
0.0
0.0
12.0
0.0
24.333333333333332
14.0
18.0
13.0
12.0
0.0
23.666666666666668
16.5
0.0
0.0
14.5
12.0
22.5
27.5
0.0
22.0
12.0
12.0
0.0
0.0
0.0
0.0
12.0
0.0
0.0
0.0
12.0
30.5
0.0
12.0
12.0
0.0
0.0
16.0
0.0
22.5
0.0
20.5
0.0
14.5
0.0
0.0
0.0
0.0
12.0
0.0
0.0
13.0
0.0
12.0
12.0
0.0
25.0
19.0
37.0
0.0
0.0
0.0
0.0
0.0
0.0
12.0
0.0
0.0
12.0
0.0
0.0
0.0
31.5
12.0
16.5
0.0
0.0
0.0
0.0
0.0
0.0
12.0
29.5
0.0
0.0
20.5
0.0
0.0
36.5
0.0
0.0
14.5
26.5
0.0
0.0
0.0
12.0
15.0
0.0
24.0
12.5
0.0
0.0
0.0
0.0
0.0
0.0
0.0
0.0
12.0
12.0
0.0
0.0
0.0
0.0
0.0
12.0
12.0
12.0
12.5
0.0
0.0
0.0
0.0
12.5
0.0
0.0
0.0
0.0
0.0
0.0
14.5
0.0
0.0
12.0
12.0
0.0
13.5
0.0
0.0
12.0
