42.0
12.5
12.0
18.333333333333332
12.5
0.0
0.0
0.0
0.0
23.0
0.0
0.0
12.0
0.0
12.0
0.0
33.5
0.0
0.0
0.0
0.0
0.0
0.0
0.0
0.0
34.0
16.0
12.0
18.5
14.0
12.0
0.0
20.0
0.0
28.0
12.0
18.5
12.0
14.0
0.0
0.0
0.0
0.0
0.0
0.0
12.0
24.0
0.0
0.0
12.0
0.0
0.0
12.0
21.0
0.0
12.0
24.0
0.0
0.0
0.0
0.0
0.0
0.0
0.0
0.0
0.0
21.5
12.0
0.0
12.0
12.0
12.5
14.0
12.0
12.0
19.0
32.0
12.0
0.0
12.0
0.0
12.0
12.5
0.0
0.0
12.0
12.0
13.5
18.0
26.0
16.0
27.666666666666668
0.0
0.0
0.0
12.5
0.0
0.0
29.0
0.0
15.5
0.0
0.0
0.0
0.0
22.0
17.0
0.0
12.0
42.0
25.0
12.0
20.5
20.5
24.0
20.5
0.0
12.5
0.0
0.0
13.5
12.0
12.0
13.0
29.5
0.0
0.0
0.0
24.0
12.0
0.0
23.0
22.5
0.0
12.0
12.0
24.0
13.5
12.0
0.0
0.0
24.0
12.0
0.0
0.0
0.0
31.5
12.0
12.0
0.0
0.0
25.5
19.5
0.0
22.0
12.5
27.0
19.5
27.0
0.0
