0.0
0.0
0.0
0.0
0.0
12.0
19.0
0.0
13.0
0.0
0.0
27.0
0.0
0.0
12.5
13.0
0.0
0.0
0.0
0.0
0.0
36.0
0.0
13.5
12.5
17.0
0.0
12.0
0.0
0.0
0.0
27.0
12.0
12.0
18.0
0.0
0.0
35.5
0.0
0.0
0.0
0.0
0.0
14.5
13.5
12.0
0.0
12.0
12.0
0.0
28.0
15.5
0.0
0.0
15.0
12.5
0.0
0.0
0.0
34.0
0.0
0.0
0.0
0.0
0.0
15.0
0.0
0.0
12.0
16.5
0.0
0.0
0.0
12.0
12.0
0.0
26.0
12.5
0.0
0.0
0.0
12.0
0.0
15.0
12.0
13.0
0.0
0.0
31.5
12.5
0.0
0.0
18.5
12.0
12.5
0.0
0.0
16.0
31.0
12.5
23.5
0.0
0.0
0.0
0.0
12.0
0.0
0.0
0.0
0.0
0.0
12.5
34.0
16.5
12.0
0.0
16.666666666666668
17.5
0.0
12.0
0.0
0.0
24.0
0.0
16.5
0.0
0.0
0.0
12.0
0.0
12.0
0.0
0.0
12.0
12.5
12.0
0.0
0.0
0.0
26.0
24.0
0.0
0.0
0.0
0.0
12.0
14.5
16.0
0.0
12.0
24.5
