37.5
12.0
0.0
0.0
24.5
12.0
12.0
0.0
0.0
0.0
12.5
0.0
0.0
0.0
19.666666666666668
0.0
17.0
0.0
0.0
19.5
24.5
0.0
0.0
0.0
0.0
0.0
16.0
13.0
15.0
0.0
33.0
0.0
0.0
14.0
0.0
0.0
19.5
0.0
12.5
0.0
0.0
12.0
12.0
0.0
0.0
14.5
24.0
12.5
24.5
0.0
12.0
12.0
0.0
0.0
12.5
0.0
0.0
0.0
12.0
13.0
0.0
0.0
18.5
12.0
16.5
16.5
28.5
0.0
12.0
18.5
16.0
0.0
0.0
0.0
0.0
0.0
18.5
0.0
0.0
0.0
13.0
12.0
0.0
0.0
0.0
12.0
0.0
0.0
0.0
0.0
0.0
12.0
12.0
0.0
0.0
21.0
12.0
17.0
12.0
0.0
14.5
0.0
0.0
0.0
12.0
12.5
12.0
0.0
26.0
0.0
0.0
0.0
12.0
13.0
0.0
0.0
0.0
12.0
14.0
14.5
0.0
0.0
0.0
0.0
0.0
0.0
0.0
17.0
0.0
0.0
0.0
0.0
33.5
16.0
13.0
24.0
12.0
25.5
0.0
0.0
19.666666666666668
0.0
0.0
22.0
0.0
12.0
12.0
0.0
0.0
0.0
0.0
0.0
12.0
16.666666666666668
12.5
12.0
12.0
12.0
12.0
22.5
0.0
0.0
0.0
0.0
0.0
12.0
12.0
