45.6
77.75
74.6
76.88888888888889
104.0
104.42857142857143
80.66666666666667
141.4
85.44444444444444
81.9
92.875
119.5
105.625
112.28571428571429
104.14285714285714
80.11111111111111
95.77777777777777
111.28571428571429
73.18181818181819
115.28571428571429
69.9090909090909
105.625
135.6
91.22222222222223
154.0
115.57142857142857
115.71428571428571
212.0
158.8
202.75
140.0
99.5
125.66666666666667
125.66666666666667
109.57142857142857
208.75
128.0
76.5
116.5
102.14285714285714
103.57142857142857
116.66666666666667
121.83333333333333
212.5
142.8
74.2
121.66666666666667
191.0
79.66666666666667
118.66666666666667
185.75
120.83333333333333
192.75
191.0
192.75
264.6666666666667
132.66666666666666
175.8
167.2
170.0
287.0
