45.5
69.5
50.76923076923077
81.88888888888889
73.9
78.25
83.125
72.63636363636364
85.11111111111111
75.8
81.11111111111111
60.166666666666664
115.5
97.5
67.0
77.0
113.57142857142857
66.0909090909091
83.0
128.33333333333334
154.6
106.625
97.5
133.5
92.25
87.875
160.0
105.0
146.4
111.14285714285714
189.5
107.57142857142857
274.6666666666667
247.0
116.5
154.2
124.83333333333333
166.4
116.85714285714286
127.66666666666667
244.33333333333334
287.3333333333333
212.75
203.75
99.125
84.5
175.0
119.28571428571429
142.6
97.625
187.0
67.27272727272727
81.3
100.66666666666667
97.22222222222223
118.83333333333333
90.33333333333333
59.30769230769231
