50.375
66.8
59.916666666666664
106.71428571428571
74.77777777777777
96.0
78.9
89.625
111.14285714285714
81.2
91.875
77.9
95.375
80.7
134.0
84.125
89.75
85.44444444444444
166.8
165.2
210.5
100.875
129.0
141.5
70.36363636363636
75.4
96.28571428571429
100.85714285714286
128.33333333333334
144.0
148.4
105.0
120.66666666666667
160.0
145.8
91.25
143.2
94.14285714285714
107.28571428571429
194.75
104.14285714285714
103.85714285714286
87.875
112.0
68.0
99.875
123.33333333333333
150.0
131.4
127.5
98.75
129.16666666666666
161.75
106.28571428571429
87.5
101.28571428571429
93.375
118.16666666666667
141.8
74.5
99.57142857142857
126.0
