49.57142857142857
67.45454545454545
76.66666666666667
81.4
69.45454545454545
67.36363636363636
69.18181818181819
124.83333333333333
60.166666666666664
92.5
83.77777777777777
95.0
66.6
76.77777777777777
108.85714285714286
103.875
68.0
74.3
75.2
56.84615384615385
66.3
73.63636363636364
163.0
107.57142857142857
91.5
81.88888888888889
95.125
93.875
119.5
63.18181818181818
80.44444444444444
83.55555555555556
101.57142857142857
82.33333333333333
121.66666666666667
82.6
149.4
103.42857142857143
116.16666666666667
87.66666666666667
130.83333333333334
403.5
273.6666666666667
210.75
128.16666666666666
201.0
153.4
133.5
273.0
418.5
255.33333333333334
280.6666666666667
273.3333333333333
199.75
199.75
278.0
198.75
270.6666666666667
407.5
420.0
416.0
256.6666666666667
250.66666666666666
137.16666666666666
223.0
225.0
194.25
163.0
270.0
287.3333333333333
