# ../../src/extractProb.py --suffix freeEnergyLandscapes/972 --dat_file ../../data/auxCoords/corebydipc/972.dat
# # column 0: midpoint of bin
# # column 1: Normalized probability
1.250000000000000069e-02	2.447308442600242273e-01
3.750000000000000555e-02	1.309803790835727955e-01
6.250000000000000000e-02	7.456060801702744933e-02
8.750000000000000833e-02	4.488490816553675905e-02
1.125000000000000028e-01	3.714615874805640011e-02
1.375000000000000111e-01	3.689795956003880800e-02
1.625000000000000333e-01	2.621682036670732602e-02
1.875000000000000000e-01	3.186783185405002439e-02
2.125000000000000222e-01	3.413125377638169533e-02
2.374999999999999889e-01	4.663237211331892201e-02
2.625000000000000111e-01	5.334108300059890728e-02
2.875000000000000333e-01	4.530685807782502267e-02
3.125000000000000000e-01	4.310879888174853902e-02
3.375000000000000222e-01	5.425880334948278427e-02
3.625000000000000444e-01	2.632026531751929105e-02
3.875000000000000111e-01	3.327037628444069056e-02
4.125000000000000333e-01	2.552683473288017146e-02
4.375000000000000000e-01	7.208799508190714446e-03
4.625000000000000222e-01	3.119050570342570428e-03
4.875000000000000444e-01	4.894544963960133308e-04
5.124999999999999556e-01	5.398358609120116628e-07
5.375000000000000888e-01	0.000000000000000000e+00
5.625000000000000000e-01	0.000000000000000000e+00
5.875000000000001332e-01	0.000000000000000000e+00
6.125000000000000444e-01	0.000000000000000000e+00
6.374999999999999556e-01	0.000000000000000000e+00
6.625000000000000888e-01	0.000000000000000000e+00
6.875000000000000000e-01	0.000000000000000000e+00
7.125000000000001332e-01	0.000000000000000000e+00
7.375000000000000444e-01	0.000000000000000000e+00
7.624999999999999556e-01	0.000000000000000000e+00
7.875000000000000888e-01	0.000000000000000000e+00
8.125000000000000000e-01	0.000000000000000000e+00
8.375000000000001332e-01	0.000000000000000000e+00
8.625000000000000444e-01	0.000000000000000000e+00
8.874999999999999556e-01	0.000000000000000000e+00
9.125000000000000888e-01	0.000000000000000000e+00
9.375000000000000000e-01	0.000000000000000000e+00
9.625000000000001332e-01	0.000000000000000000e+00
9.875000000000000444e-01	0.000000000000000000e+00
