0.13689416419386746
0.08110781404549951
0.08249258160237388
0.09169139465875371
0.13175074183976263
0.1016815034619189
0.09297725024727992
0.11582591493570722
0.0830860534124629
0.10385756676557864
0.09653808110781405
0.12660731948565776
0.10425321463897132
0.10049455984174085
0.09109792284866469
0.133135509396637
0.08081107814045499
0.08170128585558853
0.08496538081107814
0.09228486646884274
0.09742828882294757
0.06221562809099901
0.11226508407517309
0.08852621167161226
0.10771513353115728
0.10731948565776459
0.10059347181008903
0.09396636993076163
0.08694362017804154
0.10652818991097923
0.1
0.09990108803165183
0.1009891196834817
0.09792284866468842
0.12057368941641938
0.11364985163204748
0.10593471810089021
0.07171117705242334
0.10029673590504451
0.06844708209693373
0.10178041543026706
0.09693372898120672
0.1039564787339268
0.09376854599406528
0.08605341246290801
0.11097922848664689
0.10494559841740851
0.08862512363996043
0.09020771513353115
0.0857566765578635
0.11602373887240357
0.0980217606330366
0.090702274975272
0.10336300692383778
0.09752720079129575
0.08902077151335312
0.10247279920870425
0.10059347181008903
0.08892185954500495
0.07873392680514342
0.08090999010880316
0.07883283877349159
0.10623145400593471
0.10089020771513353
0.09297725024727992
0.11958456973293768
0.1036597428288823
0.12057368941641938
