0.12640949554896141
0.08516320474777449
0.0764589515331355
0.07962413452027696
0.0877349159248269
0.08417408506429278
0.055984174085064294
0.10207715133531158
0.10326409495548962
0.09821958456973294
0.09109792284866469
0.1155291790306627
0.12225519287833828
0.09475766567754698
0.10712166172106825
0.1095944609297725
0.1142433234421365
0.12601384767556875
0.11097922848664689
0.08882294757665678
0.09930761622156281
0.1211671612265084
0.10148367952522255
0.09159248269040554
0.1155291790306627
0.09970326409495549
0.1016815034619189
0.10454995054401582
0.08338278931750742
0.1026706231454006
0.09821958456973294
0.1198813056379822
0.10613254203758654
0.07695351137487635
0.09515331355093966
0.08892185954500495
0.09752720079129575
0.12453016815034619
0.071513353115727
0.08753709198813056
0.08704253214638971
0.08486646884272997
0.07428288822947576
0.10207715133531158
0.1022749752720079
0.09198813056379822
0.08882294757665678
0.12640949554896141
0.11256181998021761
0.07744807121661722
0.09129574678536102
0.10672601384767556
0.0877349159248269
0.09910979228486647
0.11572700296735905
0.09475766567754698
0.06063303659742829
0.08684470820969337
0.0791295746785361
0.06083086053412463
0.10049455984174085
0.10009891196834816
0.09920870425321464
0.09287833827893176
0.10158259149357073
0.10534124629080119
0.09248269040553907
0.10939663699307617
0.0705242334322453
0.11671612265084075
0.0884272997032641
0.12146389713155292
0.0781404549950544
0.1102868447082097
0.10524233432245302
0.0970326409495549
0.11839762611275964
0.09149357072205737
0.08427299703264095
0.09347181008902077
0.09475766567754698
0.07932739861523244
0.11632047477744807
0.12354104846686449
0.09930761622156281
0.10514342235410484
0.13105835806132543
0.11404549950544016
