0.16162215628090998
0.09198813056379822
0.07655786350148368
0.10702274975272008
0.10544015825914936
0.08951533135509397
0.0771513353115727
0.09416419386745796
0.09980217606330366
0.09614243323442137
0.11355093966369931
0.09881305637982196
0.109297725024728
0.08822947576656776
0.08595450049455984
0.09841740850642927
0.09792284866468842
0.10178041543026706
0.10276953511374877
0.09416419386745796
0.11632047477744807
0.1297725024727992
0.09050445103857567
0.09812067260138477
0.12690405539070226
0.09080118694362017
0.12037586547972305
0.0827893175074184
0.11859545004945599
0.10741839762611276
0.10583580613254204
0.10593471810089021
0.09030662710187932
0.1271018793273986
0.10613254203758654
0.10870425321463897
0.11295746785361029
0.09841740850642927
0.09099901088031652
0.09723046488625124
0.10573689416419386
0.10682492581602374
0.08981206726013848
0.0980217606330366
0.090108803165183
0.10019782393669634
0.11364985163204748
0.11315529179030663
0.11503461918892186
0.0857566765578635
0.0837784371909001
0.07368941641938674
0.12176063303659743
0.09347181008902077
0.07952522255192879
0.08911968348170128
0.1089020771513353
0.10247279920870425
0.09713155291790307
0.08061325420375866
0.09198813056379822
0.104648862512364
0.09683481701285855
0.09317507418397626
0.0840751730959446
0.10811078140454995
0.08724035608308606
0.09723046488625124
0.09248269040553907
0.08654797230464886
0.0923837784371909
0.0950544015825915
0.09426310583580613
0.10642927794263106
0.11444114737883283
0.11760633036597429
0.12354104846686449
0.1281899109792285
