0.6877815210517586
0.8349831497585846
0.8076883041423755
0.6164664276552261
0.7664355679003314
0.8059137964399551
0.7298248453589424
0.8054436571398376
0.7518586178974316
0.693568831247691
0.7120806211364727
0.7685437450176567
0.7700653576783066
0.6277314017859156
0.6667868352418571
0.774454844245291
0.8084803227277078
0.8672818986625744
0.7879658204474299
0.7929703808133238
0.712072190095368
0.8033337729778044
0.7770076468192056
0.5344984842216668
0.7727725241697444
0.6305473194288441
0.7842850744535752
0.7268322474357782
0.7840848910781525
0.8827709582078398
0.7925387650851592
0.6816433335319485
0.8661787585356048
0.6604893119052688
0.8262254871217671
0.6425992672211682
0.7841478826966681
0.8400850058823277
0.6959264274949548
0.7945635462540688
0.8340487591911607
0.7724243082559724
0.6775703289062158
0.6759495506255854
0.74558413271697
0.6701281925744926
0.7063732787752255
0.8067381997843228
0.7748402353892367
0.6448629678359961
0.7493879069128763
0.7068039840541127
0.8117374361781861
2
0.6530578822757727
0.8634201325557521
0.6836039642857968
0.7421811373930384
0.8427716094431423
0.7598207265245259
0.6255956434539447
-2
0.7706690532255359
0.7002392627145743
0.9230842970958657
0.7466875252138387
0.8442655224825452
0.6882956213337178
