0.758276366274786
0.8836773405647739
-2
0.8176633429865912
0.8071055739902165
0.8450229070442467
0.6338240294296341
0.7467923078017097
0.7345461498555298
0.8102307781481342
0.5097727235869903
0.7228462341827802
0.7456927100226752
0.7121888635321755
0.6760185605220222
0.801069771381784
0.5902745830774139
0.7274004892753948
0.7681334122823932
0.797108999313243
0.6305265910428833
0.6477234366493905
0.7015677432741456
0.8090901126508225
0.6689952564931546
0.7199083602952341
0.7345294894540858
0.5704974163073065
0.5444717391095147
0.7656568732455951
0.7508050865809499
0.7179625160275385
0.7454576514002159
0.8066471474759578
0.7779645052754054
-2
0.7833709186453442
0.6599690165119092
0.8103038034871218
0.6732415295690306
0.7956983533082982
0.7598145023037249
0.738323561307859
0.7067800953624662
0.7919239933881745
0.8798762907776548
-2
0.7373480907030889
0.7424440948465282
-2
0.8267201080727967
0.7314436238542587
0.8053413464673034
0.7904914927942088
0.7146951486603109
0.7632379404602034
2
0.8229900296096079
0.7475643587137133
0.8057166969206828
0.8334833276626998
0.7541617406485941
0.7047700649372274
0.5894696494729664
0.7784096137528999
0.71630359154072
0.5161774108163798
0.7124563621661325
0.8017987722674945
0.7600268861810863
-2
0.6845988397269739
-2
0.6568203643922537
0.7520449069920019
0.6765413207068455
0.6943594551034699
0.7601564876180871
0.8206190390216084
0.8076974021250373
0.7890688872682645
0.8459285440908337
0.6446359912691318
0.726509221336317
0.6769884747569649
0.6938491294994745
0.7069030051380254
0.7292202254630614
