0.7013137992103864
0.7093915485937194
0.8457084134167698
0.8025347425345832
0.7817169549335118
0.7013025557479656
0.7516828646641966
0.748281823382319
0.7404060501772236
0.7601491380243477
0.7237263740238827
0.8888999427385228
0.7769576099976729
0.762434684113646
0.641165598519199
0.7273473723856283
0.7084448375676361
0.7958210097874362
0.7085566229495983
0.7332870499092553
-2
0.7544586191209776
0.8167428339501099
0.9051521454421989
0.7268591318606499
0.6784916687809108
0.8030864547185574
0.7020599770281445
-2
0.7798843227484533
0.6844178907258788
0.6534761137723738
0.8306788947559557
0.723549635332633
0.6062489797715683
0.7530921511954108
0.7455593554567478
0.7937748791148821
0.7153692959827697
0.7593065310607106
0.7765112554251197
0.8983968535354708
0.8003590240053401
0.7330147347528654
0.7651716199055414
0.7608599679362185
0.7873555042163088
0.614714310455097
0.7602417657405491
0.8010441424631412
0.8458356169128223
0.7192367841639086
0.7529051074964087
0.6160492441147499
0.7719768306173609
0.785515310610335
0.6150385246976701
0.7569862818141335
0.7399202452974557
0.7532367161183934
0.865835310142503
0.6892495585826092
0.8722471056325819
0.7627585009727671
0.7017625320949554
0.6367878844951188
0.68273922392592
0.8984683747235668
0.7746725220968258
0.7368753209323204
0.7714813071797896
0.7285924375050582
0.8489902968536845
-2
0.715738685411891
0.8286646830296917
0.5029600761280779
0.6943125007630494
0.6251886575792461
