0.6577658696032227
0.7595432043112901
0.8608057517685298
0.8090936450001458
0.8192843175227936
0.6451147054472031
0.7031969944820138
0.7236754236018795
0.6488193139732628
0.7065236094419994
0.8012447143694615
0.6503776166388757
0.7168428599497583
0.6910483301294678
0.8627848370751539
0.4207234352790246
0.6574788755639476
0.8103574629634578
0.6737558270854455
0.7363437470254226
0.6661070742645446
0.7341618098728827
0.7504236899644527
0.8132533100504662
0.774982240578654
0.8325860415169619
0.7575431799930135
0.8603122269955292
0.8020582366152428
0.8789691840202531
0.7515181281053092
0.7256066924267272
0.7094455323026037
0.7293019226822464
0.6598809608843506
0.7095234616958674
0.6608972331027057
0.6498143594608699
0.8567641095836135
0.8006057472195456
0.7187639577680552
0.816557577060112
0.796894188219488
0.751245442985726
0.8683736053143928
0.6896909689210203
0.7576338362225045
0.5738273129351378
0.7750362334834469
0.6880739802281484
0.8237759894668806
0.8113249469050068
0.6573278284806223
0.7024285793201954
-2
0.8829526783780464
0.7621356348865055
0.5564943127545611
0.7289379047406704
0.7869738643540012
0.7666012125708106
0.6601692575171816
0.7690634402359032
0.7334679804955313
0.8207766012496981
0.7669314998321589
0.7795403031508268
-2
0.7152801856566745
0.6299019814604899
0.7645962929872487
0.8185975044968824
0.796605708246311
0.6852204589959122
0.7514078483237766
0.731029578015284
0.6492214462656893
0.6838255410544148
