0.05246913580246913
0.4773662551440329
0.5946502057613169
0.6183127572016461
0.6522633744855967
0.6121399176954733
0.6759259259259259
0.5601851851851852
0.4835390946502058
0.4876543209876543
0.5272633744855967
0.5601851851851852
0.5051440329218106
0.5550411522633745
0.625
0.5133744855967078
0.5781893004115226
0.6296296296296297
0.6239711934156379
0.6039094650205762
0.7304526748971193
0.6882716049382716
0.7042181069958847
0.7448559670781894
0.6779835390946503
0.7345679012345679
0.7263374485596708
0.6445473251028807
0.625
0.6975308641975309
0.7386831275720165
0.6959876543209876
0.7330246913580247
0.625
0.7376543209876543
0.7145061728395061
0.6867283950617284
0.7402263374485597
0.6800411522633745
0.6193415637860082
0.6342592592592593
0.7268518518518519
0.6368312757201646
0.676954732510288
0.647119341563786
0.5653292181069959
0.551954732510288
0.5627572016460906
0.6270576131687243
0.6239711934156379
0.49434156378600824
0.5889917695473251
0.6358024691358025
0.647633744855967
0.5972222222222222
0.6563786008230452
0.6496913580246914
0.529320987654321
0.5457818930041153
0.48405349794238683
0.5859053497942387
0.6424897119341564
0.6738683127572016
0.6481481481481481
0.6198559670781894
0.7196502057613169
0.742798353909465
0.6332304526748971
0.7011316872427984
0.7160493827160493
0.6347736625514403
0.5792181069958847
0.6208847736625515
0.5632716049382716
0.6383744855967078
0.5967078189300411
0.5576131687242798
0.6054526748971193
0.5668724279835391
0.5648148148148148
0.5915637860082305
0.6558641975308642
0.6877572016460906
0.6291152263374485
0.5941358024691358
0.6383744855967078
0.6671810699588477
0.6162551440329218
0.6697530864197531
0.522119341563786
0.7211934156378601
0.7325102880658436
0.6584362139917695
0.7263374485596708
0.6779835390946503
0.5823045267489712
0.6671810699588477
0.6579218106995884
0.6239711934156379
0.654835390946502
0.654320987654321
0.6131687242798354
0.6203703703703703
0.6008230452674898
0.6898148148148148
0.6748971193415638
0.6018518518518519
0.6075102880658436
0.6877572016460906
0.6723251028806584
0.6219135802469136
0.5699588477366255
0.5972222222222222
0.7165637860082305
0.6640946502057613
0.7078189300411523
0.6301440329218106
0.7057613168724279
0.6193415637860082
0.6347736625514403
