0.11728395061728394
0.42901234567901236
0.5879629629629629
0.6373456790123457
0.5992798353909465
0.5853909465020576
0.6368312757201646
0.5992798353909465
0.6414609053497943
0.5576131687242798
0.6656378600823045
0.6856995884773662
0.6589506172839507
0.6970164609053497
0.7345679012345679
0.7628600823045267
0.706275720164609
0.6882716049382716
0.7587448559670782
0.7237654320987654
0.7314814814814815
0.7037037037037037
0.6779835390946503
0.6430041152263375
0.6718106995884774
0.7304526748971193
0.6352880658436214
0.6970164609053497
0.6867283950617284
0.684156378600823
0.6316872427983539
0.6481481481481481
0.6316872427983539
0.6440329218106996
0.654320987654321
0.6234567901234568
0.698045267489712
0.6918724279835391
0.6620370370370371
0.691358024691358
0.6610082304526749
0.6450617283950617
0.6728395061728395
0.5925925925925926
0.6347736625514403
0.6275720164609053
0.6275720164609053
0.63940329218107
0.6512345679012346
0.6244855967078189
0.6656378600823045
0.6666666666666666
0.6198559670781894
0.5997942386831275
0.6306584362139918
0.6661522633744856
0.713477366255144
0.6918724279835391
0.6491769547325102
0.676954732510288
0.7299382716049383
0.7119341563786008
0.6167695473251029
0.7119341563786008
0.6424897119341564
0.7186213991769548
0.6934156378600823
0.6604938271604939
0.6867283950617284
0.6568930041152263
0.6167695473251029
0.6265432098765432
0.720679012345679
0.6784979423868313
0.6388888888888888
0.6666666666666666
0.7021604938271605
0.7695473251028807
0.6903292181069959
0.7818930041152263
0.7191358024691358
0.6733539094650206
0.6939300411522634
0.7340534979423868
0.7227366255144033
0.7294238683127572
0.7237654320987654
0.6934156378600823
0.6404320987654321
0.6990740740740741
0.6332304526748971
0.6229423868312757
0.6332304526748971
0.6152263374485597
0.647119341563786
0.6296296296296297
0.5828189300411523
0.573045267489712
0.5709876543209876
0.6075102880658436
0.6856995884773662
0.6049382716049383
0.5915637860082305
0.5704732510288066
0.6121399176954733
0.632201646090535
0.6018518518518519
0.6743827160493827
0.6342592592592593
0.6646090534979424
0.5149176954732511
0.551440329218107
0.522633744855967
0.5761316872427984
0.5961934156378601
0.6610082304526749
0.6213991769547325
0.6424897119341564
0.6342592592592593
0.5792181069958847
