0.15534979423868311
0.4732510288065844
0.551440329218107
0.6373456790123457
0.559156378600823
0.5802469135802469
0.5997942386831275
0.6373456790123457
0.6440329218106996
0.6219135802469136
0.558641975308642
0.5982510288065843
0.6049382716049383
0.6404320987654321
0.6856995884773662
0.7073045267489712
0.6388888888888888
0.5426954732510288
0.632201646090535
0.6630658436213992
0.6661522633744856
0.7067901234567902
0.6404320987654321
0.6003086419753086
0.6208847736625515
0.5961934156378601
0.566358024691358
0.6162551440329218
0.6620370370370371
0.6445473251028807
0.7175925925925926
0.7479423868312757
0.6666666666666666
0.5889917695473251
0.6718106995884774
0.6003086419753086
0.6831275720164609
0.6316872427983539
0.6033950617283951
0.661522633744856
0.6208847736625515
0.6538065843621399
0.5817901234567902
0.7289094650205762
0.720164609053498
0.6718106995884774
0.7181069958847737
0.6527777777777778
0.7155349794238683
0.6800411522633745
0.7016460905349794
0.6661522633744856
0.7011316872427984
0.757201646090535
0.7052469135802469
0.6213991769547325
0.6599794238683128
0.6260288065843621
0.7474279835390947
0.6790123456790124
0.6820987654320988
0.6774691358024691
0.6517489711934157
0.6630658436213992
0.6584362139917695
0.6790123456790124
0.6805555555555556
0.6198559670781894
0.6172839506172839
0.5421810699588477
0.5653292181069959
0.6095679012345679
0.6599794238683128
0.6923868312757202
0.6460905349794238
0.6790123456790124
0.6784979423868313
0.6553497942386831
0.6280864197530864
0.6589506172839507
0.5426954732510288
0.5565843621399177
0.551440329218107
0.6193415637860082
0.5781893004115226
0.5617283950617284
0.6291152263374485
0.6239711934156379
0.6430041152263375
0.5694444444444444
0.698045267489712
0.691358024691358
0.6136831275720165
0.6625514403292181
0.6496913580246914
0.7016460905349794
0.684156378600823
0.5823045267489712
0.6661522633744856
0.6712962962962963
0.6445473251028807
0.573559670781893
0.6527777777777778
0.581275720164609
0.5684156378600823
0.5771604938271605
