0.10751028806584362
0.5190329218106996
0.5961934156378601
0.5426954732510288
0.6286008230452675
0.6167695473251029
0.6697530864197531
0.668724279835391
0.6579218106995884
0.720679012345679
0.6445473251028807
0.5617283950617284
0.6491769547325102
0.6373456790123457
0.7026748971193416
0.6820987654320988
0.7067901234567902
0.6774691358024691
0.6568930041152263
0.6507201646090535
0.6965020576131687
0.6111111111111112
0.6944444444444444
0.6579218106995884
0.6414609053497943
0.7417695473251029
0.7880658436213992
0.7870370370370371
0.7376543209876543
0.7407407407407407
0.7253086419753086
0.7510288065843621
0.7309670781893004
0.7515432098765432
0.7186213991769548
0.7103909465020576
0.6929012345679012
0.7093621399176955
0.7258230452674898
0.7767489711934157
0.7633744855967078
0.7412551440329218
0.7283950617283951
0.7577160493827161
0.7021604938271605
0.7875514403292181
0.7489711934156379
0.7484567901234568
0.7196502057613169
0.7577160493827161
0.7525720164609053
0.6342592592592593
0.6481481481481481
0.6183127572016461
0.6779835390946503
0.6183127572016461
0.7155349794238683
0.61059670781893
0.661522633744856
0.7026748971193416
0.6568930041152263
0.5833333333333334
0.6682098765432098
0.6944444444444444
0.7191358024691358
0.7304526748971193
0.7566872427983539
0.7093621399176955
0.7191358024691358
0.7109053497942387
0.6244855967078189
0.6008230452674898
0.6846707818930041
0.6435185185185185
0.6965020576131687
0.6424897119341564
0.6430041152263375
0.6440329218106996
0.602880658436214
0.5946502057613169
0.5848765432098766
0.6790123456790124
0.6414609053497943
0.6676954732510288
0.6409465020576132
0.6373456790123457
0.6707818930041153
0.6702674897119342
0.6635802469135802
0.6502057613168725
0.6244855967078189
0.6774691358024691
0.6970164609053497
0.6965020576131687
0.6512345679012346
0.6286008230452675
0.7196502057613169
0.6373456790123457
0.6579218106995884
0.5833333333333334
0.6414609053497943
0.6147119341563786
0.6111111111111112
0.5354938271604939
0.5133744855967078
0.6162551440329218
0.5493827160493827
0.5416666666666666
0.5051440329218106
0.6409465020576132
0.602880658436214
0.6579218106995884
0.654835390946502
0.6039094650205762
