8.333333333333334
7.8
8.0
8.25
9.666666666666666
4.666666666666667
4.666666666666667
5.0
3.0
11.5
6.285714285714286
9.142857142857142
6.333333333333333
8.714285714285714
6.111111111111111
6.125
10.0
6.0
7.8
7.0
3.25
5.5
8.11111111111111
9.666666666666666
5.75
9.11111111111111
8.8
7.625
9.714285714285714
11.714285714285714
9.5
4.4
3.3
16.2
2.5
6.444444444444445
18.5
7.75
4.625
8.166666666666666
5.666666666666667
10.142857142857142
9.333333333333334
6.857142857142857
7.4
6.75
3.6666666666666665
12.571428571428571
8.2
8.2
8.857142857142858
3.6
7.0
6.375
3.125
5.222222222222222
5.5
11.6
4.857142857142857
5.5
5.142857142857143
6.714285714285714
14.5
5.875
5.9
5.777777777777778
8.166666666666666
6.166666666666667
8.0
3.0
