9.0
8.5
12.8
8.5
10.6
4.75
6.111111111111111
14.0
6.6
8.333333333333334
6.25
21.0
2.5714285714285716
7.8
11.833333333333334
4.571428571428571
12.8
13.6
5.9
7.833333333333333
3.111111111111111
4.0
8.571428571428571
9.166666666666666
22.25
3.6666666666666665
6.6
22.666666666666668
9.0
10.2
7.833333333333333
6.0
7.5
8.4
5.333333333333333
4.142857142857143
10.833333333333334
5.285714285714286
3.625
6.857142857142857
13.666666666666666
14.6
6.714285714285714
10.166666666666666
6.571428571428571
8.333333333333334
7.222222222222222
6.4
5.571428571428571
7.0
7.875
5.2
7.0
15.75
9.875
7.428571428571429
6.875
13.75
11.75
4.0
4.857142857142857
3.4285714285714284
5.0
4.2
8.6
4.166666666666667
15.4
