10.625
8.285714285714286
3.25
12.333333333333334
3.75
8.666666666666666
9.0
6.75
10.857142857142858
6.125
5.0
2.8333333333333335
6.444444444444445
10.833333333333334
7.4
8.25
6.0
2.4285714285714284
10.25
16.75
3.0
5.0
3.8333333333333335
6.833333333333333
10.714285714285714
3.625
5.833333333333333
4.428571428571429
6.285714285714286
9.75
3.2
17.333333333333332
7.875
7.0
3.0
5.714285714285714
6.0
5.714285714285714
10.75
6.0
11.666666666666666
10.571428571428571
2.0
3.8333333333333335
7.888888888888889
11.5
8.4
4.428571428571429
5.714285714285714
6.285714285714286
5.166666666666667
4.714285714285714
4.125
3.1666666666666665
6.0
3.8333333333333335
9.142857142857142
5.428571428571429
4.4
5.285714285714286
15.8
6.142857142857143
3.3333333333333335
2.6
6.571428571428571
7.5
7.142857142857143
8.5
4.142857142857143
5.285714285714286
5.571428571428571
11.8
4.0
11.4
6.0
7.5
5.857142857142857
4.4
5.888888888888889
