30.25
13.0
0.0
13.0
16.0
0.0
0.0
19.666666666666668
0.0
13.0
13.0
17.0
26.0
13.0
0.0
0.0
18.0
0.0
13.0
0.0
13.0
34.333333333333336
0.0
0.0
24.666666666666668
16.0
13.0
17.333333333333332
28.0
13.5
19.666666666666668
22.666666666666668
13.0
28.75
15.0
13.5
31.5
33.5
13.0
13.5
17.333333333333332
14.5
0.0
13.0
18.5
13.0
35.333333333333336
30.666666666666668
40.0
26.0
0.0
0.0
13.0
13.5
0.0
19.333333333333332
0.0
14.0
16.0
19.0
0.0
28.25
0.0
13.5
0.0
34.75
16.5
49.0
16.0
14.0
13.0
15.0
15.0
13.0
30.666666666666668
19.5
26.25
34.0
