-2
0.42663230131689195
0.5607958915055586
2
0.41217470684043633
0.5275471711097179
0.3908714239974682
0.41514808700723194
-2
2
0.5336822782386239
2
0.47254912627059925
0.47639749232805867
2
0.5779402333023304
-2
0.5241987818083892
2
2
0.4209909719129776
0.5856837113482796
0.4810882144734115
0.3550806764683517
0.4868318765920962
2
0.3754091225141819
2
2
2
0.3878532408790832
0.5043232232218399
2
2
2
0.4420802829807129
0.510260352633289
0.4808576971971116
0.4919500258842318
0.44984392746344093
0.39449199974441734
0.45622933139917815
2
2
0.3767803837290857
0.32453997568863474
2
0.46182581822143276
2
2
0.49675451234951734
2
0.500604875449928
2
2
2
2
0.4251880126633069
2
2
0.5243465657587464
0.4713752492725259
2
