-2
2
0.5522060748362546
2
2
2
0.349977686446442
0.39700124357049404
0.43991060681200705
0.45671384462465386
2
0.5390194800364969
0.4840579750504408
2
0.5098691033877923
2
2
2
2
2
0.4852900573341386
0.4501288818742931
2
-2
2
0.40497992605273464
2
0.44411279338689263
0.5109303059089568
0.3695532558930054
0.37241350209235047
2
2
0.33192413410878463
0.5261789716492457
0.48923071989308237
0.38547283839814794
0.41967835616932525
2
2
0.4151238077418895
0.45514327375630403
2
0.5170957437298297
0.5663569991040057
0.39820485862714794
2
2
0.3699761547026167
2
2
0.5172069196743753
0.495169343153353
2
0.5394181475559873
0.5509138227725038
2
0.5821224932269659
2
2
0.5107528917708932
0.4169341867464549
2
0.44417896866858925
2
0.43541264024362203
0.4612756611643662
2
0.4675670863952853
2
0.6360407547146744
0.4346897840076175
0.3684013053688486
2
