2.160246899469287
6.0
0.0
0.5
0.5
0.0
0.0
0.0
0.0
6.847546194724712
0.816496580927726
1.5
3.897114317029974
0.0
0.5
0.0
0.0
0.5
0.5
0.0
0.0
0.0
2.5
1.0
1.224744871391589
0.5
0.0
0.5
0.0
0.4714045207910317
0.5
0.0
0.0
0.0
0.5
0.0
0.0
1.0
0.5
1.5
0.0
1.0
0.0
0.4714045207910317
0.5
0.5
0.5
0.4714045207910317
0.5
0.0
0.0
0.0
0.0
1.5811388300841898
0.5
2.0
0.5
0.0
0.5
1.0
0.4714045207910317
0.5
0.4714045207910317
0.0
2.5
1.699673171197595
0.5
0.5
0.5
0.4714045207910317
0.0
0.0
0.5
0.816496580927726
0.5
0.5
0.4714045207910317
0.5
0.5
3.0
0.5
1.0
0.5
2.0
1.0
2.5
0.5
0.5
