0.5
0.5
0.0
0.5
1.0
0.0
0.0
1.247219128924647
0.0
0.5
0.5
2.5
0.0
0.5
0.0
0.0
1.5
0.0
0.5
0.0
0.5
4.0276819911981905
0.0
0.0
4.0276819911981905
1.5
0.5
0.4714045207910317
0.5
0.5
0.816496580927726
4.0276819911981905
0.5
0.5
1.5
0.5
0.0
1.0
0.5
0.5
0.816496580927726
1.0
0.0
0.5
2.0
0.5
2.943920288775949
0.4714045207910317
2.8284271247461903
2.0615528128088303
0.0
0.0
0.5
0.5
0.0
1.699673171197595
0.0
0.5
1.0
1.247219128924647
0.0
0.82915619758885
0.0
0.5
0.0
2.449489742783178
1.5
4.189935029992179
1.0
1.0
0.5
1.5
1.0
0.5
2.3570226039551585
0.4330127018922193
0.0
0.0
