0.6803314364601114
-2
-2
-2
-2
0.6508034589357254
0.5127952388089623
0.635030938732522
-2
-2
-2
2
2
2
-2
-2
-2
-2
-2
-2
-2
-2
-2
0.7136600377038662
2
-2
-2
-2
2
-2
-2
-2
-2
0.8294631261835921
-2
-2
-2
-2
-2
-2
-2
-2
-2
-2
-2
0.7645431403670544
-2
-2
-2
-2
0.6463163023675494
-2
-2
-2
-2
-2
0.8361313929313008
-2
-2
-2
-2
-2
-2
-2
-2
-2
-2
-2
0.7655056870485825
-2
-2
-2
-2
0.7046279827234891
-2
-2
-2
-2
-2
2
2
2
-2
-2
-2
-2
2
-2
-2
-2
-2
-2
-2
2
-2
-2
-2
-2
-2
0.7700222675679316
-2
-2
-2
-2
-2
-2
-2
