0.0
0.0
0.0
0.0
0.0
0.0
12.0
12.0
0.0
12.0
0.0
12.0
12.0
0.0
0.0
15.0
0.0
0.0
0.0
0.0
0.0
12.0
0.0
0.0
12.0
0.0
0.0
5.0
12.0
0.0
1.0
12.0
0.0
0.0
0.0
0.0
12.0
12.0
12.5
0.0
0.0
0.0
12.5
0.0
0.0
0.0
12.5
0.0
0.0
0.0
0.0
0.0
0.0
0.0
0.0
0.0
0.0
0.0
0.0
0.0
12.0
0.0
0.0
0.0
0.0
0.0
0.0
0.0
0.0
0.0
0.0
0.0
0.0
0.0
0.0
12.0
0.0
0.0
0.0
0.0
12.0
12.5
0.0
0.0
0.0
12.0
12.5
0.0
0.0
0.0
0.0
20.5
0.0
0.0
0.0
17.0
0.0
0.0
12.0
0.0
0.0
0.0
0.0
0.0
13.0
14.5
12.0
0.0
0.0
0.0
0.0
0.0
12.0
0.0
12.0
0.0
0.0
0.0
12.0
12.0
12.0
0.0
0.0
0.0
12.0
0.0
0.0
19.0
0.0
0.0
12.0
0.0
12.0
0.0
13.0
0.0
12.0
0.0
0.0
15.0
0.0
0.0
0.0
0.0
0.0
12.0
0.0
0.0
12.0
0.0
0.0
0.0
6.5
0.0
0.0
12.0
12.5
0.0
14.5
0.0
0.0
0.0
0.0
12.0
0.0
12.0
12.5
14.0
0.0
0.0
0.0
0.0
0.0
13.5
1.5
0.0
0.0
0.0
0.0
0.0
0.0
0.0
0.0
0.0
12.0
0.0
0.0
12.0
0.0
