0.265625
0.16666666666666666
0.4427083333333333
0.140625
0.11979166666666667
0.2552083333333333
0.4375
0.3541666666666667
0.0
0.0
0.5052083333333334
0.4583333333333333
0.5052083333333334
0.4114583333333333
0.2604166666666667
0.390625
0.3177083333333333
0.0
0.2552083333333333
0.25
0.5104166666666666
0.18229166666666666
0.578125
0.3125
0.296875
0.3385416666666667
0.2760416666666667
0.4166666666666667
0.3645833333333333
0.390625
0.19270833333333334
0.4166666666666667
0.4375
0.171875
0.4635416666666667
0.23958333333333334
0.234375
0.15625
0.11979166666666667
0.3177083333333333
0.4114583333333333
0.11979166666666667
0.28125
0.0
0.4895833333333333
0.3697916666666667
0.13541666666666666
0.3854166666666667
0.18229166666666666
0.0
0.15104166666666666
0.3697916666666667
0.2916666666666667
0.3020833333333333
0.2708333333333333
0.359375
0.3072916666666667
0.0
0.18229166666666666
0.3541666666666667
0.3177083333333333
0.13020833333333334
0.2916666666666667
0.11979166666666667
0.375
0.453125
0.265625
0.2708333333333333
0.296875
0.4375
0.20833333333333334
0.0
0.3125
0.0
0.4166666666666667
0.4791666666666667
0.0
0.11979166666666667
0.23958333333333334
0.265625
0.11979166666666667
