0.5625
0.16666666666666666
0.34375
0.4322916666666667
0.0
0.0
0.3385416666666667
0.4427083333333333
0.328125
0.484375
0.3020833333333333
0.11979166666666667
0.3958333333333333
0.203125
0.4583333333333333
0.19791666666666666
0.28125
0.24479166666666666
0.21875
0.2864583333333333
0.0
0.23958333333333334
0.2604166666666667
0.171875
0.4791666666666667
0.18229166666666666
0.3177083333333333
0.3072916666666667
0.375
0.11979166666666667
0.0
0.375
0.4010416666666667
0.375
0.16666666666666666
0.11979166666666667
0.375
0.3177083333333333
0.15625
0.11979166666666667
0.4947916666666667
0.28125
0.4114583333333333
0.0
0.125
0.24479166666666666
0.3333333333333333
0.0
0.0
0.21875
0.11979166666666667
0.11979166666666667
0.15625
0.11979166666666667
0.0
0.2604166666666667
0.3958333333333333
0.22916666666666666
0.171875
0.3020833333333333
0.11979166666666667
0.3541666666666667
0.0
0.21354166666666666
0.4166666666666667
0.0
0.2552083333333333
0.13020833333333334
0.3697916666666667
