0.19270833333333334
0.22916666666666666
0.0
0.17708333333333334
0.140625
0.4270833333333333
0.359375
0.13020833333333334
0.3333333333333333
0.53125
0.0
0.16666666666666666
0.3697916666666667
0.0
0.2552083333333333
0.20833333333333334
0.17708333333333334
0.19270833333333334
0.3854166666666667
0.4114583333333333
0.234375
0.5364583333333334
0.16666666666666666
0.125
0.11979166666666667
0.296875
0.34375
0.18229166666666666
0.125
0.359375
0.5104166666666666
0.28125
0.13020833333333334
0.23958333333333334
0.20833333333333334
0.4583333333333333
0.1875
0.5104166666666666
0.0
0.13020833333333334
0.1875
0.18229166666666666
0.16666666666666666
0.0
0.4427083333333333
0.25
0.23958333333333334
0.4791666666666667
0.15625
0.0
0.2708333333333333
0.53125
0.16666666666666666
0.15104166666666666
0.17708333333333334
0.34375
0.11979166666666667
0.0
0.234375
0.2552083333333333
0.2708333333333333
0.11979166666666667
0.0
0.125
0.0
0.4739583333333333
0.22916666666666666
0.2604166666666667
0.0
0.19791666666666666
0.14583333333333334
0.18229166666666666
0.11979166666666667
0.16666666666666666
0.11979166666666667
0.203125
0.22395833333333334
0.328125
0.3489583333333333
0.0
0.40625
0.0
0.11979166666666667
0.5208333333333334
0.4114583333333333
