0.2916666666666667
0.0
0.3125
0.0
0.23958333333333334
0.171875
0.0
0.5364583333333334
0.4583333333333333
0.21875
0.3072916666666667
0.11979166666666667
0.15625
0.171875
0.11979166666666667
0.23958333333333334
0.15625
0.296875
0.2864583333333333
0.4270833333333333
0.296875
0.19270833333333334
0.0
0.19270833333333334
0.0
0.0
0.484375
0.0
0.40625
0.0
0.203125
0.20833333333333334
0.14583333333333334
0.11979166666666667
0.5
0.125
0.15625
0.18229166666666666
0.125
0.11979166666666667
0.5989583333333334
0.2916666666666667
0.2604166666666667
0.14583333333333334
0.1875
0.21354166666666666
0.3697916666666667
0.375
0.0
0.3697916666666667
0.11979166666666667
0.21354166666666666
0.23958333333333334
0.22916666666666666
0.21354166666666666
0.11979166666666667
0.21875
0.0
0.4010416666666667
0.3177083333333333
0.4635416666666667
0.11979166666666667
0.2760416666666667
0.2708333333333333
0.21875
0.234375
0.11979166666666667
0.3333333333333333
0.22395833333333334
0.28125
0.2604166666666667
0.265625
0.0
0.0
0.4322916666666667
0.0
0.11979166666666667
0.375
0.11979166666666667
0.4166666666666667
0.22916666666666666
0.23958333333333334
0.1875
0.11979166666666667
0.4739583333333333
0.24479166666666666
0.24479166666666666
0.3854166666666667
0.25
0.13541666666666666
0.328125
0.11979166666666667
0.13541666666666666
0.0
0.21354166666666666
0.19270833333333334
0.296875
0.3541666666666667
0.17708333333333334
0.0
0.3229166666666667
0.11979166666666667
0.11979166666666667
0.2916666666666667
0.23958333333333334
0.22916666666666666
0.4270833333333333
0.11979166666666667
0.0
0.3020833333333333
0.22916666666666666
0.3697916666666667
0.125
0.11979166666666667
0.3125
0.18229166666666666
0.0
0.28125
0.0
0.296875
0.4114583333333333
0.0
0.0
0.23958333333333334
0.11979166666666667
0.265625
0.11979166666666667
0.2552083333333333
0.421875
0.3541666666666667
0.0
0.19270833333333334
0.0
0.359375
0.4166666666666667
0.15625
0.21354166666666666
0.171875
0.296875
0.15625
0.23958333333333334
0.3125
0.34375
0.296875
0.16666666666666666
0.11979166666666667
0.1875
0.11979166666666667
0.125
0.0
0.15104166666666666
0.296875
0.15625
0.3541666666666667
0.23958333333333334
0.23958333333333334
0.3177083333333333
0.4479166666666667
0.2552083333333333
0.11979166666666667
0.24479166666666666
0.4583333333333333
0.125
0.21354166666666666
0.5364583333333334
0.390625
0.1875
0.421875
0.0
0.53125
0.22916666666666666
0.0
0.4791666666666667
0.11979166666666667
0.203125
0.23958333333333334
0.15625
0.265625
0.5520833333333334
0.16666666666666666
0.203125
0.19270833333333334
0.11979166666666667
0.296875
0.22916666666666666
0.17708333333333334
0.22916666666666666
0.2708333333333333
0.3697916666666667
