2
0.558007248084877
0.5111765692456413
0.6893718347277686
0.4399419458555549
-2
0.7039093485231869
0.6189980333245778
0.5272410478609112
2
0.4515525349784028
0.49785547340050723
0.567361795276423
0.6393611608410046
0.5635268398255221
-2
0.533832905146839
0.6356135470101671
2
2
0.6683549035140254
0.6024647118897213
0.6825459190065937
-2
0.607100205271464
0.5104454398130298
0.47860294428730954
0.6060774712391336
0.7192885103424504
0.7387864919435689
0.47342798039335576
2
0.5819179530536129
2
0.4872937819214491
2
0.5451783681779597
-2
0.7085418365250886
-2
0.4263274777142447
0.6370781555611013
0.48161060288696017
0.6772531360087952
2
0.7602103554158741
-2
0.4820944345889553
0.615316806766737
0.553636923322335
0.5782913854291963
-2
-2
0.5012773003178729
-2
-2
2
0.5029809500025498
0.5307128382618281
0.5658366927618368
0.7364237447507298
0.6454992113620923
0.7042389094107834
-2
-2
0.5218615033628848
0.5831260234190828
0.6247354654731422
0.6507686673557659
0.7106863315395132
0.5398702974460043
0.5449673396417869
-2
0.5000783472431127
-2
0.7287251476676149
0.742738767931684
0.6025070997042796
-2
2
0.6228102386706094
0.5122442479613483
0.5412271427534884
-2
0.5372709361860762
0.39529056322219414
0.47760609939029436
0.6103239865610995
0.5944279905186401
2
2
0.5952311783167255
0.45125774239205474
2
0.7001177974623647
-2
0.5727029736158707
0.5454859937097074
0.5551576120599853
0.5971813896291727
2
0.553893073281212
0.48106621065417443
0.7286042636344512
2
0.5213383355421088
0.6280632311425719
-2
0.6415778485993977
2
0.6711402595905007
0.7410937000913492
0.7249835626247048
-2
2
0.5799283757706929
0.5821877194412597
0.5150000470880542
