0.5696389852251947
0.49053398737939274
0.516940443718686
0.5321520023006332
0.5819348223433386
2
0.6938691983974492
2
0.492278121669405
0.7005926150203762
0.4480411095226137
-2
0.4464984009254618
0.4260232849092419
-2
0.6077325176377895
2
0.7072382018062056
0.47892532455671155
2
0.6350364517862973
0.5163828473170786
2
-2
0.6500525527073447
0.5085050348188295
-2
0.6500486765068194
0.4747328590403302
0.49604116098951706
-2
-2
-2
0.6177158231091282
0.36565517516983054
0.5459406726398588
0.47236438567412253
-2
0.5964691969876832
0.5176192456492736
0.60572490384995
-2
0.5845386308364612
2
0.6925918275737583
0.6041513927980905
0.65697742586984
2
-2
0.45622097861492383
-2
0.665430940884111
0.5625684308929396
0.5029046599656526
0.5234690191860929
0.5226493284732575
0.5101408716583771
0.4075186649560064
2
0.6571616719573907
0.5549362975896501
0.6194776012747311
0.6301670948049459
0.4494812498382328
0.7188085153186181
-2
-2
2
2
-2
0.5452306861661541
0.5024863222998046
-2
0.6412425538803467
0.552484310265225
2
0.48056946741359874
0.4631870704811568
-2
0.594769971746113
0.7078338431629412
0.507856640598205
0.6750335850312473
2
-2
0.5642364693417183
0.5176874592634153
0.501426005784333
2
0.5502111554514719
2
0.5083679733959477
0.7129580874577087
0.5131593806261664
0.6922045057686602
2
0.49705517383280984
0.6424179869856331
0.5044064335255543
0.6537080823298147
0.45284989175284646
0.5573820343463274
0.5398639686344969
0.5310331088340786
0.6599959270854534
0.6298330354794199
0.5893989956768813
