0.6017267436298623
0.5175299482274469
0.5455391629218883
0.7693807290240596
2
-2
0.5618943747578891
-2
0.4981349263804665
0.6685430920238138
0.6686209279063826
-2
0.5147718743235675
0.4425920441754184
-2
-2
0.6220927184931754
0.6067649385031886
0.5909566880381996
0.6451870465194629
0.6745192272023314
0.5166290400246176
0.5017036828753516
2
-2
0.6592372905689362
0.7022004833621158
-2
-2
2
0.45580232963317596
2
2
0.5135277823985753
0.6094741398216085
0.4962894618903154
0.7151630824625237
0.5903636213190765
0.6327241252037495
0.6030894509885968
0.6219413417923151
0.661475603701881
2
2
-2
2
0.7312215951654094
2
0.4853273391981669
0.5714335052186406
0.6405194550982483
0.5502009774639257
-2
0.2919569560540185
0.6256128698422226
0.5005515858990879
0.5812774297488361
-2
0.5466300471299534
0.44159987404400924
-2
-2
-2
0.6301568334863836
-2
0.5685790870856355
-2
0.6052140395440054
-2
2
-2
-2
0.6094383011948028
-2
0.46411358553198345
0.6431802645456491
0.7406730750944507
0.5310514927872333
0.5478617687944202
0.4936725847839351
2
0.6357534822184351
0.5507869775376752
0.6515212951618566
0.5589625145867196
-2
2
-2
2
0.5540464424415323
0.5505510284660451
0.7083782196504388
0.6326132627626334
0.6148469265503466
2
0.6376438643363898
0.6397070014244782
0.6380264310080456
2
0.6983942839200765
0.7297669434725743
0.5334978389655444
0.5716173446734635
2
-2
-2
0.5466839567273774
0.5170449998798107
0.457894025301805
2
0.5899488044394922
0.6401261339043933
0.6555037501514662
-2
0.5808652799367984
-2
0.44965826200998316
0.5108193882597143
0.6260372243024281
