2
0.7033284125574507
2
0.6120592897260873
0.5867764305997719
0.4835806662233798
2
0.5608327026506822
0.6456769369780514
0.4359589780931537
0.623168167679135
2
0.5977188862393363
0.5323523249691532
0.5821489968121412
0.5418693030447391
0.7103072958630462
0.7294180966813717
0.5549611858367277
2
0.3580221974039797
2
2
-2
-2
0.47074450894641545
-2
0.3837324805398826
-2
-2
0.6586542724565595
2
2
0.4833264936024345
2
0.6357415707996235
0.6645290658841044
2
0.4274113237438226
0.6405589139770199
0.5847583833625126
0.7392606113063762
0.5498747669624022
2
2
2
0.43075793774780013
0.48043508388538303
0.4553664204320644
0.5132390669586896
0.5933432010292294
0.6308568477661344
-2
0.5833443639236675
0.4610987075061746
-2
0.7856759632255464
2
0.6458532311810152
2
-2
0.5324702026025002
0.5531931684910283
0.5732630303316284
0.7074189506388966
0.5093755179270627
0.56475602411119
-2
0.6886631698692228
0.696398391462145
0.5463685115208518
0.542347921428129
-2
0.7177646702565091
0.6469482152872683
-2
2
0.6829968420357944
0.5124013428202256
0.5563203948425476
-2
0.42714736095513683
-2
0.5301353746008605
2
2
-2
2
-2
0.51888421663254
0.6292117260434181
0.6471364219109896
0.5887892512172193
0.5726003627721717
0.5713692417200741
0.5506756050808117
-2
0.5463207861661604
0.642191102945018
0.5411960509995718
0.4879767877628193
0.5191030989556944
0.4507554935256936
2
2
2
0.5726912647367285
0.5200720042015873
2
0.6518364416219531
0.42840863146411173
-2
2
0.4908527131278571
-2
2
