10.0
32.5
2.5
14.165686240583852
8.379870059984356
36.5
14.5
12.0
21.0
13.5
14.0
5.5
12.0
32.0
14.0
5.5
0.0
0.0
0.0
21.0
17.96910929592474
26.0
18.0
14.0
19.0
21.0
8.16496580927726
45.0
11.5
0.0
11.5
29.0
0.0
12.0
19.5
32.0
0.0
0.0
17.55625877635159
0.0
0.0
25.0
19.0
5.90668171555645
21.0
6.599663291074443
16.0
11.0
2.5
9.5
0.0
11.5
12.0
11.5
8.013876853447538
35.5
17.172329163188344
0.0
11.5
10.0
26.0
11.5
14.383632673594278
28.5
17.5
0.4714045207910317
13.0
23.5
13.0
13.424687043734847
10.0
7.0
12.027745701779143
8.0
3.299831645537222
2.0
15.5
31.0
11.5
9.5
0.0
19.8158185969358
16.0
0.0
0.0
11.5
8.576453553512405
20.038851153585515
11.08552609887726
1.0
0.0
22.0
17.0
11.5
11.5
11.343133018115703
17.0
5.0
23.5
11.5
16.21384867602041
4.5
14.267289706021797
11.323525167642018
0.5
22.0
23.0
22.5
23.753362335093158
22.5
20.5
30.0
0.0
0.5
21.0
0.0
4.109609335312651
8.0
0.0
11.5
12.5
13.0
20.5
9.0
23.0
11.5
14.0
0.0
38.0
7.1336448530109
13.5
12.5
9.0
13.0
30.0
19.737161790783283
3.5
11.5
11.5
22.0
12.684198393626966
20.0
14.5
15.2825245151302
31.0
18.0
11.0
14.5
6.5
8.5
23.0
34.0
21.5
0.0
6.5
18.5
12.96148139681572
46.0
31.5
16.5
3.0
10.842303978193728
5.354126134736337
11.5
3.3541019662496847
