5.0
24.0
22.0
4.0
26.5
9.977753031397176
12.0
12.0
11.5
9.41629792788369
0.0
16.0
29.5
12.0
11.08552609887726
6.0
0.0
10.842303978193728
15.0
12.0
6.018490028422596
0.0
11.5
16.131404843417148
4.5
32.0
11.897712198383164
22.0
19.601587237318874
4.5
0.0
6.0
23.5
13.816254517375137
9.0
33.0
11.5
14.29063407348401
3.774917217635375
2.494438257849294
15.627610892974722
15.5
43.0
11.5
11.5
4.5
16.0
0.0
15.5
16.5
9.5
1.7853571071357126
0.0
4.496912521077347
0.0
3.897114317029974
16.391054470858997
11.5
15.5
11.5
0.0
7.0
32.0
11.5
22.5
13.0
35.5
8.5
0.4714045207910317
20.0
18.0
6.683312551921141
23.5
0.0
6.0
6.182412330330469
2.8284271247461903
6.0
11.5
12.0
24.0
9.5
0.0
17.5
35.5
7.0
7.5
18.190351532856337
7.788880963698615
5.0
7.5
12.0
14.5
23.62202362203543
1.0
26.0
12.192894105447921
1.5
27.5
2.0548046676563256
5.0
14.884742374510738
34.5
7.788880963698615
11.440668201153676
1.0
25.5
16.0
16.5
20.0
9.809292646374773
16.5
11.5
4.898979485566356
11.5
12.0
25.5
13.0
4.5
8.0
17.0
6.0
0.0
2.5
3.0
5.0
14.267289706021797
1.5
12.0
6.0
11.5
13.5
20.5
7.542472332656507
1.0
1.5
4.546060565661952
7.0
0.0
11.5
5.436502143433363
0.0
19.327585352432298
10.842303978193728
6.182412330330469
30.0
7.542472332656507
12.0
14.0
0.0
8.9566858950296
0.0
15.0
12.5
0.0
31.0
5.0
12.5
5.973901572674261
31.0
