21.0
20.5
14.719601443879744
16.391054470858997
18.5
16.5
20.038851153585515
4.5
19.5
15.5
5.5
6.018490028422596
32.5
28.5
17.0
6.0
17.0
24.716166549222166
23.0
11.335784048754634
8.5
11.5
0.0
0.0
37.5
28.0
8.0
13.0
11.5
17.0
15.584892970081281
0.5
36.5
13.888444437333106
14.966629547095765
0.816496580927726
6.0
13.5
47.5
1.0
13.5
24.5
2.0
3.0
23.0
8.498365855987974
2.0
17.0
12.0
19.5
0.0
10.842303978193728
3.5
5.5
12.036980056845191
3.5
11.5
15.542057635833022
1.0
11.5
16.5
11.5
34.0
11.897712198383164
27.0
14.5
30.5
5.5
19.0
3.559026084010437
13.5
12.0
12.0
16.5
20.5
23.0
5.0
32.0
13.816254517375139
22.0
5.312459150169742
15.5
5.0
24.5
3.265986323710904
10.624918300339484
11.5
0.5
14.165686240583852
2.5
0.0
5.5
7.586537784494029
14.0
7.5
0.0
27.5
17.5
6.0
8.5
15.5
11.5
14.165686240583852
36.0
11.5
2.8674417556808756
0.9428090415820634
6.5
13.5
11.191514642799696
16.579773487261182
12.036980056845191
0.0
11.5
38.5
0.5
15.0
11.5
11.5
1.5
1.0
16.0
11.5
19.618585292749547
11.5
22.5
16.51262143533445
0.0
41.5
21.5
0.0
12.5
13.199326582148887
11.0
16.30950643030009
0.0
7.1336448530109
11.343133018115703
0.0
6.79869268479038
21.228911104120876
21.0
27.0
11.5
14.0
14.5
9.104333522498441
6.5
11.5
15.253414918196734
8.831760866327848
