18.0
29.5
16.5
12.0
17.5
26.5
17.5
21.5
12.0
0.0
10.0
21.0
11.5
7.788880963698615
23.84673283002656
9.5
6.0
22.0
4.642796092394707
7.0
21.5
2.0
3.0
11.5
0.0
19.770910168449223
8.0
7.5
5.887840577551898
1.5
19.0
39.0
4.988876515698588
26.0
0.5
16.5
0.5
4.0
37.0
25.152865973217974
32.0
12.5
31.0
11.343133018115703
0.0
9.0
20.0
9.843215373488933
7.5
20.0
16.97710877099579
11.5
0.4714045207910317
5.0
24.5
11.5
10.5
8.5
35.5
0.0
12.0
0.5
20.0
53.0
16.5
10.708252269472673
27.0
22.5
13.0
11.5
15.5
0.0
2.0
20.0
4.496912521077347
10.5
20.0
8.04155872120988
43.5
10.0
19.0
18.0
22.0
0.5
24.5
11.5
4.96655480858378
8.0
20.0
12.657891697365017
20.0
4.5
20.0
28.0
7.5
2.5
19.0
29.0
8.73053390247253
11.5
11.5
12.0
11.5
11.08552609887726
22.0
3.0
11.264496832477201
14.5
0.0
9.175374651751284
13.5
23.0
21.0
7.0710678118654755
2.5
11.5
6.0
0.0
15.5
19.0
10.5
16.5
8.5
14.055445761538678
12.0
8.013876853447538
0.0
11.5
11.5
0.0
12.0
16.0
1.0
0.0
9.5
11.0
4.0
28.5
15.0
8.0
18.0
24.5
4.5
20.0
16.5
24.0
0.0
24.5
14.5
19.5
0.0
20.5
7.788880963698615
3.0
0.0
28.0
15.253414918196734
18.5
13.5
10.0
27.5
7.084313657652377
25.5
11.86029791643813
13.224556283251582
9.843215373488933
35.5
