0.15779320987654322
0.08834876543209877
0.0893775720164609
0.08384773662551441
0.0783179012345679
0.07960390946502058
0.09104938271604938
0.10352366255144033
0.12590020576131689
0.10931069958847736
0.1099537037037037
0.10815329218106996
0.09439300411522633
0.05684156378600823
0.10686728395061729
0.1004372427983539
0.09927983539094651
0.10532407407407407
0.08127572016460906
0.09092078189300412
0.10172325102880658
0.14210390946502058
0.10943930041152264
0.08989197530864197
0.09259259259259259
0.09760802469135803
0.07188786008230452
0.09387860082304526
0.06584362139917696
0.10159465020576132
0.09246399176954732
0.07741769547325103
0.09194958847736626
0.09773662551440329
0.09323559670781893
0.08294753086419752
0.08796296296296297
0.09349279835390946
0.11123971193415638
0.08384773662551441
0.09619341563786009
0.08963477366255145
0.09014917695473251
0.11059670781893004
0.09092078189300412
0.10558127572016461
0.08011831275720165
0.10108024691358025
0.08243312757201646
0.08474794238683128
0.11175411522633745
0.10352366255144033
0.08320473251028807
0.11213991769547325
0.08076131687242798
0.08474794238683128
0.12294238683127572
0.09593621399176955
0.10570987654320987
0.08513374485596707
0.08011831275720165
