0.12834362139917696
0.12667181069958847
0.12718621399176955
0.10056584362139917
0.08770576131687242
0.09529320987654322
0.08551954732510288
0.12204218106995884
0.10455246913580248
0.11496913580246913
0.09645061728395062
0.07291666666666667
0.1032664609053498
0.08243312757201646
0.07368827160493827
0.07188786008230452
0.06983024691358025
0.10146604938271606
0.1190843621399177
0.102880658436214
0.08757716049382716
0.09194958847736626
0.10429526748971193
0.08474794238683128
0.11123971193415638
0.08667695473251029
0.11021090534979423
0.10596707818930041
0.09696502057613168
0.07227366255144033
0.07291666666666667
0.07034465020576132
0.0985082304526749
0.0941358024691358
0.08564814814814815
0.09979423868312758
0.12075617283950617
0.09580761316872428
0.07883230452674897
0.08809156378600823
0.11998456790123457
0.06622942386831275
0.08641975308641975
0.09323559670781893
0.08474794238683128
