0.13580246913580246
0.05452674897119342
0.09940843621399177
0.08590534979423868
0.09465020576131687
0.0889917695473251
0.08140432098765432
0.10635288065843622
0.1099537037037037
0.0981224279835391
0.10108024691358025
0.10776748971193416
0.09323559670781893
0.09516460905349794
0.08847736625514403
0.10596707818930041
0.08950617283950617
0.08822016460905349
0.0933641975308642
0.08834876543209877
0.07407407407407407
0.09760802469135803
0.09542181069958848
0.09194958847736626
0.09927983539094651
0.102880658436214
0.1091820987654321
0.08809156378600823
0.08564814814814815
0.08680555555555555
0.09259259259259259
0.09747942386831275
0.11072530864197531
0.0941358024691358
0.09002057613168725
0.11445473251028807
0.09104938271604938
0.07484567901234568
0.08770576131687242
0.0878343621399177
0.0933641975308642
0.11021090534979423
0.06185699588477366
0.12242798353909465
0.08719135802469136
0.05838477366255144
