0.10853909465020577
0.09362139917695474
0.09709362139917696
0.10378086419753087
0.09284979423868313
0.08654835390946503
0.09709362139917696
0.0941358024691358
0.09130658436213991
0.09786522633744855
0.09645061728395062
0.1154835390946502
0.09825102880658436
0.07523148148148148
0.09503600823045268
0.12307098765432099
0.07806069958847736
0.08320473251028807
0.0874485596707819
0.12319958847736626
0.09207818930041152
0.10236625514403293
0.0842335390946502
0.10030864197530864
0.10223765432098765
0.10056584362139917
0.07433127572016461
0.09066358024691358
0.11201131687242798
0.08577674897119342
0.11098251028806584
0.09310699588477367
0.102880658436214
0.1051954732510288
0.09735082304526749
0.10712448559670781
0.09516460905349794
0.084619341563786
0.08333333333333333
0.1000514403292181
0.08500514403292181
0.10275205761316872
0.07150205761316872
0.09207818930041152
0.09194958847736626
0.12075617283950617
0.06558641975308642
0.08397633744855967
0.07021604938271606
0.09426440329218107
0.09503600823045268
0.08513374485596707
0.11252572016460906
