0.0
0.0
0.0
0.0
0.0
0.0
0.0
0.0
0.0
0.07407407407407407
0.0
0.07037037037037037
0.0
0.0
0.0
0.0
0.0
0.0
0.0
0.05
0.0
0.0
0.0
0.04814814814814815
0.0
0.0
0.0
0.0
0.0
0.0
0.0
0.0
0.0
0.0
0.0
0.05555555555555555
0.0
0.04814814814814815
0.06296296296296296
0.0
0.0
0.0
0.04814814814814815
0.0
0.04814814814814815
0.0
0.0
0.0
0.1
0.04814814814814815
0.0
0.06111111111111111
0.04814814814814815
0.0
0.0
0.0
0.0
0.0
0.0
0.0
0.0
0.0
0.0
0.0
0.0
0.0
0.0
0.0
0.0
0.0
0.0
0.0
0.0
0.0
0.0
0.0
0.05185185185185185
0.0
0.0
0.0
0.0
0.0
0.05740740740740741
0.0
0.0
0.0
0.0
0.0
0.0
0.0
0.0
0.0
0.0
0.0
0.0
0.0
0.0
0.0
0.06851851851851852
0.0
0.0
0.0
0.04814814814814815
0.0
0.0
0.0
0.0
0.1111111111111111
0.0
0.05925925925925926
0.05185185185185185
0.0
0.04814814814814815
0.04814814814814815
0.0
0.0
0.04814814814814815
0.0
