0.0
0.0
0.04814814814814815
0.0
0.0
0.0
0.0
0.0
0.0
0.0
0.0
0.0
0.0
0.0
0.0
0.0
0.0
0.0
0.0
0.0
0.0
0.08703703703703704
0.0
0.04814814814814815
0.0
0.0
0.0
0.0
0.06296296296296296
0.0
0.0
0.0
0.0
0.0
0.0
0.0
0.0
0.0
0.0
0.0
0.0
0.0
0.0
0.0
0.0
0.04814814814814815
0.0
0.06111111111111111
0.0
0.0
0.0
0.0
0.0
0.0
0.07037037037037037
0.0
0.0
0.0
0.0
0.06111111111111111
0.0
0.0
0.0
0.0
0.10185185185185185
0.0
0.0
0.05
0.06851851851851852
0.0
0.0
0.0
0.0
0.0
0.0
0.0
0.06111111111111111
0.0
0.0
0.0
0.0
0.0
0.06666666666666667
0.0
0.06296296296296296
0.0
0.0
0.0
0.0
0.0
0.0
0.0
0.0
0.0
0.05
0.05
0.0
0.0
0.07222222222222222
0.0
0.0
0.0
0.05
0.0
0.0
0.0
0.0
0.0
0.10925925925925926
0.0
0.0
0.0
0.0
0.0
0.0
0.0
0.0
0.0
0.0
