0.0
0.0
0.06666666666666667
0.0
0.04814814814814815
0.0
0.0
0.09074074074074075
0.0
0.0
0.05185185185185185
0.0
0.0
0.0
0.0
0.0
0.0
0.05555555555555555
0.04814814814814815
0.0
0.0
0.0
0.0
0.0
0.0
0.0
0.0
0.0
0.0
0.0
0.0
0.0
0.0
0.0
0.0
0.0
0.0
0.0
0.05740740740740741
0.0
0.0
0.04814814814814815
0.0
0.0
0.0
0.0
0.06481481481481481
0.0
0.04814814814814815
0.0
0.04814814814814815
0.0
0.0
0.0
0.04814814814814815
0.0
0.0
0.0
0.0
0.05
0.0
0.0
0.0
0.06851851851851852
0.06296296296296296
0.04814814814814815
0.0
0.0
0.0
0.0
0.0962962962962963
0.0
0.0
0.0
0.0
0.0
0.0
0.0
0.0
0.04814814814814815
0.0
0.0
0.0
0.0
0.0
0.0
0.0
0.0
0.06481481481481481
0.0
0.0962962962962963
0.0
0.0
0.0
0.04814814814814815
0.0
0.0
0.0
0.0
0.05
0.0
0.05555555555555555
0.05555555555555555
0.0
0.0
0.0
0.0
0.0
0.0
0.0
0.0
0.0
0.04814814814814815
0.0
0.0
0.0
