0.13689416419386746
0.547675568743818
0.5607319485657765
0.6026706231454005
0.5918892185954501
0.5964391691394659
0.5552917903066271
0.6170128585558853
0.599406528189911
0.6169139465875371
0.6533135509396637
0.6200791295746786
0.5893175074183976
0.6481701285855589
0.629080118694362
0.66162215628091
0.6389713155291791
0.6454005934718101
0.6632047477744807
0.6623145400593472
0.6340257171117705
0.6467853610286844
0.6533135509396637
0.6423343224530168
0.6507418397626112
0.6187932739861524
0.6345202769535113
0.6707220573689416
0.6050445103857567
0.6365974282888229
0.6197823936696341
0.6390702274975272
0.6856577645895153
0.6623145400593472
0.6813056379821959
0.6613254203758655
0.6687438180019782
0.6527200791295746
0.672106824925816
0.6635014836795252
0.6589515331355094
0.6670623145400594
0.6792284866468843
0.7071216617210683
0.6876360039564787
0.7008902077151336
0.6915924826904055
0.6834817012858556
0.6016815034619188
0.5646884272997033
0.6479723046488625
0.6113748763600395
0.5853610286844708
0.6183976261127596
0.6330365974282888
0.6636993076162215
0.6141444114737883
0.6382789317507418
0.6529179030662711
0.673887240356083
0.6293768545994065
0.6397626112759643
0.647675568743818
0.6207715133531158
0.6273986152324431
0.6405539070227497
0.6577645895153313
0.6382789317507418
0.6379821958456974
0.6223541048466864
0.6303659742828882
