0.12640949554896141
0.5016815034619189
0.5852621167161226
0.6088031651829872
0.5443125618199802
0.5930761622156281
0.6321463897131553
0.6464886251236399
0.6544015825914936
0.6530168150346192
0.6821958456973294
0.6560830860534125
0.6279920870425322
0.63837784371909
0.6417408506429277
0.5908011869436202
0.6254203758654797
0.6182987141444115
0.6327398615232444
0.6237388724035609
0.6235410484668645
0.6492581602373887
0.6485657764589515
0.6431256181998022
0.6621167161226509
0.6683481701285856
0.6510385756676558
0.655786350148368
0.6599406528189911
0.6449060336300693
0.6906033630069238
0.7015825914935707
0.706923837784372
0.7148367952522255
0.6874381800197824
0.6564787339268051
0.6924826904055391
0.6948565776458951
0.6791295746785361
0.6861523244312562
0.6864490603363007
0.6853610286844708
0.709891196834817
0.6975272007912957
0.6785361028684471
0.6735905044510386
0.647675568743818
0.6560830860534125
0.6920870425321464
0.6964391691394659
0.7053412462908012
0.7043521266073195
0.6942631058358061
0.7196834817012858
0.6962413452027696
0.712166172106825
0.7113748763600396
0.6992087042532147
0.7234421364985163
0.6498516320474778
0.684272997032641
0.6302670623145401
0.6532146389713155
0.6259149357072206
0.6526211671612265
0.6175074183976261
0.6425321463897131
0.645895153313551
0.6183976261127596
0.625618199802176
0.6387734915924826
0.6328387734915925
0.6347181008902077
0.6602373887240356
0.6713155291790307
0.6440158259149357
0.6515331355093966
0.6406528189910979
0.6409495548961425
0.6747774480712166
