0.13798219584569732
0.49386745796241344
0.5528189910979229
0.529080118694362
0.5933728981206726
0.5923837784371909
0.6613254203758655
0.6169139465875371
0.610484668644906
0.6416419386745796
0.6617210682492581
0.6385756676557863
0.6394658753709199
0.6517309594460929
0.6818001978239367
0.6917903066271018
0.6781404549950544
0.68486646884273
0.6800197823936697
0.6826904055390702
0.6590504451038576
0.6789317507418398
0.6875370919881305
0.6655786350148368
0.6660731948565777
0.637784371909001
0.658753709198813
0.6680514342235411
0.6577645895153313
0.6636003956478734
0.6673590504451039
0.6599406528189911
0.6799208704253215
0.6519287833827894
0.6434223541048467
0.659841740850643
0.6375865479723046
0.6797230464886251
0.6615232443125618
0.6585558852621167
0.6603363006923838
0.648269040553907
0.6831849653808111
0.6932739861523244
0.6611275964391692
0.710484668644906
0.681404549950544
0.6636993076162215
0.6936696340257171
0.6882294757665678
0.6776458951533135
0.6747774480712166
0.7020771513353116
0.716913946587537
0.681404549950544
0.6720079129574679
0.7223541048466865
0.734915924826904
0.74648862512364
0.7477744807121661
0.7568743818001978
0.7456973293768546
0.7647873392680514
0.7631058358061326
0.6356083086053412
0.6224530168150346
0.6517309594460929
0.6435212660731948
0.6352126607319486
0.6559841740850643
0.662215628090999
0.6785361028684471
0.6753709198813056
0.6839762611275965
0.6615232443125618
0.6756676557863501
0.6652818991097923
0.6668644906033631
0.6903066271018793
0.6354104846686449
0.6389713155291791
0.6567754698318496
0.6512363996043521
0.6603363006923838
0.6544015825914936
0.6635014836795252
