0.16162215628090998
0.5309594460929773
0.579624134520277
0.5609297725024728
0.6120672601384768
0.6312561819980218
0.642433234421365
0.6228486646884273
0.6325420375865479
0.5768545994065282
0.6380811078140455
0.6006923837784371
0.6330365974282888
0.6425321463897131
0.6499505440158259
0.6333333333333333
0.6605341246290801
0.6368941641938675
0.6286844708209693
0.6571711177052423
0.6362017804154303
0.6253214638971315
0.676162215628091
0.672106824925816
0.6300692383778437
0.6363996043521266
0.6393669634025717
0.6488625123639961
0.6685459940652819
0.6378832838773492
0.6194856577645895
0.5951533135509397
0.6542037586547972
0.623837784371909
0.6849653808110782
0.6420375865479723
0.6787339268051434
0.6541048466864491
0.6364985163204748
0.6632047477744807
0.645895153313551
0.6512363996043521
0.6437190900098912
0.6305637982195845
0.6788328387734915
0.6406528189910979
0.6026706231454005
0.6361028684470821
0.6397626112759643
0.6314540059347181
0.5731948565776459
0.6332344213649852
0.60811078140455
0.6302670623145401
0.6522255192878338
0.6384767556874382
0.6200791295746786
0.6564787339268051
0.665084075173096
0.6411473788328388
0.6564787339268051
0.6374876360039565
0.6237388724035609
0.6612265084075173
0.6698318496538082
0.6282888229475767
0.6422354104846686
0.6227497527200792
0.6581602373887241
0.6688427299703265
0.6345202769535113
0.606429277942631
0.6048466864490604
