# ../../src/extractProb.py --suffix freeEnergyLandscapes/10110 --dat_file ../../data/auxCoords/clucountdipc/10110.dat
# # column 0: midpoint of bin
# # column 1: Normalized probability
5.000000000000000000e-01	0.000000000000000000e+00
1.500000000000000000e+00	0.000000000000000000e+00
2.500000000000000000e+00	0.000000000000000000e+00
3.500000000000000000e+00	0.000000000000000000e+00
4.500000000000000000e+00	0.000000000000000000e+00
5.500000000000000000e+00	0.000000000000000000e+00
6.500000000000000000e+00	0.000000000000000000e+00
7.500000000000000000e+00	0.000000000000000000e+00
8.500000000000000000e+00	0.000000000000000000e+00
9.500000000000000000e+00	1.180165780980539734e-03
1.050000000000000000e+01	8.737640380796656003e-03
1.150000000000000000e+01	2.421378817218670237e-02
1.250000000000000000e+01	6.697118562571845179e-02
1.350000000000000000e+01	8.124142203245651728e-02
1.450000000000000000e+01	1.185519538528642253e-01
1.550000000000000000e+01	1.059241076519792657e-01
1.650000000000000000e+01	8.931479741632702973e-02
1.750000000000000000e+01	9.183609929804446848e-02
1.850000000000000000e+01	7.577411654988852607e-02
1.950000000000000000e+01	7.623977309202648045e-02
2.050000000000000000e+01	5.963863215422161856e-02
2.150000000000000000e+01	5.819307326589698987e-02
2.250000000000000000e+01	4.777547489991357949e-02
2.350000000000000000e+01	4.173316735305265118e-02
2.450000000000000000e+01	2.336406452386295338e-02
2.550000000000000000e+01	2.169989543517638481e-02
2.650000000000000000e+01	5.401240661769588641e-03
2.750000000000000000e+01	1.588458680737253083e-03
2.850000000000000000e+01	0.000000000000000000e+00
2.950000000000000000e+01	6.209431721001989948e-04
3.050000000000000000e+01	0.000000000000000000e+00
3.150000000000000000e+01	0.000000000000000000e+00
3.250000000000000000e+01	0.000000000000000000e+00
3.350000000000000000e+01	0.000000000000000000e+00
3.450000000000000000e+01	0.000000000000000000e+00
3.550000000000000000e+01	0.000000000000000000e+00
3.650000000000000000e+01	0.000000000000000000e+00
3.750000000000000000e+01	0.000000000000000000e+00
3.850000000000000000e+01	0.000000000000000000e+00
3.950000000000000000e+01	0.000000000000000000e+00
4.050000000000000000e+01	0.000000000000000000e+00
4.150000000000000000e+01	0.000000000000000000e+00
4.250000000000000000e+01	0.000000000000000000e+00
4.350000000000000000e+01	0.000000000000000000e+00
4.450000000000000000e+01	0.000000000000000000e+00
4.550000000000000000e+01	0.000000000000000000e+00
4.650000000000000000e+01	0.000000000000000000e+00
4.750000000000000000e+01	0.000000000000000000e+00
4.850000000000000000e+01	0.000000000000000000e+00
4.950000000000000000e+01	0.000000000000000000e+00
