3.0
0.0
11.5
0.0
3.5
2.0
0.0
4.333333333333333
2.3333333333333335
2.0
3.5
0.5
1.0
1.0
0.5
1.0
1.5
6.5
5.5
2.3333333333333335
6.5
3.0
0.0
1.5
0.0
0.0
9.0
0.0
3.5
0.0
3.0
4.0
1.5
0.5
11.5
1.0
1.0
2.0
0.5
0.5
13.5
7.0
1.0
1.0
3.0
3.0
7.5
3.0
0.0
2.3333333333333335
0.5
3.5
1.0
5.5
2.0
0.5
2.0
0.0
11.0
4.5
13.5
0.5
1.6666666666666667
5.0
2.0
2.5
0.5
2.5
3.0
7.0
2.0
1.0
0.0
0.0
5.5
0.0
0.5
5.0
0.5
5.0
4.0
1.0
1.5
0.5
8.5
4.5
1.0
8.5
1.3333333333333333
1.0
4.5
0.5
1.5
0.0
3.5
3.0
3.0
3.0
2.5
0.0
2.5
0.5
0.5
3.5
0.6666666666666666
5.0
4.5
0.5
0.0
1.6666666666666667
2.5
1.0
0.5
0.5
2.0
2.5
0.0
2.5
0.0
4.0
5.0
0.0
0.0
1.0
0.5
1.5
0.5
6.5
1.3333333333333333
3.0
0.0
1.5
0.0
2.5
5.0
1.5
4.0
1.0
3.0
1.0
1.0
5.0
3.5
3.0
1.0
0.5
4.0
0.5
0.5
0.0
1.0
7.0
1.5
7.0
6.5
5.0
2.5
8.0
1.5
0.5
1.0
5.5
0.5
4.5
15.5
5.0
3.0
6.5
0.0
10.0
3.0
0.0
2.3333333333333335
0.5
4.0
1.0
1.5
1.3333333333333333
13.0
2.0
1.5
2.0
0.5
4.0
3.0
1.5
3.5
2.0
3.0
