0.007246376811594203
0.0012077294685990338
0.0012077294685990338
0.0036231884057971015
0.0
0.018115942028985508
0.01570048309178744
0.012077294685990338
0.013285024154589372
0.0012077294685990338
0.0012077294685990338
0.0036231884057971015
0.0036231884057971015
0.0024154589371980675
0.0012077294685990338
0.0
0.0
0.0
0.0012077294685990338
0.0
0.0
0.0036231884057971015
0.0024154589371980675
0.012077294685990338
0.004830917874396135
0.0
0.007246376811594203
0.0
0.006038647342995169
0.0
0.0012077294685990338
0.0
0.0
0.0036231884057971015
0.0036231884057971015
0.0
0.0
0.0
0.0012077294685990338
0.0036231884057971015
0.0
0.0012077294685990338
0.0012077294685990338
0.0
0.0012077294685990338
0.006038647342995169
0.0
0.0036231884057971015
0.004830917874396135
0.0024154589371980675
0.0036231884057971015
0.0012077294685990338
0.0012077294685990338
0.0
0.007246376811594203
0.0012077294685990338
0.008454106280193236
0.0
0.0012077294685990338
0.0012077294685990338
0.0012077294685990338
0.007246376811594203
0.004830917874396135
0.0024154589371980675
0.0012077294685990338
0.0
0.0
0.0024154589371980675
0.007246376811594203
0.0
0.0024154589371980675
0.0036231884057971015
0.0012077294685990338
0.006038647342995169
0.0
0.0036231884057971015
0.0024154589371980675
0.0012077294685990338
0.0
0.006038647342995169
0.0024154589371980675
0.0024154589371980675
0.0012077294685990338
0.0012077294685990338
0.0
0.0012077294685990338
0.008454106280193236
0.0012077294685990338
0.004830917874396135
0.0012077294685990338
0.0012077294685990338
0.0036231884057971015
0.01570048309178744
0.0024154589371980675
0.0012077294685990338
0.0
0.0012077294685990338
0.008454106280193236
0.0
0.007246376811594203
0.0012077294685990338
0.0
0.0
0.0012077294685990338
0.0024154589371980675
0.0036231884057971015
0.0
