0.010869565217391304
0.0012077294685990338
0.0012077294685990338
0.0
0.0024154589371980675
0.012077294685990338
0.00966183574879227
0.007246376811594203
0.0
0.0
0.0
0.0036231884057971015
0.0012077294685990338
0.008454106280193236
0.0024154589371980675
0.008454106280193236
0.0
0.0
0.0012077294685990338
0.007246376811594203
0.0012077294685990338
0.0
0.0
0.0
0.0
0.0012077294685990338
0.0012077294685990338
0.0
0.0012077294685990338
0.008454106280193236
0.0012077294685990338
0.0012077294685990338
0.0
0.013285024154589372
0.004830917874396135
0.0024154589371980675
0.0012077294685990338
0.0036231884057971015
0.007246376811594203
0.0
0.0
0.008454106280193236
0.0036231884057971015
0.0024154589371980675
0.0012077294685990338
0.0036231884057971015
0.0012077294685990338
0.010869565217391304
0.0
0.0
0.0012077294685990338
0.0024154589371980675
0.0024154589371980675
0.0012077294685990338
0.0
0.0
0.0024154589371980675
0.0012077294685990338
0.0024154589371980675
0.0024154589371980675
0.0012077294685990338
0.0012077294685990338
0.0024154589371980675
0.0012077294685990338
0.0036231884057971015
0.004830917874396135
0.0
0.0
0.0012077294685990338
0.0
0.004830917874396135
0.006038647342995169
0.0024154589371980675
0.0
0.0012077294685990338
0.0
0.0012077294685990338
0.0
0.0
0.0
0.0012077294685990338
0.0012077294685990338
0.0
0.0036231884057971015
0.0
0.0024154589371980675
0.0
0.0
0.0036231884057971015
0.0012077294685990338
0.0012077294685990338
0.0
0.004830917874396135
0.0
0.0
0.0012077294685990338
0.0036231884057971015
0.0
0.004830917874396135
0.004830917874396135
0.0
0.008454106280193236
0.0012077294685990338
0.0024154589371980675
0.0012077294685990338
0.0024154589371980675
0.0
0.0036231884057971015
0.006038647342995169
0.0012077294685990338
0.006038647342995169
0.0
0.020531400966183576
0.007246376811594203
0.006038647342995169
0.0012077294685990338
