0.0
0.3333333333333333
0.0
0.3541666666666667
0.0
0.3541666666666667
0.0
0.0
0.0
0.0
0.0
0.0
0.0
0.3958333333333333
0.0
0.2604166666666667
0.23958333333333334
0.0
0.0
0.3229166666666667
0.5625
0.3020833333333333
0.25
0.23958333333333334
0.28125
0.0
0.0
0.23958333333333334
0.2604166666666667
0.5208333333333334
0.0
0.0
0.4375
0.0
0.46875
0.4479166666666667
0.0
0.4166666666666667
0.0
0.23958333333333334
0.0
0.0
0.3645833333333333
0.0
0.0
0.3333333333333333
0.0
0.4375
0.0
0.2708333333333333
0.0
0.23958333333333334
0.40625
0.0
0.0
0.0
0.0
0.0
0.0
0.23958333333333334
0.3958333333333333
0.0
0.4479166666666667
0.0
0.0
0.0
0.2708333333333333
0.4479166666666667
0.5208333333333334
0.23958333333333334
0.0
0.23958333333333334
0.0
0.3229166666666667
0.6666666666666666
0.375
0.0
0.3020833333333333
