0.28125
0.4791666666666667
0.2604166666666667
0.5104166666666666
0.0
0.0
0.34375
0.0
0.0
0.23958333333333334
0.0
0.3333333333333333
0.23958333333333334
0.0
0.4895833333333333
0.0
0.0
0.0
0.0
0.0
0.0
0.46875
0.0
0.0
0.0
0.5104166666666666
0.3854166666666667
0.6875
0.23958333333333334
0.5
0.34375
0.0
0.3645833333333333
0.0
0.0
0.3333333333333333
0.23958333333333334
0.2708333333333333
0.0
0.23958333333333334
0.3020833333333333
0.0
0.0
0.59375
0.2708333333333333
0.0
0.0
0.3958333333333333
0.0
0.4895833333333333
0.3541666666666667
0.0
0.0
0.3333333333333333
0.0
0.2604166666666667
0.3333333333333333
0.23958333333333334
0.0
0.0
0.5
0.23958333333333334
0.28125
0.0
0.0
0.2916666666666667
0.3229166666666667
0.0
0.0
0.23958333333333334
0.23958333333333334
0.6875
0.0
0.0
0.0
0.3333333333333333
0.4583333333333333
0.0
0.4270833333333333
0.23958333333333334
0.34375
0.23958333333333334
0.34375
0.23958333333333334
0.0
0.0
0.4479166666666667
0.0
0.7395833333333334
0.0
0.0
0.0
0.3541666666666667
0.23958333333333334
0.5
0.0
0.0
0.25
0.25
0.0
0.23958333333333334
0.4791666666666667
0.0
0.0
0.0
0.4375
0.0
0.23958333333333334
0.23958333333333334
0.0
0.65625
0.23958333333333334
0.4270833333333333
0.2916666666666667
0.2604166666666667
0.23958333333333334
0.0
0.0
