0.3958333333333333
0.0
0.0
0.23958333333333334
0.0
0.0
0.0
0.7083333333333334
0.0
0.23958333333333334
0.0
0.28125
0.5520833333333334
0.4583333333333333
0.0
0.0
0.23958333333333334
0.3333333333333333
0.0
0.375
0.3541666666666667
0.0
0.3645833333333333
0.0
0.23958333333333334
0.3020833333333333
0.34375
0.0
0.375
0.0
0.0
0.0
0.25
0.6458333333333334
0.4375
0.4270833333333333
0.0
0.0
0.0
0.53125
0.34375
0.0
0.4166666666666667
0.0
0.3020833333333333
0.25
0.23958333333333334
0.3958333333333333
0.0
0.25
0.25
0.4375
0.0
0.375
0.34375
0.4375
0.3541666666666667
0.0
0.28125
0.3020833333333333
0.375
0.0
0.0
0.0
0.28125
0.0
0.0
0.4270833333333333
0.23958333333333334
0.23958333333333334
0.4895833333333333
0.25
0.6666666666666666
0.0
0.23958333333333334
0.23958333333333334
0.4791666666666667
0.25
0.0
0.4166666666666667
0.28125
0.2708333333333333
0.0
0.0
0.5104166666666666
0.4270833333333333
0.0
0.0
0.23958333333333334
0.0
0.23958333333333334
0.0
0.3333333333333333
0.0
0.0
0.0
0.0
0.0
0.0
0.0
0.23958333333333334
0.6354166666666666
0.3229166666666667
0.25
0.0
0.0
0.0
0.3020833333333333
0.0
0.0
0.0
0.0
0.0
0.0
0.3645833333333333
0.2916666666666667
0.0
0.0
0.23958333333333334
0.5104166666666666
0.25
0.4166666666666667
0.23958333333333334
