0.23958333333333334
0.0
0.23958333333333334
0.3958333333333333
0.4791666666666667
0.0
0.0
0.3125
0.0
0.23958333333333334
0.0
0.3541666666666667
0.23958333333333334
0.0
0.0
0.0
0.0
0.0
0.23958333333333334
0.3958333333333333
0.23958333333333334
0.0
0.3541666666666667
0.3645833333333333
0.0
0.0
0.23958333333333334
0.2708333333333333
0.0
0.0
0.0
0.0
0.2708333333333333
0.0
0.375
0.0
0.0
0.0
0.0
0.3125
0.0
0.0
0.2604166666666667
0.25
0.0
0.0
0.3125
0.0
0.23958333333333334
0.0
0.34375
0.0
0.23958333333333334
0.3125
0.23958333333333334
0.0
0.0
0.23958333333333334
