1.5
10.025452373377409
15.779238733221575
13.861417275621164
11.682083477709158
12.990940802585781
18.3116235095514
26.570472333024117
32.46705060519049
25.763346055976502
26.711453163461666
26.670357299397185
40.13129493716012
28.60937073320558
35.18270150524403
26.313679374466474
42.963755626349304
46.60442277533563
32.69789509662663
25.544003087809084
31.11363999518539
28.743303825289455
17.53409377311655
19.81774597565413
31.392231877045987
12.92802331557584
13.816294727603347
27.207930243663228
26.452904809103785
26.495573820900074
29.452153790188024
28.656091806684596
27.065344482794195
28.805092142420467
29.649630549401056
30.836385213919357
45.31980028112063
37.185286903964816
25.779061270729002
26.535903885327475
21.95414254759224
19.461078182203597
17.651439979030982
28.201514920070913
28.978669976544257
