0.0
6.722373942193719
9.195574682965715
10.590089706891062
16.92625977279664
11.469415852605573
11.411461487784868
17.86644900364927
17.29804099377216
17.764074050448173
14.356509847452479
18.40667149583421
23.073409419117546
27.014829638703315
30.191903226000232
27.82222832357051
24.87355779841357
16.896745248715803
22.405700883899293
20.70138884229751
28.756825577609188
33.862284639221464
17.74427724648147
21.596488244579717
44.401901861169065
35.112517552703174
29.704731841072054
27.210335662462995
55.67764362830022
20.978244318671607
24.464179809468373
21.72847309890588
20.70061727474704
25.061169610020645
18.916348877297793
27.012260590743274
25.73151979792704
32.93994535514594
26.662499674428293
18.080749287838948
44.67981327496473
28.153319076087637
33.43536255804258
32.54576265301931
50.73367052997237
43.87477128778628
