0.5
8.099793096088689
8.112336284942828
7.459531652615363
19.52723788431384
10.42716460850471
17.637626614036744
21.665865369798233
32.95830699535399
36.29481518712357
33.27332545525336
34.35203778526101
25.851370047510702
21.243006051932692
23.502224801859057
29.37732703548776
30.60732908553113
34.00014705850549
31.633826229808438
41.07200655217884
37.45356098916671
31.313185011358325
29.725569253684974
33.856012639363406
35.26920979782952
27.089301336756183
44.94378575010143
22.428664309293186
28.643280189252067
31.10224237846619
24.97717708228854
21.14565886627534
29.04512656475488
23.265845928675358
28.26767101283365
32.71689260501974
34.47085725652903
41.297637922273275
31.52468168840973
31.291035279915057
30.37361047056723
27.767845693137048
52.1575806871877
15.638369280394935
29.975999626921833
20.10774302700055
18.67125911541633
