0.4714045207910317
7.333333333333333
12.50684023371127
12.40201596515663
19.33034459657205
25.131122802877975
20.574540782118603
24.994393835086118
32.62933449195302
26.313358910311262
37.572892119481864
33.23485452887609
38.622043216565096
51.179114638179605
60.06038627914409
66.62253360141052
37.1995778705888
53.41769369787505
44.85292770786476
64.14177006184556
51.65132500720577
55.01207948159102
34.73988162040855
38.057488737166985
55.424182447736655
47.306281797671026
55.98922564592006
66.70749583067858
59.19613009464232
93.13046735959871
47.856293756109096
27.75676259621221
55.84647170920346
57.833331348592
54.61435042850251
61.80582496820182
40.41748796416389
38.53880731706013
42.03396444146884
63.46390049994301
53.630300984363956
66.66035782821093
39.274673773310965
37.24518870448441
51.38275488916491
49.26849516054469
77.03609543584099
75.87691055621305
75.55983891061672
49.13175138424072
50.82108049050336
