19.100785324169266
45.50755431793715
63.40063091168731
41.216082202203125
105.21678301759387
72.74388956735648
61.03550879064853
128.63685319534213
83.27612851379988
69.79606006072262
42.72422468576814
67.56416703154615
61.396126710078384
73.11774122354063
50.8988592951848
75.62398861684689
73.70930557531432
91.0285893641808
58.23747338084924
88.16496596999171
65.96756027218578
74.35377848502388
97.84395740156876
53.816102046749656
127.20849028268515
111.66513350556801
112.40578821613146
91.87491496594704
133.90952169282065
134.20949109507868
150.4183056235732
80.94288109525137
125.7320784666966
120.22432735885398
59.38700469404575
175.33592757903327
105.77901493207432
64.23589339302443
127.41631240412927
116.49086852186997
97.02703178990474
108.41535356622182
120.70821108036613
153.1706564587356
122.39836600216525
78.46120060259085
116.88978664632005
164.74981031855546
87.60136985230311
113.00393306822949
143.61820044827186
126.68388040929105
168.63477547647165
154.43607091609135
164.3447215459018
173.25382791987278
146.4179709674404
146.8051770204307
122.33625791236219
114.76410588681462
134.9839496631606
