27.230497608380205
68.07973266692518
22.74999187203184
54.70617361960865
64.97145527075718
65.90476082954858
57.78286402559153
45.066158896515134
75.55049002627234
57.27268109666248
65.48187950272866
58.05720359170677
115.7220088545534
54.65802777268861
35.9119293086109
61.924685438576645
88.54354399770472
50.51814173767776
91.23595782365635
104.63693845334396
104.46358217101307
108.88289294007576
73.0479294709987
58.863542763468345
76.17045030718934
41.46515856716335
118.23197537045552
81.0509099270329
103.83371321492841
108.14464991908962
145.9974314842559
120.18064634167202
171.93861953874378
150.3152243342858
121.92586545383496
155.61156769340766
56.64043510504566
115.88028305108682
124.03389925042791
88.76498308579922
153.2369262141327
147.38234478917602
172.66785311690188
180.0546791949601
77.27942400794664
69.91423317179414
85.70005834303731
130.34976495755487
50.969010192468915
101.80611167803238
109.92497441437045
49.644355001058024
67.75699225910193
59.84795550207023
62.348086984423865
56.41931308416373
81.0171449619016
44.38361550666853
