17.043602172076184
45.04175840262012
20.866473641279743
78.60155266680584
57.88835572371236
67.70524351924303
57.95938232935199
60.559758709889195
88.27461788795975
41.736794318682406
98.40660229374856
70.54140628028335
45.85012949818135
75.58180998097359
102.49390225764652
58.897023481666714
73.7830434449542
59.753402713171646
126.10059476465605
104.46511379403174
139.5806218642115
73.14615078731075
65.44717972023953
110.48642450545678
48.238560070611044
63.781188449259865
110.98225634978682
70.09876414526777
78.5592486952081
53.34041619635152
116.78458802427656
78.21604694690214
96.69309983424647
119.37168843574258
131.22103489913496
47.079055852894925
136.32519943135972
89.17627578714705
83.30617244446499
133.34049459935267
95.33164453097193
103.93738303342418
57.11269013975791
115.57557824088221
56.732225890982406
72.6265060084815
89.39922942745213
140.6726696981329
121.24124710674994
130.09579803616512
92.41719266456865
113.93772665607978
104.8174007500663
95.62533179881079
90.79096871385391
91.57310005160481
54.552583577682185
110.51307112232872
116.6437310788711
72.59235496937677
87.32510217221481
133.4828328537669
