19.631295298630725
46.252987395142455
52.170660124036935
34.372081694305336
56.369501161151184
68.48791894430953
53.27769136040163
117.64553634635791
35.98803813614864
47.783365306349026
65.88336120714104
57.59340239992772
54.32347558836787
53.44525293913759
68.95843172609459
55.20968551803207
60.43729532885027
64.9369694396035
46.30075593335383
29.390857170336165
53.316132642944005
79.81145136253971
123.36612176768791
67.2263918048711
49.56056900399752
64.24163489763463
50.05855945789891
84.96681337439931
114.3703778665321
55.19686779950501
77.11047069858945
59.46448260397146
98.68109841136483
50.76744363598913
106.1298994419365
71.37534588357524
84.6938014260784
52.513555101399824
76.357528916422
83.97486396403258
145.1681974660964
19.5
175.59865856232753
149.45797904427852
99.3200494473408
142.55349872942438
131.27315033928303
139.58121888945757
127.87493890516625
11.5
157.40464485593245
176.00441913643974
166.2855642829193
174.89050145734043
166.13304156608945
171.40011668607463
170.7884290577087
165.37297911757597
25.5
36.0
47.0
159.11072315284792
131.90232076132028
152.42858072626086
125.88883985484972
125.96031120952345
143.78173562730422
136.10584116782056
164.65924409721632
186.38371411925692
