0.5091617383199959
0.6058271831285352
0.6237297408253469
0.5270758504030184
0.49965363607309093
0.46848105745872687
0.5240884249096949
0.5251531845387472
0.5866079912580056
0.5484359486661518
0.5734923900718779
0.4911636808056377
0.5575886985055952
0.3793937466093514
0.5187709068278034
0.5296299796022365
0.6721859430567839
0.48031091343838034
0.5389079212131114
0.5771845330472394
0.4262415177386701
0.5985523528359206
0.5169166867891756
0.6057952273187107
0.5536862463070579
0.4660897930249863
0.4335293273730608
0.45432759425106145
0.5379583801085326
0.3644795015830564
0.5835384192883027
0.5775188225069857
0.4802618545094695
0.5950109289041617
0.5873362483394831
0.46798798853229784
0.5231338690081289
0.6096621467225504
0.5829533123990553
0.6332312200708503
0.5735616691913263
0.6079924548672196
0.4283444483434174
0.5044622391214351
0.5392772778437359
0.5195915589505699
0.5879410287122228
0.37923973882917894
0.5358114384339504
0.4841942502091849
0.49896450779340507
0.5364207358361682
0.5620876542111197
0.5606820143474749
0.5928873808366393
0.5477735657960503
0.5225330074212002
0.5791859783140277
0.6231932643830013
0.600481615846826
0.6582992910537325
0.6124672736723732
0.5429559753284683
0.6050896521105604
0.5860033483073187
0.5597774455052101
0.5473498404631233
0.5032638421098314
