0.47589943955787656
0.566359789733495
0.6096451248327096
0.4979200819136517
0.5784183554101203
0.5170044097740037
0.5714724805442706
0.5299227525610315
0.5476919661588451
0.5436145163956521
0.5196408600665392
0.5961635808864728
0.4736351024704978
0.4565250118729577
0.5907960181241682
0.5160208728075317
0.48616417847616616
0.48184248734198726
0.542339774145639
0.5086547145005264
0.4781481335706646
0.4656508343975401
0.5230031154029385
0.5425198134433458
0.49336936044497987
0.4094604357331713
0.3473171809143639
0.3890248423761177
0.5654116809741638
0.5529408210953114
0.5054004674516475
0.5157700668955153
0.4884508013239622
0.572297727245522
0.5948387279999555
0.6035489436665202
0.5159971633767758
0.18382748166725973
0.5335561289587518
0.6086106843651143
0.5865754631864752
0.6341209716233651
0.582140444656626
0.5320481485399597
0.5736978268016808
0.5925060182118818
0.5092132492475568
0.4802570426853768
0.5370009053857455
0.584115854105255
0.5592279790759149
0.5369486184449368
0.3660095543853869
0.5244899208633952
0.5203363127551751
0.6335612695307699
0.6335656209108146
0.5862721729858024
0.5266471081798423
0.5236507542700407
0.524334854514296
0.520720568708714
0.51946210849778
0.5481683968249691
0.6151497604910857
0.3701723539297344
0.5831349257346742
0.5116219776805921
0.6281822467656404
0.5653700124259536
0.5476796065294566
0.5126644955560024
0.5012909966410629
0.5051709587323704
0.4970707770085752
0.5806801989989091
0.5722361721600374
0.5719286517166047
0.5606752633972102
0.542219286030691
0.571200532358121
0.5001768064696678
0.43336395420261486
0.4683844304682061
0.49285803135395023
0.48694916027741003
0.46260544764513445
0.4686119008098188
