0.4769215021239654
0.5975346178179415
0.31712891882974525
0.5781139290267404
0.5395722874836516
0.5420139234760228
0.5392742409021155
0.5103315417312495
0.5539806199335184
0.5748532993425822
0.5027526237042741
0.5511519290097804
0.5736968161957675
0.46463123596325784
0.5212792523874401
0.46381606645855683
0.540363681633343
0.563809462951999
0.36340334437230043
0.5911668820894251
0.5915503962838945
0.56834873227841
0.4882693511500032
0.5644420029710939
0.5436170038780574
0.4934170915993
0.5161293886970469
0.4595355638455426
0.49381172389640604
0.5746208248545204
0.6227416069150253
0.528585216774315
0.4423731234821702
0.6290078367334131
0.4381402649918772
0.5604736650678779
0.5242897552808834
0.5056707657186665
0.5464994131638891
0.5109387154197257
0.5340505269589044
0.5473708805415907
0.5851038710441162
0.5151057743378871
0.5335876935000693
0.4172174029544554
0.5553752108527654
0.5594674906102116
0.604502208450115
0.4547846000211827
0.6218953316269581
0.5019750173973656
0.5270598752202518
0.5767217971737061
0.5552875676742982
0.4862769397651184
0.5146275792481602
0.5335741112593347
0.5310853845954625
0.5490176507367734
0.5397786939764256
0.5074109402149365
0.6729104414610976
0.6037340249892563
0.5924377994568715
0.3665589490449638
0.476818567807512
0.5154119861571537
0.5324755916952141
0.49892264027030003
0.5953216621848915
0.5839644105606638
0.5658287467694431
0.580217194747691
0.5638073768506938
0.5410000262757495
0.4768735586165689
0.2880777895375741
0.5595454275280164
