0.5086306579926789
0.5522615235691649
0.4790035399936268
0.5772067972952992
0.5284564070564174
0.5749887335173435
0.5619596085201548
0.5997735903387269
0.5689996288950943
0.5853011435461156
0.5039323290266051
0.4883959377259524
0.5121766515468035
0.5949544952395439
0.5928535304729583
0.5006061019300668
0.4531223680829016
0.5563095024997298
0.5012250923329998
0.5392370357745846
0.44477420610710594
0.5346606452206047
0.5215043069058308
0.46245366665158644
0.5326029860196904
0.5672591630655759
0.5020582889452057
0.5919969513086517
0.4904144354752655
0.40100222463542956
0.5702142753343418
0.5329086235605421
0.5588230179632758
0.583439475284756
0.5285187881783346
0.5325046550091783
0.4740574481772516
0.531737172009143
0.4339268268746861
0.4724795136354735
0.477484776253733
0.23861781942583984
0.5816064574628136
0.5409355315552391
0.5377684018197587
0.5672376656235181
0.40796811292107404
0.5387045408970494
0.5017315456618076
0.48766960604772625
0.6116282899023352
0.5610821893250904
0.5196586636203914
0.5172388345026454
0.5824424501105426
0.5918503366588903
0.5072022058070826
0.629961312480093
0.5535554145802261
0.5829941558883126
0.5365474725669875
0.5782127263917604
0.5946290986988604
0.4912561257041971
0.5153208216493994
0.6643896926443054
0.6165329163959673
0.5588061053942377
0.44956157387097595
0.5784725006189638
0.5740696963649348
0.5210671866763372
0.5573874388239779
0.4263084113448734
0.5905331193785129
0.45198385034513194
0.5747286091836855
0.3744186246809791
