0.00035612535612535614
0.07264957264957266
0.09152421652421652
0.10933048433048433
0.11502849002849003
0.10826210826210826
0.1111111111111111
0.1420940170940171
0.1346153846153846
0.12428774928774929
0.15491452991452992
0.14173789173789172
0.12108262108262108
0.14636752136752137
0.15776353276353278
0.1542022792022792
0.146011396011396
0.17094017094017094
0.17094017094017094
0.16773504273504272
0.15847578347578348
0.1712962962962963
0.16025641025641027
0.16666666666666666
0.16844729344729345
0.1581196581196581
0.17841880341880342
0.18091168091168092
0.14886039886039887
0.17485754985754987
0.15883190883190884
0.1752136752136752
0.20548433048433049
0.18447293447293447
0.1908831908831909
0.19943019943019943
0.228988603988604
0.2264957264957265
0.21581196581196582
0.1834045584045584
0.20192307692307693
0.23575498575498577
0.26317663817663817
0.2539173789173789
0.24394586894586895
0.29024216524216523
0.2866809116809117
0.2849002849002849
0.11858974358974358
0.1136039886039886
0.15455840455840456
0.13746438746438747
0.10861823361823361
0.12962962962962962
0.1371082621082621
0.16737891737891739
0.15669515669515668
0.172008547008547
0.1908831908831909
0.1787749287749288
0.1467236467236467
0.16809116809116809
0.15883190883190884
0.16132478632478633
0.1752136752136752
0.1574074074074074
0.18269230769230768
0.17058404558404558
0.15954415954415954
0.1606125356125356
0.17414529914529914
