0.002136752136752137
0.04487179487179487
0.08582621082621082
0.09864672364672365
0.11075498575498575
0.11752136752136752
0.14423076923076922
0.15313390313390313
0.18162393162393162
0.18981481481481483
0.20584045584045585
0.1801994301994302
0.1712962962962963
0.18767806267806267
0.18233618233618235
0.14992877492877493
0.16809116809116809
0.1655982905982906
0.18091168091168092
0.16844729344729345
0.17485754985754987
0.1841168091168091
0.17663817663817663
0.19230769230769232
0.20584045584045585
0.22044159544159544
0.23041310541310542
0.20690883190883191
0.21082621082621084
0.21901709401709402
0.2656695156695157
0.27706552706552706
0.25997150997151
0.26246438746438744
0.2443019943019943
0.23468660968660968
0.23326210826210828
0.2150997150997151
0.21652421652421652
0.23254985754985755
0.24786324786324787
0.24180911680911682
0.275997150997151
0.2724358974358974
0.24145299145299146
0.25213675213675213
0.23005698005698005
0.24786324786324787
0.26816239316239315
0.2670940170940171
0.2980769230769231
0.2742165242165242
0.29772079772079774
0.3176638176638177
0.3123219373219373
0.30804843304843305
0.28952991452991456
0.29950142450142453
0.31339031339031337
0.17414529914529914
0.19301994301994302
0.17556980056980057
0.18162393162393162
0.18482905982905984
0.1997863247863248
0.16417378917378916
0.17984330484330485
0.17735042735042736
0.16951566951566951
0.16595441595441596
0.1948005698005698
0.19123931623931623
0.1655982905982906
0.21616809116809116
0.20975783475783477
0.22008547008547008
0.21723646723646722
0.2118945868945869
0.2037037037037037
0.24537037037037038
