0.002136752136752137
0.07264957264957266
0.0876068376068376
0.10683760683760683
0.1363960113960114
0.12891737891737892
0.17165242165242164
0.16096866096866097
0.15313390313390313
0.10933048433048433
0.15206552706552706
0.12001424501424501
0.11182336182336182
0.13568376068376067
0.15491452991452992
0.13497150997150997
0.16346153846153846
0.15633903133903135
0.1517094017094017
0.1801994301994302
0.15883190883190884
0.16274928774928774
0.17236467236467237
0.1574074074074074
0.16737891737891739
0.16025641025641027
0.16025641025641027
0.15776353276353278
0.16666666666666666
0.16168091168091167
0.1388888888888889
0.1606125356125356
0.16524216524216523
0.15954415954415954
0.21545584045584046
0.16381766381766383
0.1655982905982906
0.176994301994302
0.16346153846153846
0.16524216524216523
0.1648860398860399
0.1745014245014245
0.17236467236467237
0.16595441595441596
0.19764957264957264
0.17022792022792022
0.15562678062678062
0.15847578347578348
0.15562678062678062
0.14957264957264957
0.1168091168091168
0.14707977207977208
0.11787749287749288
0.12072649572649573
0.1346153846153846
0.16452991452991453
0.1363960113960114
0.1623931623931624
0.16132478632478633
0.1371082621082621
0.16631054131054132
0.15313390313390313
0.15776353276353278
0.16773504273504272
0.1534900284900285
0.16737891737891739
0.15954415954415954
0.1517094017094017
0.1599002849002849
0.16346153846153846
0.16702279202279202
0.13354700854700854
0.1599002849002849
