0.0
0.0
0.0
15.0
12.5
22.5
12.0
0.0
12.0
0.0
12.0
0.5
0.0
13.0
17.5
0.0
0.0
0.0
0.0
12.0
15.0
2.5
12.0
0.0
0.0
0.0
12.0
0.0
0.4714045207910317
14.0
18.0
13.0
12.0
0.0
19.189117286165672
16.5
0.0
0.0
14.5
12.0
22.5
3.5
0.0
22.0
12.0
12.0
0.0
0.0
0.0
0.0
12.0
0.0
0.0
0.0
12.0
30.5
0.0
12.0
12.0
0.0
0.0
11.313708498984761
0.0
22.5
0.0
20.5
0.0
14.5
0.0
0.0
0.0
0.0
12.0
0.0
0.0
13.0
0.0
12.0
12.0
0.0
0.0
19.0
13.0
0.0
0.0
0.0
0.0
0.0
0.0
12.0
0.0
0.0
12.0
0.0
0.0
0.0
7.5
12.0
16.5
0.0
0.0
0.0
0.0
0.0
0.0
12.0
5.5
0.0
0.0
20.5
0.0
0.0
11.5
0.0
0.0
14.5
2.5
0.0
0.0
0.0
12.0
15.0
0.0
0.0
12.5
0.0
0.0
0.0
0.0
0.0
0.0
0.0
0.0
12.0
12.0
0.0
0.0
0.0
0.0
0.0
12.0
12.0
12.0
12.5
0.0
0.0
0.0
0.0
12.5
0.0
0.0
0.0
0.0
0.0
0.0
14.5
0.0
0.0
12.0
12.0
0.0
13.5
0.0
0.0
12.0
