18.0
12.5
12.0
13.27487183449325
12.5
0.0
0.0
0.0
0.0
23.0
0.0
0.0
12.0
0.0
12.0
0.0
2.5
0.0
0.0
0.0
0.0
0.0
0.0
0.0
0.0
3.0
16.0
12.0
18.5
14.0
12.0
0.0
14.966629547095765
0.0
2.0
12.0
18.5
12.0
14.0
0.0
0.0
0.0
0.0
0.0
0.0
12.0
0.0
0.0
0.0
12.0
0.0
0.0
12.0
21.0
0.0
12.0
0.0
0.0
0.0
0.0
0.0
0.0
0.0
0.0
0.0
0.0
21.5
12.0
0.0
12.0
12.0
12.5
14.0
12.0
12.0
19.0
8.0
12.0
0.0
12.0
0.0
12.0
12.5
0.0
0.0
12.0
12.0
13.5
18.0
2.0
16.0
19.669491322575904
0.0
0.0
0.0
12.5
0.0
0.0
2.0
0.0
15.5
0.0
0.0
0.0
0.0
22.0
12.083045973594572
0.0
12.0
18.0
17.795130420052185
12.0
20.5
20.5
0.0
20.5
0.0
12.5
0.0
0.0
13.5
12.0
12.0
13.0
5.5
0.0
0.0
0.0
0.0
12.0
0.0
23.0
22.5
0.0
12.0
12.0
24.0
13.5
12.0
0.0
0.0
0.0
12.0
0.0
0.0
0.0
31.5
12.0
12.0
0.0
0.0
25.5
19.5
0.0
22.0
12.5
2.0
19.5
2.449489742783178
0.0
