0.0
0.0
0.0
0.0
0.0
12.0
19.0
0.0
13.0
0.0
0.0
2.0
0.0
0.0
12.5
13.0
0.0
0.0
0.0
0.0
0.0
12.0
0.0
13.5
12.5
17.0
0.0
12.0
0.0
0.0
0.0
3.0
12.0
12.0
18.0
0.0
0.0
11.5
0.0
0.0
0.0
0.0
0.0
14.5
13.5
12.0
0.0
12.0
12.0
0.0
28.0
15.5
0.0
0.0
15.0
12.5
0.0
0.0
0.0
9.0
0.0
0.0
0.0
0.0
0.0
15.0
0.0
0.0
12.0
16.5
0.0
0.0
0.0
12.0
12.0
0.0
2.0
12.5
0.0
0.0
0.0
12.0
0.0
15.0
12.0
13.0
0.0
0.0
5.5
12.5
0.0
0.0
18.5
12.0
12.5
0.0
0.0
11.313708498984761
7.0
12.5
23.5
0.0
0.0
0.0
0.0
12.0
0.0
0.0
0.0
0.0
0.0
12.5
4.0
16.5
12.0
0.0
11.8133634311129
17.5
0.0
12.0
0.0
0.0
0.0
0.0
16.5
0.0
0.0
0.0
12.0
0.0
12.0
0.0
0.0
12.0
12.5
12.0
0.0
0.0
0.0
1.0
24.0
0.0
0.0
0.0
0.0
12.0
14.5
11.313708498984761
0.0
12.0
0.5
