13.5
12.0
0.0
0.0
0.5
12.0
12.0
0.0
0.0
0.0
12.5
0.0
0.0
0.0
14.613540144521982
0.0
17.0
0.0
0.0
19.5
0.5
0.0
0.0
0.0
0.0
0.0
11.313708498984761
13.0
15.0
0.0
4.0
0.0
0.0
14.0
0.0
0.0
19.5
0.0
12.5
0.0
0.0
12.0
12.0
0.0
0.0
14.5
0.0
12.5
0.5
0.0
12.0
12.0
0.0
0.0
12.5
0.0
0.0
0.0
12.0
13.0
0.0
0.0
18.5
12.0
16.5
16.5
4.5
0.0
12.0
18.5
16.0
0.0
0.0
0.0
0.0
0.0
18.5
0.0
0.0
0.0
13.0
12.0
0.0
0.0
0.0
12.0
0.0
0.0
0.0
0.0
0.0
12.0
12.0
0.0
0.0
15.769168230019828
12.0
17.0
12.0
0.0
14.5
0.0
0.0
0.0
12.0
12.5
12.0
0.0
2.0
0.0
0.0
0.0
12.0
13.0
0.0
0.0
0.0
12.0
14.0
14.5
0.0
0.0
0.0
0.0
0.0
0.0
0.0
17.0
0.0
0.0
0.0
0.0
9.5
16.0
13.0
0.0
12.0
1.5
0.0
0.0
14.613540144521982
0.0
0.0
22.0
0.0
12.0
12.0
0.0
0.0
0.0
0.0
0.0
12.0
11.8133634311129
12.5
12.0
12.0
12.0
12.0
22.5
0.0
0.0
0.0
0.0
0.0
12.0
12.0
