0.12198067632850242
0.05615942028985507
0.03774154589371981
0.04045893719806763
0.03955314009661836
0.04800724637681159
0.04468599033816425
0.043176328502415456
0.0785024154589372
0.057669082125603864
0.07276570048309179
0.06521739130434782
0.06702898550724638
0.04136473429951691
0.042874396135265704
0.06702898550724638
0.04679951690821256
0.08091787439613526
0.043478260869565216
0.051026570048309176
0.035326086956521736
0.07306763285024155
0.06431159420289854
0.05464975845410628
0.021437198067632852
0.05253623188405797
0.03713768115942029
0.03291062801932367
0.025362318840579712
0.03351449275362319
0.03834541062801932
0.014492753623188406
0.051328502415458936
0.03291062801932367
0.007548309178743961
0.0320048309178744
0.0320048309178744
0.04468599033816425
0.036231884057971016
0.03955314009661836
0.03955314009661836
0.04619565217391304
0.029891304347826088
0.10356280193236715
0.044082125603864736
0.050120772946859904
0.03864734299516908
0.03894927536231884
0.04015700483091787
0.036533816425120776
0.05314009661835749
0.057669082125603864
0.03109903381642512
0.052234299516908216
0.025966183574879228
0.06219806763285024
0.0769927536231884
0.04861111111111111
0.06038647342995169
0.050724637681159424
0.043176328502415456
