0.1111111111111111
0.07065217391304347
0.09873188405797101
0.035326086956521736
0.0232487922705314
0.04710144927536232
0.014492753623188406
0.08242753623188406
0.03230676328502415
0.057971014492753624
0.04045893719806763
0.057367149758454104
0.04045893719806763
0.014492753623188406
0.015096618357487922
0.050422705314009664
0.03351449275362319
0.060084541062801936
0.06763285024154589
0.07910628019323672
0.042270531400966184
0.044384057971014496
0.07367149758454106
0.05464975845410628
0.03683574879227053
0.0625
0.03985507246376811
0.05676328502415459
0.042270531400966184
0.03109903381642512
0.022946859903381644
0.03683574879227053
0.025664251207729468
0.04619565217391304
0.0625
0.09993961352657005
0.07729468599033816
0.06038647342995169
0.03230676328502415
0.030495169082125604
0.08544685990338165
0.025362318840579712
0.04076086956521739
0.04679951690821256
0.057367149758454104
