0.10748792270531402
0.0
0.014492753623188406
0.043478260869565216
0.0625
0.05314009661835749
0.007246376811594203
0.030193236714975844
0.0661231884057971
0.051026570048309176
0.051328502415458936
0.042270531400966184
0.043780193236714976
0.04619565217391304
0.04015700483091787
0.07548309178743962
0.04076086956521739
0.043780193236714976
0.04921497584541063
0.07367149758454106
0.051328502415458936
0.06219806763285024
0.00785024154589372
0.04136473429951691
0.022342995169082124
0.042874396135265704
0.07457729468599034
0.04136473429951691
0.015096618357487922
0.028381642512077296
0.03894927536231884
0.044082125603864736
0.041968599033816424
0.029287439613526572
0.0625
0.07397342995169082
0.06099033816425121
0.024456521739130436
0.04861111111111111
0.00966183574879227
0.028985507246376812
0.05555555555555555
0.024758454106280192
0.0552536231884058
0.04830917874396135
0.03351449275362319
