0.0981280193236715
0.06733091787439613
0.050724637681159424
0.030797101449275364
0.07608695652173914
0.028985507246376812
0.042270531400966184
0.03291062801932367
0.036231884057971016
0.04861111111111111
0.08091787439613526
0.06129227053140097
0.09722222222222222
0.04559178743961353
0.0646135265700483
0.07518115942028986
0.0320048309178744
0.04679951690821256
0.024758454106280192
0.07910628019323672
0.029287439613526572
0.04830917874396135
0.0320048309178744
0.03351449275362319
0.060084541062801936
0.042270531400966184
0.043780193236714976
0.042874396135265704
0.060084541062801936
0.04528985507246377
0.035024154589371984
0.05404589371980676
0.051630434782608696
0.042874396135265704
0.042572463768115944
0.06099033816425121
0.07397342995169082
0.06099033816425121
0.014794685990338164
0.03683574879227053
0.021739130434782608
0.028381642512077296
0.04498792270531401
0.02717391304347826
0.04106280193236715
0.050724637681159424
0.026268115942028984
0.022041062801932368
0.016908212560386472
0.051328502415458936
0.06793478260869565
0.023852657004830916
0.07367149758454106
