0.04439252336448598
0.15453938584779706
0.16421895861148197
0.16054739652870495
0.14218958611481977
0.16822429906542055
0.16622162883845126
0.19692923898531375
0.18324432576769026
0.18925233644859812
0.23164218958611482
0.19492656875834447
0.18991989319092123
0.21995994659546061
0.21495327102803738
0.21962616822429906
0.25333778371161547
0.22496662216288385
0.19692923898531375
0.21461949265687583
0.22963951935914553
0.2246328437917223
0.22296395193591456
0.2383177570093458
0.24365821094793058
0.23931909212283045
0.2076101468624833
0.25867823765020026
0.23197596795727637
0.2713618157543391
0.24566088117489987
0.25634178905206945
0.28070761014686246
0.2967289719626168
0.3067423230974633
0.27536715620827773
0.2590120160213618
0.29272363150867825
0.31008010680907877
0.28738317757009346
0.2793724966622163
0.31008010680907877
0.32610146862483314
0.3007343124165554
0.29506008010680906
0.31675567423230977
0.32309746328437916
0.3247663551401869
0.18324432576769026
0.18324432576769026
0.1829105473965287
0.19759679572763686
0.2096128170894526
0.2136181575433912
0.20093457943925233
0.20694259012016022
0.21194926568758343
0.1842456608811749
0.20026702269692923
0.21495327102803738
0.22296395193591456
0.22363150867823764
0.21528704939919893
0.22429906542056074
0.23264352469959945
0.23431241655540722
0.24032042723631508
0.2479973297730307
0.22763684913217624
0.25100133511348466
0.23731642189586113
