0.06008010680907877
0.16188251001335113
0.17690253671562084
0.1985981308411215
0.17556742323097463
0.15520694259012016
0.1732309746328438
0.2096128170894526
0.2116154873164219
0.19325767690253673
0.2219626168224299
0.20160213618157544
0.22296395193591456
0.2279706275033378
0.21194926568758343
0.2246328437917223
0.23865153538050735
0.23664886515353806
0.2192923898531375
0.23397863818424566
0.24132176234979974
0.2506675567423231
0.25934579439252337
0.25801068090787715
0.26635514018691586
0.30707610146862485
0.2940587449933244
0.28070761014686246
0.28671562082777036
0.3144192256341789
0.27703604806408544
0.32977303070761016
0.32309746328437916
0.31275033377837114
0.3247663551401869
0.30807743658210945
0.28538050734312415
0.2893858477970627
0.2967289719626168
0.32009345794392524
0.31174899866488653
0.2953938584779706
0.30040053404539385
0.25734312416555405
0.2713618157543391
0.2713618157543391
0.27903871829105475
0.2540053404539386
0.30040053404539385
0.29572763684913217
0.30507343124165553
0.2857142857142857
0.2787049399198932
0.3097463284379172
0.3037383177570093
0.3210947930574099
0.29906542056074764
0.31542056074766356
0.31942590120160214
0.1992656875834446
0.2162883845126836
0.20126835781041388
0.2389853137516689
0.23731642189586113
0.23264352469959945
0.22563417890520696
0.2336448598130841
0.24766355140186916
0.20861148197596796
0.22963951935914553
0.24833110814419226
0.23030707610146864
0.25433911882510013
0.2683578104138852
0.26535380507343126
0.2726969292389853
0.2757009345794392
0.2746995994659546
0.2757009345794392
0.31608811748998666
