0.04806408544726302
0.15587449933244327
0.1295060080106809
0.09979973297730307
0.1855807743658211
0.17156208277703605
0.2109479305740988
0.19692923898531375
0.17222963951935916
0.1842456608811749
0.18791722296395194
0.2192923898531375
0.18724966622162884
0.2389853137516689
0.25166889185580776
0.24599465954606142
0.24299065420560748
0.23598130841121495
0.25
0.256675567423231
0.25867823765020026
0.25567423230974634
0.25267022696929237
0.2363150867823765
0.25100133511348466
0.2553404539385848
0.2750333778371162
0.27369826435246997
0.2643524699599466
0.2883845126835781
0.26602136181575436
0.2820427236315087
0.29439252336448596
0.28805073431241657
0.27903871829105475
0.2750333778371162
0.2540053404539386
0.31942590120160214
0.2940587449933244
0.29138851802403204
0.31475300400534045
0.3097463284379172
0.3137516688918558
0.32643524699599463
0.29973297730307075
0.29973297730307075
0.33377837116154874
0.332109479305741
0.3257676902536716
0.3371161548731642
0.32376502002670227
0.35847797062750336
0.3247663551401869
0.3568090787716956
0.32843791722296395
0.338785046728972
0.3925233644859813
0.38985313751668893
0.38050734312416556
0.3951935914552737
0.40854472630173566
0.4265687583444593
0.4198931909212283
0.4265687583444593
0.20660881174899867
0.19025367156208278
0.20927903871829107
0.20226969292389854
0.21528704939919893
0.21562082777036048
0.2129506008010681
0.2416555407209613
0.24332443257676903
0.22363150867823764
0.2409879839786382
0.2383177570093458
0.26268357810413884
0.23097463284379172
0.2479973297730307
0.2279706275033378
0.260347129506008
0.22997329773030709
0.25634178905206945
0.24566088117489987
0.27069425901201605
0.2606809078771696
