0.07543391188251002
0.15086782376502003
0.1692256341789052
0.1602136181575434
0.15854472630173566
0.17723631508678236
0.19793057409879838
0.18991989319092123
0.1882510013351135
0.17590120160213618
0.20060080106809078
0.18791722296395194
0.20226969292389854
0.20994659546061414
0.21662216288384512
0.2162883845126836
0.20927903871829107
0.21528704939919893
0.2076101468624833
0.20026702269692923
0.21695594125500667
0.22429906542056074
0.2246328437917223
0.21061415220293725
0.21728971962616822
0.21528704939919893
0.21562082777036048
0.19025367156208278
0.25267022696929237
0.2136181575433912
0.205607476635514
0.19259012016021362
0.20060080106809078
0.2253004005340454
0.2383177570093458
0.23064085447263016
0.26101468624833113
0.23531375166889185
0.2089452603471295
0.23064085447263016
0.24599465954606142
0.23965287049399198
0.2613484646194927
0.2376502002670227
0.25934579439252337
0.24198931909212282
0.21962616822429906
0.18724966622162884
0.20327102803738317
0.18090787716955942
0.1835781041388518
0.1965954606141522
0.19225634178905207
0.21061415220293725
0.21995994659546061
0.2129506008010681
0.2162883845126836
0.21128170894526035
0.21261682242990654
0.2109479305740988
0.20093457943925233
0.21562082777036048
0.18524699599465955
0.2129506008010681
0.21562082777036048
0.20093457943925233
0.20460614152202938
0.17890520694259013
0.20861148197596796
0.2389853137516689
0.20293724966622162
0.21428571428571427
0.21495327102803738
