0.0
0.0
0.000925925925925926
0.0
0.002777777777777778
0.0
0.0
0.000925925925925926
0.0
0.0
0.0
0.000925925925925926
0.0
0.0
0.000925925925925926
0.007407407407407408
0.000925925925925926
0.0
0.0
0.0
0.0
0.000925925925925926
0.002777777777777778
0.0
0.000925925925925926
0.000925925925925926
0.0
0.0
0.000925925925925926
0.0
0.0
0.007407407407407408
0.0
0.001851851851851852
0.0
0.008333333333333333
0.000925925925925926
0.0
0.002777777777777778
0.003703703703703704
0.0
0.0
0.007407407407407408
0.0
0.000925925925925926
0.0
0.0
0.0
0.0
0.0
0.0
0.0
0.0
0.0
0.0
0.0
0.000925925925925926
0.0
0.0
0.0
0.0
0.0
0.001851851851851852
0.000925925925925926
0.001851851851851852
0.0
0.0
