0.0
0.0
0.001851851851851852
0.000925925925925926
0.0
0.000925925925925926
0.001851851851851852
0.0
0.0
0.0
0.0
0.0
0.0
0.0
0.0
0.0
0.001851851851851852
0.0
0.000925925925925926
0.0
0.0
0.004629629629629629
0.0
0.0
0.0
0.0
0.0
0.002777777777777778
0.0
0.0
0.0
0.0
0.000925925925925926
0.000925925925925926
0.001851851851851852
0.0
0.0
0.0
0.002777777777777778
0.0
0.0
0.0
0.0
0.0
0.0
0.0
0.0
0.0
0.0
0.0
0.001851851851851852
0.000925925925925926
0.0
0.0
0.000925925925925926
0.0
0.0
0.006481481481481481
0.0
0.000925925925925926
0.0
0.001851851851851852
0.0
0.0
0.0
0.0
0.000925925925925926
0.0
0.0
0.0
0.0
0.0
0.0
0.0
0.002777777777777778
0.0
0.008333333333333333
0.001851851851851852
0.000925925925925926
