0.038425925925925926
0.012037037037037037
0.012037037037037037
0.030555555555555555
0.0
0.020370370370370372
0.012037037037037037
0.0
0.0
0.0
0.0
0.0
0.0
0.0
0.012037037037037037
0.0
0.014814814814814815
0.017592592592592594
0.0
0.0
0.012037037037037037
0.015277777777777777
0.043055555555555555
0.012037037037037037
0.025925925925925925
0.03796296296296296
0.026851851851851852
0.0
0.0
0.01898148148148148
0.012037037037037037
0.03148148148148148
0.0
0.012037037037037037
0.01574074074074074
0.012037037037037037
0.028703703703703703
0.0
0.04861111111111111
0.0
0.0
0.0
0.0
0.012037037037037037
0.0
0.01712962962962963
0.027777777777777776
0.017592592592592594
0.038425925925925926
0.0
0.032407407407407406
0.017592592592592594
0.0
0.012037037037037037
0.0
0.014351851851851852
0.012037037037037037
0.02638888888888889
0.03009259259259259
0.0
0.018055555555555554
