0.0
0.028703703703703703
0.018055555555555554
0.012037037037037037
0.024074074074074074
0.024074074074074074
0.037037037037037035
0.012962962962962963
0.03009259259259259
0.0125
0.03564814814814815
0.0
0.024074074074074074
0.0
0.0
0.0
0.0
0.0
0.016203703703703703
0.012037037037037037
0.0
0.012037037037037037
0.03657407407407407
0.012037037037037037
0.031018518518518518
0.0
0.012037037037037037
0.0
0.02638888888888889
0.02546296296296296
0.0
0.0
0.0125
0.013888888888888888
0.05
0.018518518518518517
0.0
0.012037037037037037
0.0
0.0
0.0
0.0125
0.0
0.012037037037037037
0.012037037037037037
