0.0125
0.0
0.018518518518518517
0.020370370370370372
0.01712962962962963
0.0
0.0125
0.012037037037037037
0.01712962962962963
0.0
0.0
0.013888888888888888
0.012037037037037037
0.013888888888888888
0.05462962962962963
0.012037037037037037
0.0
0.026851851851851852
0.012037037037037037
0.0
0.012037037037037037
0.0
0.028703703703703703
0.019444444444444445
0.018518518518518517
0.01990740740740741
0.017592592592592594
0.0
0.04861111111111111
0.012037037037037037
0.02175925925925926
0.02962962962962963
0.0
0.0
0.0
0.0
0.02962962962962963
0.012037037037037037
0.0
0.04259259259259259
0.01898148148148148
0.0
0.013425925925925926
0.04351851851851852
0.012037037037037037
0.0
