0.0412037037037037
0.0
0.0
0.028703703703703703
0.0
0.0125
0.0375
0.0
0.0
0.013888888888888888
0.0
0.0
0.012037037037037037
0.0
0.012962962962962963
0.056018518518518516
0.0
0.0
0.024537037037037038
0.02546296296296296
0.0
0.0
0.0
0.0
0.012037037037037037
0.0
0.0
0.012962962962962963
0.033796296296296297
0.0
0.01574074074074074
0.012037037037037037
0.0
0.0
0.04537037037037037
0.012962962962962963
0.012037037037037037
0.0
0.0
0.0412037037037037
0.024074074074074074
0.0
0.012037037037037037
0.0
0.012962962962962963
0.012037037037037037
0.0
0.012037037037037037
0.025925925925925925
0.012037037037037037
0.0
0.012037037037037037
0.027314814814814816
