0.005208333333333333
0.11458333333333333
0.17881944444444445
0.2222222222222222
0.1371527777777778
0.1232638888888889
0.19618055555555555
0.171875
0.08854166666666667
0.125
0.16145833333333334
0.13020833333333334
0.1111111111111111
0.10416666666666667
0.1371527777777778
0.15104166666666666
0.15104166666666666
0.14930555555555555
0.1527777777777778
0.125
0.1388888888888889
0.16666666666666666
0.22743055555555555
0.2465277777777778
0.2309027777777778
0.25
0.2170138888888889
0.203125
0.24479166666666666
0.2638888888888889
0.22743055555555555
0.2482638888888889
0.21354166666666666
0.22916666666666666
0.23958333333333334
0.2517361111111111
0.3038194444444444
0.2465277777777778
0.19791666666666666
0.14756944444444445
0.19791666666666666
0.2621527777777778
0.2638888888888889
0.2621527777777778
0.2013888888888889
0.09722222222222222
0.1232638888888889
0.10243055555555555
0.1857638888888889
0.09722222222222222
0.1388888888888889
0.19270833333333334
0.1579861111111111
0.0954861111111111
0.14756944444444445
0.1857638888888889
0.13541666666666666
0.10590277777777778
0.1388888888888889
0.109375
0.17881944444444445
0.19270833333333334
0.21006944444444445
0.2361111111111111
0.17881944444444445
0.2465277777777778
0.21875
0.234375
0.2534722222222222
0.1909722222222222
0.17708333333333334
0.0954861111111111
0.17881944444444445
0.16145833333333334
0.2152777777777778
0.18229166666666666
0.22743055555555555
0.171875
0.10416666666666667
0.1388888888888889
0.19618055555555555
0.234375
0.2013888888888889
0.21354166666666666
0.17881944444444445
0.18229166666666666
0.2725694444444444
0.16319444444444445
0.1909722222222222
0.1423611111111111
0.203125
0.1892361111111111
0.234375
0.2586805555555556
0.2204861111111111
0.14756944444444445
0.22395833333333334
0.1857638888888889
0.14930555555555555
0.1701388888888889
0.19270833333333334
0.1857638888888889
0.19444444444444445
0.1440972222222222
0.2170138888888889
0.21180555555555555
0.203125
0.14756944444444445
0.19791666666666666
0.3072916666666667
0.1996527777777778
0.16145833333333334
0.1701388888888889
0.21180555555555555
0.2638888888888889
0.22916666666666666
0.21875
0.21006944444444445
0.15104166666666666
0.2586805555555556
