0.024305555555555556
0.06770833333333333
0.14930555555555555
0.16493055555555555
0.1597222222222222
0.17708333333333334
0.21180555555555555
0.1545138888888889
0.1388888888888889
0.11979166666666667
0.25
0.2482638888888889
0.2361111111111111
0.22395833333333334
0.2777777777777778
0.20833333333333334
0.24305555555555555
0.22916666666666666
0.2708333333333333
0.28125
0.2170138888888889
0.21180555555555555
0.24305555555555555
0.21006944444444445
0.24305555555555555
0.3194444444444444
0.2065972222222222
0.296875
0.3211805555555556
0.2795138888888889
0.203125
0.19618055555555555
0.1857638888888889
0.19791666666666666
0.1597222222222222
0.1701388888888889
0.22395833333333334
0.24131944444444445
0.25
0.20833333333333334
0.2378472222222222
0.1875
0.21875
0.1701388888888889
0.22916666666666666
0.2361111111111111
0.2621527777777778
0.2378472222222222
0.2013888888888889
0.22916666666666666
0.22916666666666666
0.2743055555555556
0.1527777777777778
0.1423611111111111
0.1892361111111111
0.2708333333333333
0.2777777777777778
0.22569444444444445
0.19618055555555555
0.2552083333333333
0.2309027777777778
0.2378472222222222
0.19270833333333334
0.2621527777777778
0.22916666666666666
0.3142361111111111
0.2777777777777778
0.21180555555555555
0.2552083333333333
0.21006944444444445
0.19270833333333334
0.2309027777777778
0.2604166666666667
0.2621527777777778
0.17708333333333334
0.17708333333333334
0.3003472222222222
0.2847222222222222
0.2465277777777778
0.3333333333333333
0.2222222222222222
0.18055555555555555
0.2309027777777778
0.2795138888888889
0.25
0.28125
0.3020833333333333
0.2378472222222222
0.22569444444444445
0.2760416666666667
0.234375
0.14583333333333334
0.1840277777777778
0.203125
0.1857638888888889
0.234375
0.16145833333333334
0.1440972222222222
0.10416666666666667
0.1371527777777778
0.140625
0.1371527777777778
0.19270833333333334
0.16145833333333334
0.1527777777777778
0.13368055555555555
0.2048611111111111
0.1579861111111111
0.2152777777777778
0.1857638888888889
0.1076388888888889
0.21875
0.16493055555555555
0.13368055555555555
0.15625
0.15625
0.1440972222222222
0.1840277777777778
0.18229166666666666
0.1527777777777778
