0.019097222222222224
0.08333333333333333
0.11458333333333333
0.21354166666666666
0.1701388888888889
0.14583333333333334
0.1267361111111111
0.1440972222222222
0.13020833333333334
0.1875
0.1840277777777778
0.16145833333333334
0.21180555555555555
0.1423611111111111
0.2604166666666667
0.2586805555555556
0.2361111111111111
0.17881944444444445
0.18229166666666666
0.2222222222222222
0.2534722222222222
0.265625
0.1545138888888889
0.1857638888888889
0.1857638888888889
0.21006944444444445
0.2152777777777778
0.1440972222222222
0.1875
0.234375
0.234375
0.2013888888888889
0.1371527777777778
0.12152777777777778
0.2013888888888889
0.19618055555555555
0.171875
0.125
0.21006944444444445
0.1892361111111111
0.1996527777777778
0.20833333333333334
0.2065972222222222
0.2204861111111111
0.2378472222222222
0.2795138888888889
0.2690972222222222
0.2534722222222222
0.2604166666666667
0.2170138888888889
0.18055555555555555
0.1875
0.2517361111111111
0.2552083333333333
0.2847222222222222
0.22743055555555555
0.2534722222222222
0.1701388888888889
0.19791666666666666
0.2326388888888889
0.21180555555555555
0.15104166666666666
0.2534722222222222
0.2222222222222222
0.1684027777777778
0.16666666666666666
0.1701388888888889
0.19444444444444445
0.17881944444444445
0.1545138888888889
0.1701388888888889
0.1736111111111111
0.234375
0.24131944444444445
0.1892361111111111
0.18229166666666666
0.18055555555555555
0.18055555555555555
0.1996527777777778
0.2673611111111111
0.17881944444444445
0.1579861111111111
0.203125
0.19618055555555555
0.1527777777777778
0.203125
0.1684027777777778
0.1388888888888889
0.2065972222222222
0.21180555555555555
0.265625
0.18229166666666666
0.15104166666666666
0.2048611111111111
0.1875
0.2152777777777778
0.13194444444444445
0.16666666666666666
0.1753472222222222
0.15625
0.1597222222222222
0.17881944444444445
0.22569444444444445
0.1284722222222222
0.13541666666666666
0.1597222222222222
