0.026041666666666668
0.07291666666666667
0.14583333333333334
0.11458333333333333
0.1388888888888889
0.17881944444444445
0.17881944444444445
0.16666666666666666
0.16493055555555555
0.13194444444444445
0.15625
0.1597222222222222
0.1840277777777778
0.2152777777777778
0.24479166666666666
0.2152777777777778
0.16145833333333334
0.14756944444444445
0.1597222222222222
0.14583333333333334
0.2378472222222222
0.1753472222222222
0.2569444444444444
0.2465277777777778
0.2482638888888889
0.3402777777777778
0.3107638888888889
0.2638888888888889
0.22569444444444445
0.2673611111111111
0.21180555555555555
0.24131944444444445
0.1909722222222222
0.24131944444444445
0.2482638888888889
0.2569444444444444
0.1701388888888889
0.16493055555555555
0.2378472222222222
0.3177083333333333
0.2604166666666667
0.3020833333333333
0.3003472222222222
0.3333333333333333
0.25
0.28125
0.2899305555555556
0.2951388888888889
0.2673611111111111
0.28125
0.2482638888888889
0.15625
0.18055555555555555
0.21354166666666666
0.20833333333333334
0.1736111111111111
0.2881944444444444
0.18055555555555555
0.2204861111111111
0.2690972222222222
0.21006944444444445
0.21006944444444445
0.2326388888888889
0.1875
0.2760416666666667
0.2152777777777778
0.3107638888888889
0.2517361111111111
0.2725694444444444
0.1857638888888889
0.203125
0.18229166666666666
0.21006944444444445
0.22395833333333334
0.21354166666666666
0.125
0.1284722222222222
0.1545138888888889
0.11805555555555555
0.20833333333333334
0.140625
0.21006944444444445
0.1857638888888889
0.1545138888888889
0.2013888888888889
0.1736111111111111
0.2152777777777778
0.22569444444444445
0.1857638888888889
0.16319444444444445
0.171875
0.16666666666666666
0.3211805555555556
0.21875
0.22569444444444445
0.21354166666666666
0.2204861111111111
0.2309027777777778
0.16145833333333334
0.140625
0.203125
0.22569444444444445
0.2170138888888889
0.1388888888888889
0.18229166666666666
0.1736111111111111
0.18229166666666666
0.16666666666666666
0.13194444444444445
0.1875
0.1440972222222222
0.19444444444444445
0.21006944444444445
0.2378472222222222
