4.666666666666667
16.175
19.82857142857143
25.666666666666668
21.68421052631579
29.806451612903224
28.925925925925927
32.0
30.29032258064516
29.774193548387096
37.148148148148145
38.16
36.42307692307692
46.77272727272727
33.935483870967744
47.34782608695652
38.65384615384615
45.12
51.5
32.54545454545455
38.52
39.074074074074076
46.791666666666664
41.84615384615385
36.5
32.0
33.9
46.6
54.94736842105263
63.166666666666664
71.93333333333334
75.625
87.93333333333334
70.22222222222223
111.5
63.15
81.33333333333333
77.93333333333334
94.28571428571429
62.25
64.85
88.0
100.07142857142857
111.0
104.28571428571429
270.6666666666667
111.35714285714286
124.58333333333333
26.96969696969697
32.357142857142854
39.96153846153846
29.466666666666665
36.2
48.57142857142857
33.310344827586206
36.285714285714285
42.125
48.78260869565217
41.75
32.806451612903224
33.67857142857143
34.806451612903224
40.857142857142854
42.64
35.857142857142854
37.77777777777778
41.76923076923077
50.73913043478261
47.27272727272727
52.80952380952381
48.36363636363637
