2.6
14.170731707317072
17.325
26.333333333333332
31.307692307692307
26.823529411764707
29.5625
44.52173913043478
42.8
78.86666666666666
51.54545454545455
47.791666666666664
46.95454545454545
47.95454545454545
53.55
44.34782608695652
46.166666666666664
49.26086956521739
54.76190476190476
45.916666666666664
48.75
46.04
64.73684210526316
78.0
81.1875
79.05555555555556
75.11111111111111
76.61111111111111
124.27272727272727
77.6470588235294
89.75
170.44444444444446
74.0
126.91666666666667
106.07142857142857
98.93333333333334
84.70588235294117
85.0
110.75
73.55555555555556
83.76470588235294
117.61538461538461
110.85714285714286
89.875
98.35714285714286
86.4375
95.71428571428571
90.46666666666667
90.41176470588235
97.625
205.0
105.93333333333334
105.78571428571429
130.0
104.0
119.76923076923077
107.92857142857143
172.22222222222223
145.36363636363637
53.42857142857143
44.28
49.21739130434783
43.88
46.391304347826086
43.56
36.392857142857146
47.91304347826087
47.083333333333336
63.611111111111114
48.958333333333336
41.592592592592595
63.94736842105263
45.44
78.11764705882354
105.0
87.93333333333334
68.89473684210526
104.84615384615384
105.53846153846153
88.75
