2.7857142857142856
12.435897435897436
16.35
18.236842105263158
22.205882352941178
31.85185185185185
31.25
35.77777777777778
35.7037037037037
38.67857142857143
42.36
47.0
34.57142857142857
38.851851851851855
44.11538461538461
69.11111111111111
74.8125
44.2
54.22727272727273
90.06666666666666
58.19047619047619
45.8
72.44444444444444
64.52631578947368
66.63157894736842
65.88888888888889
60.285714285714285
61.7
75.0
79.29411764705883
76.47058823529412
89.46666666666667
99.71428571428571
103.15384615384616
71.22222222222223
87.46666666666667
59.857142857142854
89.06666666666666
48.28
81.05882352941177
131.0909090909091
92.6
120.6923076923077
169.33333333333334
150.6
109.0
84.88235294117646
106.61538461538461
109.57142857142857
101.46666666666667
129.16666666666666
140.54545454545453
162.5
156.5
162.66666666666666
181.25
310.6666666666667
318.5
385.0
413.6
341.0
508.25
289.2857142857143
289.42857142857144
30.066666666666666
32.166666666666664
37.888888888888886
41.75
46.36363636363637
58.8421052631579
59.9
60.04761904761905
54.31818181818182
54.04545454545455
70.6470588235294
80.125
65.21052631578948
79.6875
67.84210526315789
72.82352941176471
83.0
46.96
56.77272727272727
57.09090909090909
75.29411764705883
70.1
