2.375
15.871794871794872
17.5609756097561
20.692307692307693
28.166666666666668
32.857142857142854
44.458333333333336
43.08695652173913
34.642857142857146
33.57692307692308
31.741935483870968
32.724137931034484
41.24
50.476190476190474
40.19230769230769
52.6
39.67857142857143
31.625
42.083333333333336
49.391304347826086
48.77272727272727
47.27272727272727
49.25
41.84615384615385
49.95454545454545
48.54545454545455
48.391304347826086
50.52173913043478
59.0
58.31578947368421
41.92
53.8
54.142857142857146
36.77777777777778
53.0
52.86363636363637
66.94444444444444
56.55
42.8
41.03703703703704
56.1
48.5
62.388888888888886
48.40909090909091
59.38095238095238
46.8
60.05555555555556
40.407407407407405
38.7037037037037
38.07692307692308
32.32142857142857
36.925925925925924
31.5
40.75
63.35294117647059
43.375
53.8
30.060606060606062
40.74074074074074
33.53333333333333
54.61904761904762
49.04545454545455
55.4
50.72727272727273
39.214285714285715
48.27272727272727
46.30434782608695
48.86363636363637
70.125
47.82608695652174
47.27272727272727
42.041666666666664
60.8235294117647
