1.5
4.0
3.75
3.25
4.2
6.333333333333333
1.6666666666666667
5.0
9.6
23.5
9.75
5.2
5.0
2.0
1.8
3.75
4.4
9.333333333333334
5.0
4.0
5.25
7.75
1.4
4.0
3.5
12.25
7.0
9.333333333333334
3.3333333333333335
5.666666666666667
4.2
1.0
2.0
8.5
8.666666666666666
1.5
3.0
1.75
6.333333333333333
3.0
9.0
4.666666666666667
11.0
2.6666666666666665
2.0
1.6666666666666667
3.0
4.75
4.75
5.5
5.0
2.75
22.5
10.25
2.3333333333333335
1.3333333333333333
6.5
10.75
5.75
3.8
2.6666666666666665
2.5
1.6666666666666667
7.0
9.333333333333334
8.0
2.25
11.333333333333334
3.6666666666666665
1.0
7.333333333333333
5.5
3.5
4.25
2.6666666666666665
10.0
1.6666666666666667
3.0
1.25
5.5
10.0
6.2
8.333333333333334
4.333333333333333
7.25
8.5
6.25
5.666666666666667
12.666666666666666
18.0
1.0
7.0
3.6
3.5
4.333333333333333
4.666666666666667
3.0
7.75
10.333333333333334
5.0
7.5
13.333333333333334
8.0
5.0
8.5
2.6666666666666665
1.25
1.0
4.0
15.0
2.0
1.6666666666666667
6.333333333333333
0.5
6.5
4.0
4.4
3.8
