4.666666666666667
3.5
9.5
10.75
1.5
4.5
1.5
13.0
4.8
7.0
2.75
1.5
6.75
10.0
3.6666666666666665
5.25
5.5
8.0
7.25
6.0
7.0
2.0
10.5
5.0
2.3333333333333335
9.333333333333334
7.333333333333333
6.0
8.666666666666666
6.5
23.0
2.0
4.0
2.0
6.666666666666667
5.75
4.4
0.5
6.666666666666667
11.666666666666666
5.0
2.3333333333333335
6.0
3.0
1.6666666666666667
7.75
13.0
6.5
1.5
6.75
6.0
4.0
6.25
5.428571428571429
3.25
3.6666666666666665
4.666666666666667
9.666666666666666
5.0
5.0
6.0
8.0
7.75
7.75
9.333333333333334
0.5
1.0
11.0
7.5
1.0
7.75
3.6
10.5
9.666666666666666
10.0
1.5
9.5
4.5
4.0
5.0
6.333333333333333
2.6666666666666665
15.333333333333334
18.5
0.5
4.75
10.0
6.333333333333333
4.5
10.666666666666666
1.5
5.5
1.0
12.25
9.666666666666666
11.0
7.0
3.0
7.5
1.75
4.333333333333333
1.6666666666666667
9.666666666666666
8.75
5.666666666666667
12.666666666666666
2.2
