2.2
3.6
5.333333333333333
7.333333333333333
1.5
1.5
7.0
0.6666666666666666
3.75
16.0
1.6
5.5
3.8
6.333333333333333
4.0
1.0
1.0
2.5
3.0
7.333333333333333
2.0
4.0
18.0
1.0
6.666666666666667
5.333333333333333
2.0
0.5
5.0
7.0
4.75
8.5
2.0
8.333333333333334
2.25
3.5
1.75
8.0
3.6666666666666665
8.666666666666666
10.0
2.0
2.0
22.0
3.3333333333333335
10.5
7.666666666666667
5.0
10.666666666666666
7.666666666666667
4.0
1.6666666666666667
10.5
11.25
12.333333333333334
2.6
8.666666666666666
2.5
3.25
5.333333333333333
3.0
1.5
2.5
4.0
8.5
6.5
3.0
10.0
18.5
2.5
0.0
2.3333333333333335
3.5
1.6666666666666667
14.333333333333334
2.5
1.0
3.0
2.4
6.0
3.5
4.25
7.666666666666667
11.666666666666666
5.0
1.3333333333333333
11.0
3.0
15.0
6.75
3.0
1.3333333333333333
4.333333333333333
3.6666666666666665
10.0
5.666666666666667
3.5
1.25
13.5
1.3333333333333333
4.0
5.0
4.0
9.5
2.6666666666666665
1.5
6.0
4.75
3.0
2.0
7.666666666666667
10.333333333333334
6.0
12.0
12.333333333333334
0.6666666666666666
8.75
5.75
7.0
