0.0
0.5
2.5
6.0
0.0
16.5
2.5
12.5
22.0
10.0
7.0
2.0
10.0
0.0
29.0
4.5
10.0
0.5
25.5
1.0
28.5
13.0
1.0
3.0
24.5
20.0
1.5
24.0
26.0
12.0
8.0
18.0
1.5
11.585431464655176
22.0
8.5
2.0
25.0
14.0
2.0
8.0
27.0
12.0
12.0
16.0
18.5
2.0
17.0
17.0
2.0548046676563256
16.5
0.0
5.5
9.5
8.013876853447538
15.0
7.5
1.0
0.5
21.5
11.5
9.5
22.5
26.0
5.5
18.5
2.5
26.0
1.0
14.0
9.5
37.5
27.5
17.0
19.0
26.0
25.5
12.0
13.0
19.5
17.5
21.5
38.5
0.5
12.569805089976535
5.0
15.5
2.5
14.5
4.0
4.5
7.5
18.5
35.5
10.5
0.0
0.5
12.5
4.242640687119285
32.0
19.0
2.0
20.0
2.0
13.5
24.0
6.0
7.5
38.0
2.5
21.5
0.5
0.0
11.0
24.5
17.5
12.083045973594572
11.0
27.5
6.944222218666553
15.748015748023622
3.0
32.0
19.0
8.0
4.0
0.0
5.0
22.5
2.5
