0.0
18.5
18.0
25.5
2.0
3.559026084010437
25.0
7.5
5.0
11.55662388223981
4.898979485566356
3.559026084010437
26.0
38.0
10.0
24.5
12.5
7.5
13.0
18.0
3.5
13.0
17.0
13.0
0.5
10.5
32.0
3.5
12.5
2.5
2.0
7.0
23.0
1.5
4.5
6.0
8.5
1.5
0.5
4.5
7.0
13.0
2.5
6.0
1.0
29.5
7.0
15.5
2.5
21.5
12.0
12.727922061357855
7.5
17.0
10.5
4.898979485566356
5.0
5.5
13.0
3.0
3.0
5.436502143433363
17.5
9.5
1.5
1.0
6.5
25.0
28.0
4.0
11.5
14.5
35.0
12.0
3.5
12.5
17.0
18.5
18.0
22.5
28.0
36.0
2.0
4.496912521077347
8.5
2.5
3.0
4.5
12.0
5.5
31.5
5.0
0.0
5.0
23.0
15.5
0.0
24.0
14.0
1.0
17.5
10.0
14.0
6.0
2.0
14.0
30.5
13.5
9.5
7.0
3.0
0.5
6.0
