0.0
12.0
3.0
9.0
9.5
5.0
5.0
3.5
23.5
13.0
13.0
32.0
23.0
18.0
10.0
11.0
25.0
23.5
27.0
6.182412330330469
6.79869268479038
16.5
29.0
20.0
8.0
0.0
10.5
18.5
22.5
1.5
7.5
5.5
11.5
2.5
17.568911937472585
3.5
11.5
22.0
9.0
3.0
14.0
8.0
3.0
1.5
3.0
7.0
9.0
2.0
3.5
2.0
7.0
1.5
7.0
7.788880963698615
12.5
0.0
14.142135623730951
4.0
22.5
8.0
6.5
1.5
33.5
22.0
1.0
14.0
32.5
27.0
11.0
1.0
6.0
15.5
2.5
1.0
8.5
1.0
0.5
6.0
27.5
18.5
12.5
3.5
14.0
23.5
10.5
14.5
17.0
25.0
10.5
16.0
34.0
27.5
18.5
5.5
13.0
22.0
6.0
17.0
5.5
13.5
9.0
1.0
8.5
11.0
7.5
1.5
18.5
19.5
20.0
16.0
19.0
16.5
34.5
10.338708279513883
2.160246899469287
2.0
9.5
12.5
29.5
18.0
7.5
6.0
4.5
4.0
15.748015748023622
0.0
10.5
4.5
