0.2757009345794392
0.6098130841121495
0.605807743658211
0.6315086782376502
0.6031375166889186
0.6191588785046729
0.6008010680907877
0.6425233644859814
0.585113484646195
0.644192256341789
0.6752336448598131
0.6675567423230975
0.6081441922563418
0.6625500667556742
0.6291722296395194
0.6625500667556742
0.6645527369826435
0.6588785046728972
0.7156208277703605
0.6522029372496663
0.6538718291054739
0.6505340453938585
0.644192256341789
0.6535380507343124
0.6305073431241656
0.6138184245660881
0.6455273698264352
0.670894526034713
0.6348464619492656
0.6645527369826435
0.6688918558077437
0.664218958611482
0.6972630173564753
0.7106141522029372
0.6839118825100133
0.6568758344459279
0.6438584779706275
0.6702269692923899
0.6989319092122831
0.6909212283044058
0.6688918558077437
0.6809078771695594
0.6538718291054739
0.6912550066755674
0.6752336448598131
0.7079439252336449
0.6872496662216289
0.6738985313751669
0.6081441922563418
0.5881174899866488
0.6632176234979973
0.6578771695594126
0.6231642189586115
0.6481975967957276
0.6498664886515354
0.6552069425901201
0.6291722296395194
0.6358477970627503
0.6355140186915887
0.6829105473965287
0.6805740987983978
0.6114819759679573
0.6251668891855807
0.6251668891855807
0.6695594125500668
0.6608811748998665
0.6839118825100133
0.6184913217623498
0.7132843791722296
0.6371829105473965
0.6582109479305741
