0.30574098798397864
0.5617489986648865
0.630173564753004
0.6421895861148198
0.5630841121495327
0.5817757009345794
0.6592122830440588
0.6398531375166889
0.660547396528705
0.6652202937249666
0.6805740987983978
0.6178237650200267
0.6615487316421896
0.6692256341789052
0.6552069425901201
0.6231642189586115
0.6345126835781041
0.6011348464619493
0.6431909212283045
0.6218291054739653
0.6305073431241656
0.6929238985313751
0.6682242990654206
0.6478638184245661
0.6395193591455274
0.6652202937249666
0.644192256341789
0.6371829105473965
0.6705607476635514
0.664218958611482
0.6728971962616822
0.6955941255006676
0.7022696929238985
0.7229639519359146
0.6635514018691588
0.6595460614152203
0.657543391188251
0.6718958611481975
0.7086114819759679
0.695260347129506
0.6732309746328438
0.701935914552737
0.6875834445927904
0.6738985313751669
0.6475300400534045
0.6742323097463284
0.6181575433911882
0.6174899866488651
0.6985981308411215
0.6632176234979973
0.6805740987983978
0.6855807743658211
0.6759012016021362
0.7026034712950601
0.664218958611482
0.7076101468624834
0.7022696929238985
0.6979305740987984
0.7029372496662216
0.6698931909212283
0.6742323097463284
0.6435246995994659
0.6902536715620827
0.6612149532710281
0.6608811748998665
0.6241655540720962
0.6518691588785047
0.6481975967957276
0.5934579439252337
0.6041388518024032
0.6618825100133512
0.6408544726301736
0.654539385847797
0.640520694259012
0.6772363150867824
0.6542056074766355
0.6361815754339119
0.6361815754339119
0.6378504672897196
0.6498664886515354
