0.2673564753004005
0.5881174899866488
0.6455273698264352
0.5277036048064085
0.681909212283044
0.6088117489986649
0.684913217623498
0.5917890520694259
0.5887850467289719
0.6378504672897196
0.6732309746328438
0.67456608811749
0.695260347129506
0.664886515353805
0.7099465954606141
0.6889185580774366
0.6925901201602136
0.7212950600801068
0.6935914552736983
0.7049399198931909
0.650200267022697
0.6732309746328438
0.7049399198931909
0.6261682242990654
0.6408544726301736
0.654539385847797
0.671562082777036
0.7076101468624834
0.6345126835781041
0.6622162883845126
0.6435246995994659
0.6595460614152203
0.6665554072096128
0.6712283044058746
0.664218958611482
0.6672229639519359
0.6468624833110814
0.7072763684913218
0.6762349799732977
0.6799065420560748
0.6698931909212283
0.6612149532710281
0.6748998664886515
0.6759012016021362
0.6341789052069426
0.6972630173564753
0.6652202937249666
0.6769025367156208
0.6852469959946595
0.660547396528705
0.681909212283044
0.6705607476635514
0.6892523364485982
0.6942590120160214
0.6909212283044058
0.6839118825100133
0.7016021361815754
0.7139519359145527
0.739652870493992
0.7510013351134847
0.7376502002670227
0.7319759679572764
0.7182910547396528
0.7379839786381842
0.6665554072096128
0.6445260347129506
0.6698931909212283
0.6628838451268357
0.6762349799732977
0.6845794392523364
0.6498664886515354
0.6742323097463284
0.7286381842456608
0.6915887850467289
0.6742323097463284
0.657543391188251
0.6555407209612817
0.6438584779706275
0.6682242990654206
0.6562082777036048
0.6562082777036048
0.6562082777036048
0.6602136181575434
0.6512016021361816
0.670894526034713
0.6261682242990654
