0.34279038718291055
0.5904539385847797
0.664886515353805
0.5891188251001335
0.6315086782376502
0.6735647530040053
0.6461949265687583
0.650200267022697
0.6281708945260347
0.6328437917222964
0.6278371161548731
0.6041388518024032
0.647196261682243
0.6481975967957276
0.6602136181575434
0.6585447263017357
0.6535380507343124
0.6572096128170895
0.6435246995994659
0.6488651535380507
0.6705607476635514
0.6512016021361816
0.6628838451268357
0.7199599465954606
0.6255006675567423
0.6562082777036048
0.6718958611481975
0.6532042723631508
0.6779038718291055
0.6355140186915887
0.6688918558077437
0.57543391188251
0.6348464619492656
0.6311748998664887
0.681909212283044
0.640520694259012
0.6909212283044058
0.6518691588785047
0.6525367156208278
0.6582109479305741
0.6535380507343124
0.6668891855807744
0.6755674232309746
0.6341789052069426
0.6989319092122831
0.6532042723631508
0.62716955941255
0.654539385847797
0.681909212283044
0.6338451268357811
0.5757676902536716
0.6221628838451269
0.6161548731642189
0.6779038718291055
0.6568758344459279
0.6428571428571429
0.6351802403204272
0.6552069425901201
0.6932576769025367
0.6251668891855807
0.6538718291054739
0.687917222963952
0.6318424566088118
0.6398531375166889
0.695260347129506
0.6355140186915887
0.6552069425901201
0.6178237650200267
0.6712283044058746
0.7166221628838452
0.616822429906542
0.6512016021361816
0.62716955941255
