0.06790123456790123
0.0668724279835391
0.12654320987654322
0.08950617283950617
0.12654320987654322
0.12139917695473251
0.12037037037037036
0.024691358024691357
0.06790123456790123
0.027777777777777776
0.10905349794238683
0.10905349794238683
0.024691358024691357
0.09259259259259259
0.06481481481481481
0.05864197530864197
0.0
0.0
0.0
0.13786008230452676
0.09979423868312758
0.10802469135802469
0.06172839506172839
0.07613168724279835
0.09053497942386832
0.14814814814814814
0.1388888888888889
0.09259259259259259
0.16049382716049382
0.07613168724279835
0.060699588477366256
0.08641975308641975
0.024691358024691357
0.024691358024691357
0.11316872427983539
0.1800411522633745
0.0
0.08436213991769548
0.102880658436214
0.024691358024691357
0.046296296296296294
0.10802469135802469
0.03909465020576132
0.13065843621399176
0.06790123456790123
0.12242798353909465
0.03292181069958848
0.09876543209876543
0.08950617283950617
0.07098765432098765
0.024691358024691357
0.023662551440329218
0.08024691358024691
0.023662551440329218
0.11316872427983539
0.16872427983539096
0.0668724279835391
0.024691358024691357
0.04835390946502058
0.06995884773662552
0.053497942386831275
0.09979423868312758
0.10390946502057613
0.10493827160493827
0.0360082304526749
0.11419753086419752
0.07613168724279835
0.07818930041152264
0.026748971193415638
0.05761316872427984
0.06790123456790123
0.06172839506172839
0.12345679012345678
0.06378600823045268
0.08539094650205761
0.11934156378600823
0.03189300411522634
0.08847736625514403
0.04835390946502058
0.0668724279835391
0.12242798353909465
0.12551440329218108
0.1646090534979424
0.06584362139917696
0.0
0.023662551440329218
0.102880658436214
0.07818930041152264
0.04835390946502058
0.09259259259259259
0.0
0.04526748971193416
0.12551440329218108
0.023662551440329218
0.023662551440329218
0.04938271604938271
0.09979423868312758
0.10699588477366255
0.1522633744855967
0.023662551440329218
0.06995884773662552
0.10596707818930041
0.059670781893004114
0.10699588477366255
0.04835390946502058
0.06995884773662552
0.15534979423868311
0.046296296296296294
0.09362139917695474
0.13580246913580246
0.04218106995884774
0.06172839506172839
0.10802469135802469
0.056584362139917695
0.043209876543209874
0.029835390946502057
0.1419753086419753
0.06378600823045268
0.0
0.023662551440329218
0.050411522633744855
0.10493827160493827
0.04218106995884774
0.1419753086419753
0.07304526748971193
0.023662551440329218
0.102880658436214
0.07407407407407407
0.07818930041152264
0.09362139917695474
0.027777777777777776
0.07304526748971193
0.08847736625514403
0.051440329218107
0.08641975308641975
0.07921810699588477
0.05452674897119342
0.023662551440329218
0.023662551440329218
0.04526748971193416
0.14917695473251028
0.11522633744855967
0.05452674897119342
0.1388888888888889
0.06378600823045268
0.08436213991769548
0.09053497942386832
0.029835390946502057
0.08847736625514403
0.08127572016460906
0.07407407407407407
0.06995884773662552
0.044238683127572016
0.0
0.060699588477366256
0.06790123456790123
0.05555555555555555
0.09465020576131687
0.08950617283950617
0.05864197530864197
0.07407407407407407
0.07510288065843622
0.08950617283950617
0.023662551440329218
0.1419753086419753
