0.15020576131687244
0.07510288065843622
0.06995884773662552
0.13477366255144033
0.08024691358024691
0.10390946502057613
0.024691358024691357
0.07818930041152264
0.023662551440329218
0.17901234567901234
0.0
0.03292181069958848
0.08539094650205761
0.024691358024691357
0.10493827160493827
0.08024691358024691
0.06893004115226338
0.047325102880658436
0.030864197530864196
0.11934156378600823
0.08847736625514403
0.0
0.023662551440329218
0.06584362139917696
0.07510288065843622
0.1831275720164609
0.08436213991769548
0.06995884773662552
0.1111111111111111
0.13477366255144033
0.024691358024691357
0.0720164609053498
0.11008230452674897
0.05761316872427984
0.13786008230452676
0.12448559670781893
0.06172839506172839
0.16563786008230452
0.13786008230452676
0.12551440329218108
0.06275720164609054
0.03189300411522634
0.08847736625514403
0.023662551440329218
0.023662551440329218
0.08127572016460906
0.12962962962962962
0.0
0.09156378600823045
0.11213991769547325
0.07510288065843622
0.10185185185185185
0.09876543209876543
0.12551440329218108
0.0
0.13477366255144033
0.11419753086419752
0.023662551440329218
0.03189300411522634
0.023662551440329218
0.047325102880658436
0.10082304526748971
0.06584362139917696
0.023662551440329218
0.10185185185185185
0.026748971193415638
0.11728395061728394
0.08950617283950617
0.0720164609053498
0.06584362139917696
0.06172839506172839
0.12448559670781893
0.07716049382716049
0.11522633744855967
0.11934156378600823
0.13271604938271606
0.1831275720164609
0.1111111111111111
0.023662551440329218
0.04938271604938271
0.04938271604938271
0.09362139917695474
0.0257201646090535
0.0360082304526749
0.07304526748971193
0.10082304526748971
0.0874485596707819
0.10699588477366255
0.1388888888888889
0.1111111111111111
0.10185185185185185
0.147119341563786
0.029835390946502057
0.10185185185185185
0.0720164609053498
0.07921810699588477
0.05246913580246913
0.05246913580246913
0.11625514403292181
0.08127572016460906
0.09156378600823045
0.060699588477366256
0.07098765432098765
0.08950617283950617
0.11934156378600823
0.19547325102880658
0.16255144032921812
0.03292181069958848
0.05864197530864197
0.15843621399176955
0.18621399176954734
0.05864197530864197
0.06584362139917696
0.16358024691358025
0.07304526748971193
0.0668724279835391
0.05246913580246913
0.10390946502057613
0.056584362139917695
0.06378600823045268
0.1368312757201646
0.08436213991769548
0.024691358024691357
0.07921810699588477
0.14917695473251028
0.059670781893004114
0.059670781893004114
0.06893004115226338
0.07407407407407407
0.12962962962962962
0.023662551440329218
0.07510288065843622
0.08847736625514403
0.09053497942386832
0.12962962962962962
0.11213991769547325
0.1388888888888889
0.08950617283950617
0.024691358024691357
0.023662551440329218
0.09362139917695474
0.12757201646090535
0.13786008230452676
0.047325102880658436
0.09773662551440329
0.06172839506172839
0.18106995884773663
0.04938271604938271
0.053497942386831275
0.0
0.09053497942386832
0.05246913580246913
0.13477366255144033
0.0257201646090535
0.04526748971193416
0.1368312757201646
0.11522633744855967
0.16049382716049382
0.20781893004115226
0.1111111111111111
