0.11934156378600823
0.04218106995884774
0.13271604938271606
0.09156378600823045
0.03806584362139918
0.05864197530864197
0.15534979423868311
0.056584362139917695
0.11419753086419752
0.03189300411522634
0.05864197530864197
0.15637860082304528
0.0668724279835391
0.05864197530864197
0.060699588477366256
0.08641975308641975
0.03497942386831276
0.08539094650205761
0.047325102880658436
0.07818930041152264
0.06893004115226338
0.09773662551440329
0.0
0.027777777777777776
0.102880658436214
0.09259259259259259
0.06378600823045268
0.12757201646090535
0.023662551440329218
0.1111111111111111
0.0668724279835391
0.10390946502057613
0.12654320987654322
0.13477366255144033
0.09876543209876543
0.10802469135802469
0.059670781893004114
0.18106995884773663
0.09773662551440329
0.08436213991769548
0.07510288065843622
0.09773662551440329
0.10082304526748971
0.08333333333333333
0.1388888888888889
0.12448559670781893
0.05555555555555555
0.13580246913580246
0.04938271604938271
0.040123456790123455
0.1111111111111111
0.07921810699588477
0.056584362139917695
0.09567901234567901
0.1368312757201646
0.10082304526748971
0.05761316872427984
0.147119341563786
0.04938271604938271
0.12037037037037036
0.033950617283950615
0.023662551440329218
0.06995884773662552
0.051440329218107
0.05555555555555555
0.060699588477366256
0.11213991769547325
0.05864197530864197
0.1111111111111111
0.14300411522633744
0.07716049382716049
0.024691358024691357
0.051440329218107
0.05864197530864197
0.0668724279835391
0.102880658436214
0.12757201646090535
0.09156378600823045
0.05761316872427984
0.04526748971193416
0.09053497942386832
0.14506172839506173
0.05761316872427984
0.13065843621399176
0.1111111111111111
0.1368312757201646
0.050411522633744855
0.04835390946502058
0.12345679012345678
0.07818930041152264
0.12139917695473251
0.07921810699588477
0.1419753086419753
0.053497942386831275
0.10493827160493827
0.0
0.056584362139917695
0.08539094650205761
0.12345679012345678
0.09259259259259259
0.12757201646090535
0.023662551440329218
0.05864197530864197
0.07407407407407407
0.023662551440329218
0.10596707818930041
0.07304526748971193
0.060699588477366256
0.027777777777777776
0.15020576131687244
0.0720164609053498
0.13477366255144033
0.11728395061728394
0.05761316872427984
0.10390946502057613
0.04835390946502058
0.0823045267489712
0.059670781893004114
0.023662551440329218
0.12448559670781893
0.09876543209876543
0.03292181069958848
0.07304526748971193
0.07613168724279835
0.08436213991769548
0.11625514403292181
0.07098765432098765
0.0
0.11008230452674897
0.12448559670781893
0.024691358024691357
0.07304526748971193
0.09979423868312758
0.11522633744855967
0.14917695473251028
0.024691358024691357
0.12757201646090535
0.04938271604938271
0.0
0.14506172839506173
0.1419753086419753
0.07818930041152264
0.0823045267489712
0.023662551440329218
0.08847736625514403
0.10390946502057613
0.14300411522633744
0.1388888888888889
0.023662551440329218
0.08641975308641975
0.15843621399176955
