0.11419753086419752
0.08539094650205761
0.08127572016460906
0.024691358024691357
0.16872427983539096
0.10802469135802469
0.10802469135802469
0.044238683127572016
0.024691358024691357
0.0
0.12037037037037036
0.043209876543209874
0.023662551440329218
0.10802469135802469
0.1440329218106996
0.07716049382716049
0.11316872427983539
0.0720164609053498
0.12757201646090535
0.10185185185185185
0.12139917695473251
0.06584362139917696
0.08641975308641975
0.023662551440329218
0.0
0.08539094650205761
0.11934156378600823
0.09156378600823045
0.12037037037037036
0.06481481481481481
0.10699588477366255
0.11213991769547325
0.09156378600823045
0.0823045267489712
0.050411522633744855
0.033950617283950615
0.10905349794238683
0.05555555555555555
0.10185185185185185
0.08641975308641975
0.06584362139917696
0.050411522633744855
0.08847736625514403
0.04938271604938271
0.047325102880658436
0.09773662551440329
0.09053497942386832
0.16872427983539096
0.11316872427983539
0.0411522633744856
0.09773662551440329
0.04835390946502058
0.0720164609053498
0.11522633744855967
0.12551440329218108
0.023662551440329218
0.10185185185185185
0.06481481481481481
0.12448559670781893
0.053497942386831275
0.024691358024691357
0.04835390946502058
0.07921810699588477
0.1337448559670782
0.06790123456790123
0.15432098765432098
0.11419753086419752
0.046296296296296294
0.051440329218107
0.06172839506172839
0.06481481481481481
0.0
0.06790123456790123
0.0411522633744856
0.09053497942386832
0.09567901234567901
0.07921810699588477
0.09876543209876543
0.08950617283950617
0.0720164609053498
0.06584362139917696
0.06172839506172839
0.04526748971193416
0.04835390946502058
0.10596707818930041
0.04835390946502058
0.09259259259259259
0.06378600823045268
0.0411522633744856
0.05452674897119342
0.0411522633744856
0.08127572016460906
0.06584362139917696
0.05761316872427984
0.07510288065843622
0.11728395061728394
0.06378600823045268
0.09465020576131687
0.12448559670781893
0.023662551440329218
0.053497942386831275
0.024691358024691357
0.023662551440329218
0.04835390946502058
0.06995884773662552
0.08127572016460906
0.1779835390946502
0.029835390946502057
0.10082304526748971
0.12037037037037036
0.027777777777777776
0.047325102880658436
0.06790123456790123
0.11316872427983539
0.05246913580246913
0.023662551440329218
0.09053497942386832
0.024691358024691357
0.060699588477366256
0.06893004115226338
0.06893004115226338
0.033950617283950615
0.06481481481481481
0.08847736625514403
0.024691358024691357
0.11008230452674897
0.0
0.05864197530864197
0.023662551440329218
0.047325102880658436
0.024691358024691357
0.03292181069958848
0.16152263374485595
0.03292181069958848
0.12448559670781893
0.11934156378600823
0.11522633744855967
0.16255144032921812
0.12551440329218108
0.11522633744855967
0.09773662551440329
0.09773662551440329
0.056584362139917695
0.08641975308641975
0.033950617283950615
0.07407407407407407
0.024691358024691357
0.050411522633744855
0.029835390946502057
0.040123456790123455
0.0
0.09567901234567901
0.12345679012345678
0.13580246913580246
0.0257201646090535
0.0823045267489712
0.08641975308641975
0.06275720164609054
0.05246913580246913
0.1779835390946502
0.11008230452674897
0.15329218106995884
0.05246913580246913
0.11728395061728394
0.102880658436214
0.14094650205761317
0.09773662551440329
