7.0
16.535714285714285
21.391304347826086
20.041666666666668
17.04
24.0
21.652173913043477
29.5
42.23076923076923
29.842105263157894
34.7
26.545454545454547
40.642857142857146
47.07142857142857
30.666666666666668
38.705882352941174
54.214285714285715
42.125
29.5
49.46153846153846
49.142857142857146
42.0625
35.1578947368421
39.666666666666664
66.36363636363636
51.214285714285715
41.46666666666667
64.58333333333333
57.916666666666664
54.2
43.294117647058826
128.0
76.45454545454545
148.16666666666666
114.875
91.66666666666667
77.6
97.44444444444444
103.22222222222223
57.4
93.0
154.83333333333334
162.83333333333334
81.9090909090909
55.25
118.625
121.0
194.6
27.45
34.3125
23.82608695652174
25.73913043478261
31.4
45.714285714285715
33.44444444444444
41.333333333333336
42.333333333333336
29.05263157894737
35.294117647058826
32.2
30.363636363636363
51.53846153846154
46.07142857142857
35.36842105263158
34.85
35.1
48.0
82.55555555555556
37.888888888888886
53.714285714285715
47.4
