9.473684210526315
26.944444444444443
22.083333333333332
31.31578947368421
26.3
23.25
19.96153846153846
36.94117647058823
31.7
32.166666666666664
41.5625
50.333333333333336
44.53333333333333
35.94736842105263
39.6875
56.083333333333336
44.6875
64.45454545454545
38.64705882352941
43.8125
51.642857142857146
37.55
51.8
64.41666666666667
99.75
184.0
110.125
93.44444444444444
107.375
134.57142857142858
55.333333333333336
141.14285714285714
107.55555555555556
78.08333333333333
139.0
115.375
65.76923076923077
57.8
68.38461538461539
87.18181818181819
116.75
98.33333333333333
112.5
48.1875
81.3
58.07142857142857
83.6
69.18181818181819
81.81818181818181
98.44444444444444
76.16666666666667
95.11111111111111
75.9090909090909
185.6
130.0
106.88888888888889
89.6
135.0
119.625
24.875
38.11764705882353
30.15
51.142857142857146
41.8235294117647
46.46666666666667
48.285714285714285
50.0
57.07692307692308
39.0625
45.86666666666667
46.5
34.5
44.8235294117647
67.0
66.25
62.84615384615385
75.0909090909091
91.44444444444444
137.66666666666666
105.22222222222223
