8.470588235294118
21.227272727272727
12.516129032258064
11.96
24.17391304347826
24.476190476190474
31.6
36.875
25.8
24.0
26.80952380952381
43.8
25.5
55.07692307692308
53.857142857142854
49.13333333333333
48.53333333333333
47.13333333333333
53.5
51.266666666666666
86.11111111111111
54.714285714285715
47.3125
41.64705882352941
53.714285714285715
54.642857142857146
63.38461538461539
48.23529411764706
66.0
78.54545454545455
56.92857142857143
76.81818181818181
98.0
53.9375
92.88888888888889
91.55555555555556
50.733333333333334
87.0
88.1
72.75
104.77777777777777
116.0
94.0
195.6
81.63636363636364
69.07692307692308
125.0
110.55555555555556
97.6
252.5
107.77777777777777
134.25
139.0
178.16666666666666
123.0
169.16666666666666
196.0
389.3333333333333
228.0
236.8
306.0
639.0
209.66666666666666
213.0
32.578947368421055
24.782608695652176
33.0
30.3
37.94117647058823
35.888888888888886
37.529411764705884
45.25
40.5
37.22222222222222
55.53846153846154
42.0
56.214285714285715
49.42857142857143
46.4375
40.1764705882353
60.0
45.93333333333333
54.857142857142854
38.73684210526316
50.6875
48.8125
