11.894736842105264
16.74074074074074
20.28
20.869565217391305
16.964285714285715
22.125
34.88235294117647
25.863636363636363
24.52173913043478
21.958333333333332
28.61904761904762
26.80952380952381
30.3
33.10526315789474
32.45
34.10526315789474
36.88235294117647
32.25
31.1
35.294117647058826
36.111111111111114
35.36842105263158
42.0625
26.291666666666668
50.07692307692308
33.94736842105263
43.06666666666667
30.0
58.23076923076923
40.0
30.8
41.214285714285715
33.388888888888886
48.214285714285715
44.625
53.15384615384615
60.15384615384615
44.0625
36.8235294117647
36.36842105263158
43.35294117647059
51.285714285714285
55.92857142857143
47.46666666666667
43.166666666666664
40.27777777777778
43.86666666666667
23.375
32.05263157894737
22.583333333333332
34.375
28.047619047619047
33.88235294117647
35.05555555555556
38.76470588235294
37.529411764705884
46.285714285714285
37.23529411764706
28.954545454545453
35.111111111111114
31.68421052631579
32.3
29.210526315789473
37.529411764705884
29.363636363636363
26.17391304347826
36.05882352941177
33.5
34.72222222222222
42.11764705882353
35.76470588235294
37.76470588235294
37.88235294117647
