0.020833333333333332
0.059027777777777776
0.13194444444444445
0.013888888888888888
0.03819444444444445
0.0763888888888889
0.041666666666666664
0.003472222222222222
0.017361111111111112
0.010416666666666666
0.041666666666666664
0.017361111111111112
0.003472222222222222
0.03819444444444445
0.006944444444444444
0.013888888888888888
0.0
0.0
0.0
0.13541666666666666
0.027777777777777776
0.052083333333333336
0.010416666666666666
0.034722222222222224
0.06944444444444445
0.13194444444444445
0.06597222222222222
0.10069444444444445
0.052083333333333336
0.006944444444444444
0.003472222222222222
0.017361111111111112
0.0
0.003472222222222222
0.010416666666666666
0.14930555555555555
0.0
0.041666666666666664
0.041666666666666664
0.0
0.0
0.034722222222222224
0.010416666666666666
0.027777777777777776
0.017361111111111112
0.034722222222222224
0.010416666666666666
0.024305555555555556
0.052083333333333336
0.027777777777777776
0.0
0.003472222222222222
0.034722222222222224
0.003472222222222222
0.020833333333333332
0.05555555555555555
0.020833333333333332
0.0
0.003472222222222222
0.03125
0.017361111111111112
0.003472222222222222
0.027777777777777776
0.03819444444444445
0.024305555555555556
0.010416666666666666
0.052083333333333336
0.034722222222222224
0.003472222222222222
0.013888888888888888
0.020833333333333332
0.017361111111111112
0.020833333333333332
0.017361111111111112
0.020833333333333332
0.017361111111111112
0.006944444444444444
0.04861111111111111
0.003472222222222222
0.017361111111111112
0.010416666666666666
0.03819444444444445
0.059027777777777776
0.024305555555555556
0.0
0.003472222222222222
0.04861111111111111
0.03819444444444445
0.006944444444444444
0.020833333333333332
0.0
0.017361111111111112
0.07291666666666667
0.003472222222222222
0.003472222222222222
0.006944444444444444
0.010416666666666666
0.04513888888888889
0.0798611111111111
0.003472222222222222
0.027777777777777776
0.0763888888888889
0.013888888888888888
0.04861111111111111
0.006944444444444444
0.017361111111111112
0.059027777777777776
0.04513888888888889
0.04861111111111111
0.08333333333333333
0.020833333333333332
0.027777777777777776
0.0
0.013888888888888888
0.013888888888888888
0.0
0.024305555555555556
0.027777777777777776
0.0
0.003472222222222222
0.003472222222222222
0.03125
0.020833333333333332
0.017361111111111112
0.03125
0.003472222222222222
0.0625
0.03125
0.08333333333333333
0.027777777777777776
0.006944444444444444
0.03819444444444445
0.06597222222222222
0.006944444444444444
0.0625
0.034722222222222224
0.013888888888888888
0.003472222222222222
0.003472222222222222
0.024305555555555556
0.06597222222222222
0.034722222222222224
0.006944444444444444
0.04861111111111111
0.027777777777777776
0.024305555555555556
0.059027777777777776
0.013888888888888888
0.024305555555555556
0.034722222222222224
0.013888888888888888
0.052083333333333336
0.017361111111111112
0.0
0.024305555555555556
0.027777777777777776
0.013888888888888888
0.059027777777777776
0.027777777777777776
0.010416666666666666
0.024305555555555556
0.006944444444444444
0.03125
0.003472222222222222
0.03125
