0.020833333333333332
0.017361111111111112
0.03819444444444445
0.04861111111111111
0.017361111111111112
0.04861111111111111
0.003472222222222222
0.04861111111111111
0.003472222222222222
0.04861111111111111
0.0
0.010416666666666666
0.052083333333333336
0.003472222222222222
0.006944444444444444
0.052083333333333336
0.0
0.006944444444444444
0.013888888888888888
0.0798611111111111
0.024305555555555556
0.0
0.003472222222222222
0.017361111111111112
0.04513888888888889
0.05555555555555555
0.010416666666666666
0.017361111111111112
0.03125
0.041666666666666664
0.0
0.024305555555555556
0.024305555555555556
0.020833333333333332
0.034722222222222224
0.04513888888888889
0.003472222222222222
0.06597222222222222
0.020833333333333332
0.05555555555555555
0.034722222222222224
0.017361111111111112
0.10416666666666667
0.003472222222222222
0.003472222222222222
0.010416666666666666
0.041666666666666664
0.0
0.03125
0.041666666666666664
0.03125
0.024305555555555556
0.006944444444444444
0.017361111111111112
0.0
0.020833333333333332
0.020833333333333332
0.003472222222222222
0.017361111111111112
0.003472222222222222
0.006944444444444444
0.03819444444444445
0.0625
0.003472222222222222
0.04861111111111111
0.006944444444444444
0.0798611111111111
0.027777777777777776
0.010416666666666666
0.017361111111111112
0.013888888888888888
0.027777777777777776
0.020833333333333332
0.05555555555555555
0.04861111111111111
0.034722222222222224
0.05555555555555555
0.03819444444444445
0.003472222222222222
0.003472222222222222
0.05555555555555555
0.017361111111111112
0.0
0.010416666666666666
0.07291666666666667
0.020833333333333332
0.020833333333333332
0.059027777777777776
0.034722222222222224
0.013888888888888888
0.024305555555555556
0.003472222222222222
0.006944444444444444
0.08333333333333333
0.052083333333333336
0.013888888888888888
0.010416666666666666
0.020833333333333332
0.041666666666666664
0.017361111111111112
0.013888888888888888
0.027777777777777776
0.09027777777777778
0.034722222222222224
0.0763888888888889
0.07291666666666667
0.052083333333333336
0.010416666666666666
0.006944444444444444
0.020833333333333332
0.052083333333333336
0.017361111111111112
0.003472222222222222
0.024305555555555556
0.003472222222222222
0.003472222222222222
0.024305555555555556
0.027777777777777776
0.013888888888888888
0.010416666666666666
0.08333333333333333
0.024305555555555556
0.0
0.017361111111111112
0.027777777777777776
0.013888888888888888
0.024305555555555556
0.017361111111111112
0.003472222222222222
0.06597222222222222
0.003472222222222222
0.010416666666666666
0.024305555555555556
0.03819444444444445
0.04861111111111111
0.052083333333333336
0.03125
0.013888888888888888
0.0
0.003472222222222222
0.034722222222222224
0.027777777777777776
0.05555555555555555
0.006944444444444444
0.04513888888888889
0.041666666666666664
0.017361111111111112
0.003472222222222222
0.006944444444444444
0.0
0.027777777777777776
0.0
0.052083333333333336
0.006944444444444444
0.0
0.04513888888888889
0.013888888888888888
0.0763888888888889
0.04861111111111111
0.13194444444444445
