0.017361111111111112
0.04861111111111111
0.020833333333333332
0.003472222222222222
0.11458333333333333
0.04861111111111111
0.034722222222222224
0.03819444444444445
0.003472222222222222
0.0
0.052083333333333336
0.013888888888888888
0.003472222222222222
0.06597222222222222
0.04861111111111111
0.034722222222222224
0.04513888888888889
0.020833333333333332
0.10069444444444445
0.027777777777777776
0.020833333333333332
0.017361111111111112
0.03819444444444445
0.003472222222222222
0.0
0.041666666666666664
0.03125
0.041666666666666664
0.03125
0.020833333333333332
0.017361111111111112
0.03819444444444445
0.020833333333333332
0.017361111111111112
0.006944444444444444
0.010416666666666666
0.017361111111111112
0.010416666666666666
0.0763888888888889
0.03819444444444445
0.05555555555555555
0.003472222222222222
0.06597222222222222
0.010416666666666666
0.006944444444444444
0.041666666666666664
0.013888888888888888
0.08680555555555555
0.024305555555555556
0.010416666666666666
0.027777777777777776
0.003472222222222222
0.010416666666666666
0.0798611111111111
0.052083333333333336
0.003472222222222222
0.0763888888888889
0.027777777777777776
0.052083333333333336
0.0
0.003472222222222222
0.010416666666666666
0.013888888888888888
0.10416666666666667
0.010416666666666666
0.06597222222222222
0.04513888888888889
0.020833333333333332
0.006944444444444444
0.003472222222222222
0.006944444444444444
0.0
0.03125
0.027777777777777776
0.024305555555555556
0.08680555555555555
0.017361111111111112
0.03125
0.05555555555555555
0.017361111111111112
0.024305555555555556
0.024305555555555556
0.024305555555555556
0.006944444444444444
0.04513888888888889
0.003472222222222222
0.03819444444444445
0.020833333333333332
0.024305555555555556
0.017361111111111112
0.024305555555555556
0.010416666666666666
0.034722222222222224
0.041666666666666664
0.027777777777777776
0.010416666666666666
0.020833333333333332
0.020833333333333332
0.052083333333333336
0.003472222222222222
0.003472222222222222
0.003472222222222222
0.003472222222222222
0.013888888888888888
0.020833333333333332
0.010416666666666666
0.10069444444444445
0.006944444444444444
0.006944444444444444
0.03819444444444445
0.010416666666666666
0.04513888888888889
0.020833333333333332
0.027777777777777776
0.010416666666666666
0.003472222222222222
0.052083333333333336
0.0
0.010416666666666666
0.017361111111111112
0.03819444444444445
0.010416666666666666
0.027777777777777776
0.017361111111111112
0.003472222222222222
0.04513888888888889
0.0
0.003472222222222222
0.003472222222222222
0.006944444444444444
0.003472222222222222
0.006944444444444444
0.04861111111111111
0.0
0.06944444444444445
0.034722222222222224
0.03819444444444445
0.059027777777777776
0.08333333333333333
0.08680555555555555
0.010416666666666666
0.06597222222222222
0.013888888888888888
0.017361111111111112
0.010416666666666666
0.04861111111111111
0.0
0.03819444444444445
0.013888888888888888
0.017361111111111112
0.0
0.10069444444444445
0.027777777777777776
0.024305555555555556
0.0
0.04513888888888889
0.013888888888888888
0.017361111111111112
0.010416666666666666
0.09375
0.04513888888888889
0.0625
0.034722222222222224
0.03125
0.052083333333333336
0.06597222222222222
0.0798611111111111
