-2
0.4721628153743538
0.5038744572864594
0.39138951570185815
0.42739646212793403
0.45761616249702053
0.43184985430574147
0.36997099556788987
0.3819188259818774
0.48796568708936094
0.5518421923687784
0.4311399823752632
0.3846169238599355
0.30747071824822436
0.48911355303917653
0.5210111612571517
0.3660123693498893
0.41506702362567005
0.479083945812799
0.4114698952159837
0.3396269661785533
0.3870771407499964
0.33031781469861377
0.2237707389605093
0.21575330654332953
0.40606567083395695
0.26398065012516997
0.34846218059610035
0.32488347877602586
0.23756665575171337
0.35810514908210106
0.4896554544098265
0.38083088662156167
0.35018690882736314
0.4493361408560678
0.44068911320182014
0.10822890102241298
0.33900777997455556
0.43946111585195813
0.38557281226372003
0.35171074621447496
0.43491459762731277
0.3237124384748791
0.45765889522364434
0.454972594958149
0.5001199190615746
0.38978521265954547
0.3090424438909436
0.47606409065761507
0.4160496528352084
0.3583953149647612
0.24905678204705203
0.3401120883566307
0.33570278731105474
0.201141570710156
0.3541977410247937
0.25719842979541324
0.45351217185850623
0.1985774913849884
0.3814626471657894
0.390981223101224
