-2
0.6026412934675792
0.6519588590435107
0.5273240331615925
0.43405336025162183
0.408826542047473
0.5591805414042457
0.5043495843002336
0.4292554885743128
0.32370413318283037
0.4579827929110539
0.4764705124680954
0.4727495969500599
0.528099897413002
0.5569638087944809
0.5160035067816704
0.40783357240046003
0.43307227331168957
0.26173878059764266
0.3648731531840483
0.3363450787886772
0.37936098375391963
0.4050950354176755
0.41595056428986155
0.44737499676692305
0.4547036554472701
0.4329990431803717
0.3812748842342972
0.4024871158389943
0.5194050044393229
0.171206211988772
0.31250397788300033
0.3572104926546629
0.4076666195401664
0.29491567187672557
0.2916441045254032
0.25593787428416154
0.23152714479253836
0.407843031835027
0.42552125433830584
0.1251644318885706
0.31406477500450364
0.4771713215477078
0.45163145767368273
0.27174087135911207
0.3738478794003354
0.25626279848039507
0.35567290270226326
0.21152363910112806
0.32658471404053147
0.29789384025832716
0.32276622352798195
0.42474347190041106
0.36201347130533973
0.31796326895439747
0.31933490963580663
0.34421127865030565
0.35716318943012826
