-2
0.5691823448120604
0.5943218086150637
0.5418030245827046
0.531796203760746
0.4549126691001854
0.44910383617146477
0.3967206910694135
0.4627983797340538
0.5111128427850413
0.3848323022372115
0.46423919187417645
0.4255620985334647
0.5005167098319883
0.4501995889860922
0.5513672545362868
0.33981198513387983
0.4078963327549488
0.3500838094538313
0.3531709479022717
0.4106631335207161
0.3550917545204621
0.3860211210765396
0.4557286119845604
0.4561491669268979
0.39661102710483165
0.38122622742476564
0.48539957558094843
0.28383116878667636
0.22378172695759585
0.376655777680424
0.34427052770240496
0.28874488164524387
0.22831947132452593
0.3538828097620956
0.26562218277869426
0.2912724813239529
0.41579978446193033
0.26140401913976763
0.5032139852170122
0.45442443915399855
0.48870277440146276
0.3790132409381746
0.5469729410334482
0.49091981053178774
0.46151215751364194
0.4612804724211004
0.28176139967102865
0.41333792725264884
0.509238948150162
0.47571542887982327
0.3546571669361216
0.4583597497619536
0.43437368833012163
0.49022744953261904
0.3505673997995599
0.37124140984816373
0.4413293561332992
0.2612535671637569
0.46366040842576345
0.4693397637888986
0.19093238703585483
