0.7966272774205247
0.42811995144247433
0.43388468408500697
0.5119505366409738
0.4723603061800747
0.5119650123655534
0.4841795026881579
0.41884928294002555
0.47120511269719906
0.5218112840215332
0.5008502867756713
0.3279070889594919
0.4505310369813821
0.4350029679464362
0.46160444027070213
0.3565287764441842
0.47357915435327624
0.5376970714573981
0.3259468785226487
0.44679534073860244
0.4846371693546524
0.32688464440250486
0.3698604517604358
0.3114884174884788
0.4455022180281259
0.3409983649685326
0.5323287554317921
0.4528238944503841
0.405742387291111
0.32290221814361814
0.47720073287307674
0.4304354190953935
0.44566785009286175
0.35679436897245104
0.4718912485286754
0.2784846862668864
0.4454841221432864
0.23961668666445202
0.3542398615861961
0.3189523586135543
0.4383762739343966
0.3105035895498128
0.4566661219258997
0.45883965119948195
0.42585171617254003
0.27958043678797756
0.26898867552174255
0.27728933848835846
0.302377274924844
0.27892079445622264
0.3071113241912986
0.21554286144461987
0.3588031808293205
0.22657161149710836
0.17086067601209784
0.39700708456757916
0.21857173061558904
0.29551534614218483
0.26382035109608615
0.0575213270071257
0.23790263747639187
0.14230512267649015
0.3465777825700569
0.5013522384805492
0.3685017816658768
0.2729260375892671
0.4209441172073199
0.23828565731844834
0.204885058314605
0.23556212033803114
