0.0
32.5
22.68259244442751
26.19160170741759
37.97367509209505
21.40467238712146
36.742346141747674
19.825236442474022
13.130118049735882
8.178562764256865
32.46536616149585
33.995404101142846
16.759740119968715
6.945854732081839
20.982135258357285
19.001052602421794
7.49933330370107
22.058004342087603
47.64123738947174
55.78754341248591
18.986568829527027
8.414273587185052
55.24038377853651
36.66060555964672
39.60665979352462
18.462316833408067
61.55891487022818
24.094720491334932
27.453369556395078
36.36619309193636
31.794478905761125
18.17151841846611
47.68443724692109
25.5
26.07220742476555
57.867665121954474
45.77390086064329
35.584266186054755
24.0
47.085029467974216
57.56349151637308
55.485921637835304
62.5
64.75080437080814
56.166419386201454
26.166135875720485
43.22293629801453
16.021469970012117
12.428685458334773
12.069526477362528
27.94041278626117
32.151010870577615
28.083209693100727
38.069016273079605
24.944939366532843
12.727922061357855
23.38717597316957
15.35211711784404
24.752525123712125
11.467344941179714
16.71645895517349
43.170447067409434
47.462265713582056
53.176004927034526
37.72929895982696
55.41560149352246
45.087569117095775
47.42010825237187
37.80459628140473
36.809781308777154
31.877695964420013
38.658763560155414
44.976537093120996
22.47637648732553
30.849432733844555
29.65109610115619
20.680606857633556
24.36299561949547
8.437268515343103
28.06848766855813
35.79367960967411
44.54772721475249
58.82760831446405
45.32352835142275
31.275989192989563
22.73851358378555
31.56243811875122
28.64000698323937
26.42915057280502
19.30457631409368
67.77577410517387
53.41991669780102
58.37998134825175
54.66717479438644
32.58834147360065
11.01135777277262
29.863690327888143
28.00446392988089
30.80649282213086
15.969971822141702
10.132456102380443
14.894294209528695
11.880188924797826
20.985709423319477
30.012922386933294
38.91015291668744
35.5
65.29356783022352
34.1353515028368
29.65109610115619
50.82814181140208
48.3482735529983
24.092991143115093
58.1778881248423
46.893069850458716
37.11064537299237
38.54659518037878
49.92554456388032
58.89538748209971
43.69846170697036
