13.0
22.69116323349001
13.583077707206124
10.315037566582102
20.604853797103246
24.304063446263466
16.96349020691202
14.582180906846547
32.33939910842311
6.0
27.80935094532053
37.71604433129222
41.111890007636475
14.0
64.99743584685989
59.667597758098346
19.5
6.0
21.405314760591587
17.0
38.76711091748892
42.645515590739436
32.751590292177674
23.09458811063752
21.66410241236256
53.242370345430714
70.57383840111481
52.43269495267242
12.0
2.5
3.5
45.417507637473896
33.87753680538182
30.70423423568808
15.344054223053305
29.88624265443885
41.66799997866735
38.689648342791756
48.34769901453429
60.01249869818786
76.77239087067694
26.06453529223186
38.246568473524526
25.367301787931645
27.358728040608906
20.29504591985169
21.23581879749401
22.045407685048602
42.716361034151774
50.47991899975893
41.4811704270745
62.319238602537496
19.524912860809962
34.766183282034284
48.32970101293821
43.8279464370496
25.65618833731932
21.587033144922902
23.301502097504358
19.009471323527123
36.543672502910816
58.87840577551898
54.5914116159513
41.90730511763101
25.16028616689405
54.792221163227175
16.560495161679196
28.595235617144336
30.013422923011557
41.7702046918614
19.86621923433512
43.55743334954437
58.467939932923926
57.08029432299732
38.4252521136817
45.047197471096915
9.5
70.7358152250722
7.0
5.0
61.55936610748649
14.0
10.0
62.54348487252689
44.26623995778272
50.97275960964074
47.21816976075583
37.074249823833256
10.0
16.5
47.39432689913659
42.6790346657466
9.5
13.5
44.84069022662341
19.536824204563032
10.264501936285072
45.38232646698002
23.338094752285727
22.60088493842664
44.80164617511281
40.64710936831794
45.57617250274534
36.609045633862436
45.900859348043674
24.413111231467404
25.366119135571367
39.15593824696326
6.151422599691879
17.969882210706523
8.573214099741124
26.61766330841233
67.5
42.79602785306132
21.181123671797963
27.476535443901945
12.270289320142373
26.164012604253873
28.059935851672932
6.139014578904337
