0.0
5.931905258852336
12.192894105447921
24.816123790793757
27.824849006278942
25.033727249452888
26.587382136812355
30.474374480865066
11.01635148313633
22.30891077574161
41.72129751897305
17.966635745180564
30.94484340456958
24.256957764732164
37.72532306024695
59.90548110704618
81.12678691748832
66.59329295557224
47.03389735074056
61.50203248673982
54.804703772172296
40.94169295745136
68.35690650304961
12.126005112979296
31.0
45.536310297997964
36.444783196257625
22.020823478395776
29.261749776799064
58.61929905945841
63.03614483417871
54.9019327731021
28.97171033957091
31.868479725270863
14.02453207775575
22.437468662930765
23.137847782367313
19.782820830205182
33.80177510131679
34.94996423460259
43.514365444069156
50.226362599734415
27.985487310390006
60.565563648000506
38.58612300930075
56.346152387619945
42.866718506967096
47.30280705788564
57.41273571449302
36.75170064092273
62.134263226231845
38.378234572331344
24.72347063015223
48.48752416859413
18.417043736713012
48.13176359397884
7.0
41.2189276910499
63.950664578251256
69.64732586395547
29.028721409436322
19.5
28.1336097932704
30.696090956341656
21.42752642954592
23.961636004246458
13.275918047351754
38.77740966078059
22.73851358378555
9.233092656309694
15.660459763365825
25.989228537992428
20.84399727073054
12.5
33.717782977071444
50.55380796735297
36.42114770294862
46.71455875848556
37.92308004368844
17.0
30.5
16.726027621644057
23.299976156401723
36.94103409489236
33.21520736048475
15.520595635763755
36.54705870518173
20.016659728003237
15.663971399361019
54.38954147832304
22.606193841511665
28.231896854444617
21.614520582238228
20.216020874544032
11.022703842524301
34.86671048435743
21.056115501202967
21.4353031754212
10.392304845413264
18.66815470259447
11.842503872035833
10.594810050208546
21.137775558358914
17.841898254763514
40.916500339105255
11.832159566199232
