0.0
18.49324200890693
45.70193285482209
18.372685039360892
33.46281518342412
5.0
30.168508231082438
19.07022468110313
24.513035081133644
63.46148438226134
41.81805830021284
33.00841643513902
22.85082055419455
14.606847709208171
44.920373996662136
57.91966419101547
22.296611601068197
46.81012176869443
19.933221850301404
33.59315406448165
27.77288845859093
12.498888839501783
16.235249715767644
50.20644878897531
27.99441908666797
65.62154752823191
8.0
58.6306707752483
51.749396131742444
5.0
2.0
67.58862494697034
8.0
68.32438965861475
61.89103327623477
26.127890589687233
22.7508241608958
44.39189115142539
36.98648401781386
63.625641232306826
3.0
10.0
19.0
15.0
15.5
74.58342644314486
66.7049889854991
52.18130784954406
8.0
13.5
30.5
48.9648399931579
26.5
29.298464123567978
55.39855593785816
18.5
55.41560149352246
1.5
50.91168824543142
59.230247527949956
45.46060565661952
40.59171713539598
28.5965032827442
42.88226776756202
59.63406930792349
41.98412398355677
7.0
46.949145063805176
12.5
62.19503374243174
27.5
24.0
31.41158225877837
47.576254581461114
42.74926899959811
40.55474694779885
43.12409419338567
37.27376199598497
44.347350540928595
14.413882197381803
20.885933597094056
44.87412951801962
40.10818702792071
36.11401697709938
37.15134213217905
28.50767440532461
28.474550040343043
37.46581775432107
34.179265969622904
34.47009573528916
37.72119946248911
44.06812907306141
44.60672595024207
55.64370784034995
47.2534537244516
37.5
53.22630928403734
33.62869145371091
28.752173830860162
36.871398129173244
24.561148181630273
15.484185480676729
14.595889832415153
20.434176165325468
17.01633202413362
14.24098155168932
28.02231253840411
20.862646045025066
6.910861017268398
28.5965032827442
38.963925623581616
4.0
55.778019864459154
27.883686987197372
