6.466065264130885
19.037791363495923
28.75847701113534
17.60120646818855
52.30054434492541
31.0042788357099
23.18258179680236
46.2540809010405
33.38810315215235
29.141207936528644
24.849232885543973
24.18964424891133
19.52522407041722
33.604542938752324
19.278834751814102
30.482944026835888
22.756901001891197
50.40813021563818
22.879490256126015
38.692402882430635
26.5049504186334
28.799956597189517
37.87030498952972
23.65701420271912
57.429609087995715
46.967639749868944
45.474370444756445
37.298625980054545
51.42528560931869
59.356444468987526
65.61101702881578
34.87455196844828
50.710507348630976
55.40382056621487
28.22070451397885
73.18640584152223
49.98159661315353
19.818173477896494
46.566857551505684
56.673068866030874
41.00821221886849
40.151449399603116
47.05906454186649
72.40856302952021
51.39494138531535
42.08384488137936
56.803755744375444
76.35893857303151
41.66829626442923
55.61674408145646
59.443250247610116
54.176922106085804
76.09656693964584
79.1549114079474
66.05490140784407
71.9768481295664
64.63229326995393
55.416964911478146
52.011537181667684
47.119422746888574
68.85249934945475
