8.305683295190107
20.538743875904387
7.60410975769686
20.939065032719213
25.86426105652354
28.6705423736629
21.38011634673675
18.061877116143762
32.681780328374074
24.225812679866902
28.250641858763114
28.069729642841633
45.00524660772589
20.915006574227988
14.192133971558563
24.626092756351838
35.71599995885912
29.50220610885322
40.08447869311469
35.823642100341125
41.24754538151331
47.53682782853732
27.311856399739657
26.554451394990046
33.34830392988525
15.535745073861118
40.11284083681932
38.587360301010484
43.7474570689543
45.164551749063975
77.89857187394388
56.451532399077365
82.19624214173189
74.23536144512862
67.1575676218912
73.08241922651439
33.01893396219811
58.8034012621719
59.565090447341724
49.233006092345086
66.26378263341815
80.7355078154725
87.93889924259912
79.77899159553222
34.332018583240924
38.787884706438945
40.00859282704154
52.889179480518024
25.966131787387972
45.41320705477648
43.939589210642374
17.799154961833775
30.14448539948891
28.00176361288872
28.11001315378869
19.021187017522212
35.72148780997265
18.53957864492505
