7.533259586659682
18.0321934328578
9.98610145263016
20.90600929134482
20.334851188034452
22.40171276250719
23.49382897698883
28.6942394044519
33.69975473779824
13.362634470792052
41.20907060344846
29.73903159149605
19.502804285538016
27.043668390216588
34.87477598494362
19.671918437203832
31.67708162062913
25.858589804292627
52.966404446592364
42.481054600845304
45.75136609982264
33.91809988781801
22.89589968143253
52.76888814022479
24.25177849829943
29.310237119477556
49.59797560055722
33.152707895680656
35.35376767600433
24.595934623429134
59.084346488727455
29.59201750472583
44.489699182320095
50.157352402215174
50.35633028726379
19.929563467371782
48.581477951993186
46.76209872910989
31.85233788235062
55.95701475239722
44.15510694571756
43.05952216385583
25.131839864999936
42.899978592830394
20.557116561480942
30.69914493923243
34.754695925714685
62.35511205987846
56.11773338259484
57.950170165601946
44.52088695208127
52.804671510514424
52.5136886916164
41.907088679991276
35.69926469830996
32.075166819996625
19.00616676239583
50.641715347461655
45.50428551246574
39.1817559586091
36.13636305293987
59.40655594199086
