7.004371812646436
19.075318309140776
17.578044667168978
15.899999999999999
23.163807620317396
25.317161722553937
19.294156182894273
41.04469108991645
15.102198147583977
20.36195901675475
30.138364050729777
19.759491390215487
24.82257037456033
24.711670657134185
33.40841883387467
26.253273605400146
24.854437341359297
27.97302271832631
18.439088914585774
11.760429086886766
22.329576798497545
33.01865237950631
46.931439355724
23.68845408934186
22.792199871885995
25.647178748895126
20.043702252827444
41.715554652910946
47.65734174523609
25.04706313923504
33.01178240837319
21.19224176700311
44.85987252841125
24.72116102591332
43.90013920504378
31.540450218727063
32.62759568218289
26.456741743333957
30.219566876813808
42.83070319061397
56.10530773069119
0.5
75.64096479788948
59.8388460784464
53.979677245751994
62.27910965966036
65.03106949758707
71.68604389202189
56.049581225514565
9.0
70.62262778710203
84.0158715164383
91.22986840332989
83.46368970995711
85.80027680608029
98.32711844767049
94.855152732996
99.09367061298899
3.5
7.5
10.0
81.81415253827149
67.0870081809188
78.11458819509254
64.49978466802987
77.17656523985906
79.42764002537152
73.27864627570573
98.28303798497254
99.67391278006943
