35.80279318712438
22.275768820474184
44.42848185567452
34.68497513333403
46.96258484155232
34.22510810342837
54.17313807496191
43.100193348367554
37.90998109557253
35.7059990386341
22.33815246513363
25.7544659623686
20.83864936792268
26.599945365086853
52.591087507362886
29.315031873596862
32.525954501950835
36.172335697636186
36.41627834800974
43.1871380029852
89.55272190168202
60.70699171409506
32.99135874840737
54.48872207469481
59.32721979213642
42.916863152578415
27.739792604668118
40.060752680465754
42.85276391319468
23.11458307253851
23.45768479152507
26.722687754346993
44.23579495787947
19.502022687118608
17.91469475287376
34.99562654891351
32.49038319256946
63.264449199723366
69.97756336855407
39.6073705470698
59.055933705133505
55.49581176960062
57.67635549747465
78.30856533584738
45.95801223822554
