10.19062750221442
12.228143767555238
23.64339231159522
22.023276126816935
20.912957718936283
24.642944048104816
19.788106554133275
27.80931543011007
37.098906842235785
34.13003625840442
25.898257145672773
49.216636859399486
43.184359308537715
36.72442775251917
88.31653299354544
29.643589227208437
73.72086158000845
55.27413130784359
93.23969111917948
53.33083080913796
85.03769752292216
90.67392127839184
53.727543112344975
103.74072917079813
99.82995959797506
112.64935216506963
99.99788192201318
120.66320638454789
94.59309788069459
48.56981926824517
36.50804528103654
64.91788167328588
47.76691921642604
61.060989546882084
66.90125393277602
88.88666941673539
73.39656364950307
100.69846979066672
45.95627913394137
75.88911005403469
101.61574681121031
88.65095451001747
71.85089436053084
91.68657792408096
94.40307637149527
121.09803621446551
