7.158910531638177
32.7354452390677
24.29194857215244
18.194547294355456
40.04109459290976
29.94322859638737
61.59742051849957
44.79072653656635
35.28048756420702
34.660349734963724
28.43017220063967
40.70561073810501
39.40475066537029
34.424199485305124
32.82654752212334
52.26265029047623
57.18463643871576
35.0561454431792
25.58331825310208
46.809426924280885
51.402961615162965
76.04544511160562
74.83133297664641
63.25088581366286
71.73683042556434
70.91757028514111
58.40143211195486
58.72597207299652
58.1345565620541
44.05058548569647
39.65220772989407
40.57702426200304
45.74450786706531
32.75551051941879
26.313539171878798
42.74804738880544
49.37845081570176
60.04240168414317
64.42960153313854
52.10992023580777
52.18254259308654
94.92114986323136
57.85604820629894
60.72530057708661
53.19172868031269
58.6509078709174
41.370429842750745
