6.089038420710522
23.103621875151955
26.589985779424556
19.395452914278646
28.96320569188807
41.99732741739742
39.150677008247015
57.93420793434214
85.28399248979846
71.96832636653433
79.00857021024154
82.32981444839675
59.56328671226045
82.55301327026167
93.2719374784702
93.21807764591587
104.18165952708846
123.41368441141363
103.14643716580811
56.557431479475405
107.81233695639845
83.30487668401437
87.50222854304913
97.44605879664914
48.39155975534944
93.70020488270946
82.93400742021852
74.47039680302503
118.92065610725325
88.89708295565548
70.96819856175435
78.49840762716146
82.40412611028648
98.83876790417982
65.80489361490251
113.7
85.5495308124026
77.47961608765824
109.29203996632143
77.73829851209477
81.28687197546449
97.41295576368312
124.68785516035553
78.80019717221629
42.188111295646756
79.35468900239397
80.94228124140056
78.74983930194806
69.74380508050474
128.01109134044924
119.00282966966692
