0.0
0.0
13.0
0.0
0.0
0.0
0.0
0.0
0.0
0.0
0.0
0.0
0.0
0.0
0.0
0.0
0.0
0.0
0.0
0.0
0.0
23.5
0.0
13.0
0.0
0.0
0.0
0.0
17.0
0.0
0.0
0.0
0.0
0.0
0.0
0.0
0.0
0.0
0.0
0.0
0.0
0.0
0.0
0.0
0.0
13.0
0.0
16.5
0.0
0.0
0.0
0.0
0.0
0.0
19.0
0.0
0.0
0.0
0.0
16.5
0.0
0.0
0.0
0.0
18.333333333333332
0.0
0.0
13.5
18.5
0.0
0.0
0.0
0.0
0.0
0.0
0.0
16.5
0.0
0.0
0.0
0.0
0.0
18.0
0.0
17.0
0.0
0.0
0.0
0.0
0.0
0.0
0.0
0.0
0.0
13.5
13.5
0.0
0.0
19.5
0.0
0.0
0.0
13.5
0.0
0.0
0.0
0.0
0.0
29.5
0.0
0.0
0.0
0.0
0.0
0.0
0.0
0.0
0.0
0.0
