12.0
52.333333333333336
57.5
90.5
101.5
96.0
54.75
51.25
61.0
105.5
91.0
102.0
71.0
54.666666666666664
92.0
48.5
49.75
51.25
98.5
106.5
91.0
70.66666666666667
103.5
105.5
92.5
44.5
54.0
43.25
80.0
78.0
110.0
57.0
71.5
90.5
74.66666666666667
67.33333333333333
105.5
96.5
52.25
95.5
96.0
93.0
63.5
72.5
54.5
56.0
54.0
95.0
103.0
95.5
91.5
74.5
93.5
94.0
97.5
73.0
78.5
63.0
53.75
53.0
100.5
85.5
70.66666666666667
32.5
63.666666666666664
45.5
58.333333333333336
57.666666666666664
108.5
101.5
100.0
68.0
64.33333333333333
59.0
49.666666666666664
65.5
55.333333333333336
48.666666666666664
103.0
97.0
95.5
83.0
94.0
70.0
101.0
52.0
101.5
95.0
117.0
112.0
69.33333333333333
86.0
50.5
86.0
81.5
88.5
54.666666666666664
67.0
86.0
97.5
106.5
112.0
78.5
62.5
109.0
48.5
77.0
67.66666666666667
83.0
79.0
68.66666666666667
49.0
93.5
68.33333333333333
89.5
95.5
74.66666666666667
85.5
94.5
98.0
87.5
49.0
48.333333333333336
43.333333333333336
64.0
76.0
102.0
106.5
46.75
116.5
