0.0
50.333333333333336
69.66666666666667
105.5
93.0
55.666666666666664
73.5
81.5
85.0
97.0
57.333333333333336
66.66666666666667
85.0
61.333333333333336
116.5
107.0
99.5
104.0
103.0
49.0
80.5
66.0
73.33333333333333
44.25
77.5
59.0
89.5
63.5
45.5
40.333333333333336
104.5
101.0
96.5
50.75
106.5
90.0
61.333333333333336
99.5
54.333333333333336
87.0
95.0
112.5
64.0
64.0
55.333333333333336
63.5
51.5
90.5
43.75
92.5
45.333333333333336
75.33333333333333
49.5
84.5
74.5
69.66666666666667
63.666666666666664
59.0
93.0
49.0
59.666666666666664
91.0
49.5
100.5
106.5
102.5
109.5
86.0
85.5
63.0
73.33333333333333
74.33333333333333
93.5
46.0
90.5
53.333333333333336
65.33333333333333
66.33333333333333
52.75
73.5
53.666666666666664
77.5
82.66666666666667
61.0
74.0
89.0
110.5
98.0
115.5
94.0
107.0
65.0
85.0
71.0
89.5
41.0
50.25
75.5
70.0
117.5
111.0
77.66666666666667
98.0
84.5
109.0
92.0
92.0
94.5
90.5
77.0
74.0
79.0
45.25
