0.0
47.25
62.333333333333336
73.0
71.0
67.66666666666667
60.5
74.5
65.66666666666667
68.66666666666667
107.0
65.0
65.0
99.0
52.5
52.0
46.0
45.0
63.0
48.0
62.333333333333336
41.25
75.0
45.666666666666664
88.5
76.5
108.5
97.5
62.333333333333336
47.333333333333336
69.66666666666667
60.666666666666664
55.5
95.0
93.0
71.0
100.5
67.0
97.5
92.0
110.5
74.66666666666667
128.5
120.5
99.0
64.0
63.0
61.333333333333336
96.0
90.5
97.0
106.0
97.5
80.33333333333333
67.33333333333333
110.0
101.5
97.5
110.5
78.5
111.0
57.333333333333336
109.5
63.666666666666664
100.5
109.5
61.5
48.75
72.66666666666667
59.333333333333336
