0.0
45.333333333333336
109.0
70.0
53.0
90.0
97.0
72.0
67.5
83.5
50.5
63.333333333333336
96.5
69.0
100.0
68.0
92.0
84.5
70.0
91.5
71.0
79.0
102.5
76.5
63.666666666666664
72.5
109.5
97.5
99.0
80.5
59.0
67.66666666666667
103.5
102.5
100.0
71.0
119.5
100.5
106.0
113.0
66.33333333333333
62.0
108.5
72.0
102.5
78.66666666666667
113.5
107.5
85.5
93.0
60.333333333333336
75.33333333333333
52.666666666666664
72.0
95.5
123.0
92.5
64.0
118.0
92.0
100.0
100.5
63.333333333333336
106.0
84.5
53.0
54.0
56.0
58.0
50.25
59.333333333333336
76.0
40.75
58.333333333333336
48.0
68.5
80.5
90.5
92.5
107.5
102.0
85.5
57.666666666666664
46.25
95.5
93.0
85.5
91.5
94.0
112.0
49.0
60.333333333333336
44.0
62.0
72.0
70.66666666666667
57.75
68.0
108.5
101.0
99.0
57.666666666666664
74.0
86.0
104.0
118.5
121.5
55.0
59.0
107.5
97.0
69.66666666666667
104.5
104.5
83.0
96.0
66.0
75.66666666666667
48.75
56.333333333333336
63.0
60.0
88.5
101.5
45.0
37.0
62.5
97.0
