4.0
4.031128874149275
8.5
3.2619012860600183
10.5
18.92675942210452
2.5
12.355835328567093
11.0
9.364160400164021
30.5
11.5
6.0
14.186260959111108
0.0
11.0
3.559026084010437
10.5
20.5
13.5
6.5
7.5
11.0
7.5
5.715476066494082
18.263503375736967
18.62495339293199
7.5
10.0
1.0
11.430952132988164
4.0
13.199326582148887
7.318166133366716
8.0
11.884864324004713
14.165686240583852
8.379870059984357
16.858891488535722
17.5
15.481844205391036
10.5
6.531972647421808
7.0
7.660776723022281
2.0463381929681126
