0.5
5.0
3.5
1.5
7.0
2.8284271247461903
1.0
10.677078252031311
18.0
3.0
7.0
7.693341276714559
13.816254517375139
9.0
7.0
6.5
8.576453553512405
5.7608593109014565
1.5
16.5
9.246621004453464
4.898979485566356
6.377042156569663
20.531818125912658
10.0
3.0
16.5
10.0
13.0
11.5
6.0
1.0
4.0
10.0
0.5
14.5
2.0
8.0
4.5
13.5
19.0
10.842303978193728
11.5
14.079141387961918
15.641824275533422
26.5
13.0
10.656244908763853
7.5
1.5
5.5
8.5
5.5
9.93310961716756
0.5
11.343133018115703
3.840572873934304
5.2493385826745405
13.490737563232042
7.483314773547883
9.285592184789413
10.338708279513883
4.0
