13.5
2.0
8.993825042154693
12.5
12.569805089976535
8.0
2.0
9.858372076565177
1.5
9.899494936611665
7.0
9.5
3.840572873934304
9.5
8.5
14.5
14.522013940527977
22.83759084394752
16.5
9.0
0.0
17.0
2.5
1.0
11.0
17.0
14.0
13.424687043734847
19.567546828585563
15.0
25.0
12.0
10.0
20.0
10.0
15.5
9.201449161228174
9.5
13.0
2.0
0.5
8.602325267042627
24.5
7.0
14.0
9.604686356149273
11.0
13.888444437333106
18.0
8.339997335464536
1.699673171197595
7.552483035399682
4.9749371855331
2.5
11.343133018115703
3.0
14.719601443879744
8.339997335464535
8.5
30.5
15.57776192739723
13.5
8.0
17.5
20.07209228976613
9.0
5.5
8.576453553512405
7.735631842325486
4.5
6.128258770283411
3.5
6.683312551921141
20.0
