0.4532782726248357
0.3862381155542616
0.2521742666275488
0.3818066349392274
0.19750022742545448
0.2390894988325779
0.25927830074187286
0.26029505803188735
0.18657723470027016
0.24045324047020308
0.38782102926623657
0.24145016111020967
0.2619299172673777
0.25038413407039795
0.31324887969814974
0.16318314709853518
0.16958607402232623
0.29640631714593496
0.2767234192709328
0.23076473386055094
0.1146072597804067
0.23644245471400213
0.20569453693066342
0.29155621628282696
0.20127699920261985
0.1074218712305249
0.23213315009911792
0.2243016980718278
0.1506411901657586
0.32287801460180815
0.20922330558711524
0.23801415163456593
0.17724546486399917
0.23276446181575575
0.2237948018149718
0.1587686996177467
0.14085509651772404
0.20254342689712188
0.0038257292556844857
0.07495516727195638
0.1668268657672459
0.1845379264685453
0.13055801808273784
0.2144949842446754
0.12365710706755365
0.27416229464118475
0.22985327691485488
0.12961975827016198
0.21151489761002099
0.10463809724814607
0.16791475599311895
0.18018131453390215
0.1647749935395689
0.1541595160536036
0.1248632188866183
0.14257420517332015
0.038684204343668475
0.1258631517952031
0.13523547140589018
0.2181112164296234
0.3134811370783932
