0.4315337203526558
0.32513388080286343
0.34808703269619745
0.23984300961115754
0.31689351184617826
0.22992707787901293
0.2341448246279825
0.16841376644734943
0.17630179787921443
0.2364486734663761
0.17277253844383186
0.17149801636947615
0.34652344269148755
0.10310567505239635
0.200371754605234
0.30027290515852684
0.25066911725127716
0.2941313967813491
0.2458988014246022
0.14106612872159435
0.15800823042414167
0.25680746681737937
0.2619054832431669
0.25511038047554374
0.30935898869774797
0.21407209820804415
0.2619839828559021
0.34383272191782976
0.2500988802953596
0.19471307357758483
0.2495940350654204
0.21962204598389856
0.19833899245404232
0.11347412786879907
0.11762179058350783
0.22077450581997787
0.26153492154253566
0.26236797222285835
0.11781817601035582
0.21208426835357097
0.30620419127208337
0.17067381896514702
0.30272507442810576
0.031746397108619755
0.17486813393307116
0.20713244276666903
0.2557868657509275
0.34266225415736457
0.19922087069952968
0.20531446349017485
0.1911085653422407
0.17861164066197732
0.2966100820223771
0.1802455516708948
0.10171701524466178
0.10918210289830352
0.322003255164824
0.23601812075255776
0.17050469094013365
0.2499472152754627
0.22129118158861685
0.05535588876118961
