0.5104617384617478
0.2615882054379214
0.23670712303743638
0.3386016257351978
0.26193462966939374
0.25295828397556136
0.1532052944522839
0.08961152510517702
0.36812633660659083
0.32972613199177325
0.20040050263266576
0.32487417215368447
0.2948155351575859
0.3334413698645135
0.2741507961027393
0.3069279530501285
0.2586653579675211
0.16934758452970217
0.2872117768775925
0.32956671429114026
0.16743984701011314
0.14219089986828204
0.23591022594235309
0.26922920967941855
0.3035658773308369
0.1884271484215023
0.3343595027199573
0.21254766588183038
0.12999126442319114
0.31636853077505844
0.23108638719569516
0.2742116145975289
0.2967615622956304
0.2826734285632652
0.07948891856335938
0.17340661297594614
0.2555084678977385
0.32425827769589466
0.17287161463705192
0.23284271918184035
0.13251813493865403
2
0.24766541164786227
0.06914068957206963
0.23317045473705558
0.30237306226813465
0.2544341709417474
0.1844518212007744
0.3404732526985686
2
0.10510649198549737
0.2210862520198185
0.2832619934058247
0.19639306325681916
0.18572927872912787
0.20263814785308015
0.19562686906545423
0.2604790581046127
2
2
2
0.18536282745621602
0.32516912848595436
0.0770972384518714
0.3157607858291022
0.25711560643946857
0.10699180959976969
0.21630580511092437
0.16000614638103802
0.16864651729145552
