5.5
20.5
20.5
12.5
12.5
15.5
24.5
15.0
11.5
10.0
12.0
22.0
24.0
23.0
14.5
31.0
25.0
19.5
22.0
20.0
8.666666666666666
18.0
15.333333333333334
13.0
25.0
18.5
10.5
17.0
9.0
10.5
16.666666666666668
23.5
30.0
3.3333333333333335
24.0
13.0
1.3333333333333333
12.0
10.0
12.0
25.5
15.333333333333334
6.666666666666667
11.666666666666666
13.0
23.5
11.5
15.0
6.0
13.0
16.0
8.5
9.5
5.0
4.0
11.5
6.666666666666667
9.5
29.0
7.5
10.0
3.0
11.5
17.5
19.0
29.5
20.5
18.5
16.0
18.5
15.5
7.666666666666667
23.5
13.0
8.0
18.0
13.5
16.5
5.5
16.0
7.0
15.0
17.5
16.5
15.5
13.0
20.5
25.0
16.5
17.5
15.0
15.333333333333334
12.0
27.0
29.0
12.0
6.333333333333333
8.0
19.5
22.5
10.333333333333334
24.0
17.5
19.0
14.0
8.666666666666666
11.0
18.0
9.5
25.0
10.0
11.0
3.0
