3.0
21.0
13.666666666666666
24.0
8.5
13.5
21.5
18.5
23.5
16.5
16.5
16.5
29.0
12.5
19.5
13.0
18.0
24.0
10.5
17.5
17.0
19.5
22.0
7.0
9.0
15.0
17.5
31.5
18.5
18.0
7.5
13.5
25.5
16.5
23.0
23.5
10.5
9.666666666666666
15.5
5.333333333333333
7.5
22.0
22.0
12.0
6.25
11.5
12.5
18.0
6.5
1.6666666666666667
4.0
9.5
9.0
8.333333333333334
23.5
16.5
30.5
25.5
10.0
15.5
10.666666666666666
11.5
10.333333333333334
19.5
20.0
17.0
9.5
23.0
15.5
11.0
4.5
18.0
3.0
4.0
13.0
11.0
6.5
20.0
14.5
24.0
26.0
5.0
6.0
8.666666666666666
13.5
7.5
16.0
4.333333333333333
21.0
25.5
20.5
14.5
14.0
18.0
13.5
23.0
9.0
5.333333333333333
24.0
31.5
22.5
5.666666666666667
19.0
10.0
25.5
16.0
14.0
3.6666666666666665
26.5
10.5
20.5
1.6666666666666667
17.666666666666668
15.0
19.5
31.5
22.0
14.0
23.0
15.5
19.5
23.5
21.5
16.0
20.0
17.5
9.0
8.0
