0.3958333333333333
0.5399305555555556
0.6475694444444444
0.6006944444444444
0.6319444444444444
0.6345486111111112
0.6302083333333334
0.6137152777777778
0.6675347222222222
0.7109375
0.6449652777777778
0.6223958333333334
0.7335069444444444
0.6822916666666666
0.6328125
0.6258680555555556
0.7482638888888888
0.6762152777777778
0.6987847222222222
0.7005208333333334
0.6675347222222222
0.7335069444444444
0.5885416666666666
0.7126736111111112
0.6684027777777778
0.7022569444444444
0.703125
0.7361111111111112
0.6892361111111112
0.7039930555555556
0.7291666666666666
0.6909722222222222
0.6545138888888888
0.6545138888888888
0.6657986111111112
0.7248263888888888
0.5555555555555556
0.6640625
0.6067708333333334
0.6206597222222222
0.6293402777777778
0.6076388888888888
0.6345486111111112
0.7378472222222222
0.6197916666666666
0.6440972222222222
0.6336805555555556
0.6631944444444444
0.6223958333333334
0.6180555555555556
0.6449652777777778
0.6293402777777778
0.6692708333333334
0.6631944444444444
0.6692708333333334
0.6892361111111112
0.6909722222222222
0.7630208333333334
0.7256944444444444
0.7378472222222222
0.7473958333333334
