0.3159722222222222
0.6032986111111112
0.5729166666666666
0.6397569444444444
0.6414930555555556
0.5434027777777778
0.5772569444444444
0.6935763888888888
0.6649305555555556
0.6579861111111112
0.6336805555555556
0.6267361111111112
0.6015625
0.6770833333333334
0.6979166666666666
0.6015625
0.6901041666666666
0.6310763888888888
0.6484375
0.6684027777777778
0.6710069444444444
0.7404513888888888
0.6770833333333334
0.6953125
0.640625
0.6102430555555556
0.6944444444444444
0.7291666666666666
0.6354166666666666
0.6753472222222222
0.6579861111111112
0.6536458333333334
0.7152777777777778
0.6432291666666666
0.6067708333333334
0.6692708333333334
0.6501736111111112
0.7222222222222222
0.7100694444444444
0.6649305555555556
0.6362847222222222
0.7482638888888888
0.7387152777777778
0.7074652777777778
0.6883680555555556
0.5868055555555556
0.6076388888888888
0.7248263888888888
0.6189236111111112
0.6779513888888888
0.6493055555555556
0.6423611111111112
0.7057291666666666
0.7864583333333334
0.7595486111111112
0.6189236111111112
0.7057291666666666
0.6692708333333334
