0.3498263888888889
0.5798611111111112
0.6241319444444444
0.6484375
0.5842013888888888
0.5833333333333334
0.6848958333333334
0.6223958333333334
0.6753472222222222
0.7048611111111112
0.6380208333333334
0.6762152777777778
0.6623263888888888
0.7005208333333334
0.6979166666666666
0.5842013888888888
0.6232638888888888
0.6675347222222222
0.7239583333333334
0.7170138888888888
0.7309027777777778
0.7005208333333334
0.671875
0.7369791666666666
0.671875
0.6545138888888888
0.5850694444444444
0.6128472222222222
0.6684027777777778
0.625
0.6440972222222222
0.7291666666666666
0.6284722222222222
0.6944444444444444
0.6328125
0.6336805555555556
0.6215277777777778
0.5720486111111112
0.6519097222222222
0.6762152777777778
0.6328125
0.6310763888888888
0.6102430555555556
0.6805555555555556
0.6493055555555556
0.6935763888888888
0.6423611111111112
0.6510416666666666
0.5703125
0.6640625
0.6857638888888888
0.6727430555555556
0.5616319444444444
0.6458333333333334
0.6076388888888888
0.6154513888888888
0.6484375
0.6154513888888888
0.6154513888888888
0.6467013888888888
0.6050347222222222
0.65625
