0.3012152777777778
0.6440972222222222
0.5989583333333334
0.7065972222222222
0.6631944444444444
0.6432291666666666
0.6605902777777778
0.6501736111111112
0.6267361111111112
0.6423611111111112
0.6545138888888888
0.6597222222222222
0.578125
0.5998263888888888
0.6614583333333334
0.7213541666666666
0.7083333333333334
0.6449652777777778
0.6527777777777778
0.6414930555555556
0.5755208333333334
0.703125
0.7074652777777778
0.6536458333333334
0.6354166666666666
0.6397569444444444
0.6605902777777778
0.6519097222222222
0.6223958333333334
0.6032986111111112
0.6284722222222222
0.6527777777777778
0.6171875
0.6432291666666666
0.6336805555555556
0.7170138888888888
0.6484375
0.6284722222222222
0.6050347222222222
0.6848958333333334
0.6814236111111112
0.7005208333333334
0.7126736111111112
0.7317708333333334
0.6675347222222222
0.6979166666666666
0.6657986111111112
0.6953125
0.7109375
0.7265625
0.6649305555555556
0.7309027777777778
0.7118055555555556
0.6935763888888888
0.6935763888888888
0.7239583333333334
0.6901041666666666
0.7048611111111112
0.7074652777777778
0.7291666666666666
0.7222222222222222
0.6684027777777778
0.6527777777777778
0.7144097222222222
0.5807291666666666
0.5859375
0.6744791666666666
0.7074652777777778
0.703125
0.7482638888888888
