19.0
30.5
40.0
21.0
26.5
34.5
38.5
45.0
21.0
39.0
38.5
24.0
16.5
19.5
37.5
25.0
37.0
23.0
37.0
23.0
25.0
24.5
32.0
30.5
26.0
20.5
37.0
35.0
32.0
37.5
21.0
26.5
37.0
16.5
26.0
43.5
42.0
45.5
35.5
45.0
12.0
26.5
35.5
29.5
42.0
20.0
20.0
40.5
20.5
43.5
15.5
23.5
21.5
15.0
12.0
18.5
19.5
23.5
26.0
25.0
26.0
35.0
40.0
33.5
42.0
15.5
22.5
32.0
43.0
41.5
40.0
18.0
41.0
36.0
32.5
39.0
41.0
46.0
34.5
38.0
24.0
41.5
22.5
24.5
24.5
25.5
41.0
38.0
29.0
25.5
36.0
46.5
16.5
16.0
41.5
34.5
39.0
38.5
45.0
35.0
37.0
41.0
40.0
23.0
21.5
40.5
39.5
33.5
34.0
30.0
11.5
26.5
24.0
44.0
41.0
39.0
23.5
18.0
25.5
22.0
24.0
