4.0
25.447112911989752
47.023265518251705
77.97862955109346
29.431653406192154
31.711711607247324
69.29184656220383
65.73853934759697
21.49046300106166
38.84636405122106
63.3733974156349
37.841775856849004
22.924899572477155
31.349641146271516
38.26957015697981
41.0
61.32495413777331
30.99327884127998
18.77054430040145
24.92388412747901
47.016592815728366
37.32880924969346
72.38784428341543
27.5
76.26707459098367
55.481415807457545
50.041857479514086
55.25898619731958
0.0
87.87870428418177
22.26566864030811
63.07667292007931
32.95735881407975
5.0
83.69388667439615
53.466500415369126
17.0
11.5
70.71951640106145
53.56823270890645
62.99735444180705
85.46474256804511
28.674417556808756
30.5
55.75446170487166
45.35636669752109
21.805962487356524
20.35773808653604
36.478304054145205
19.79688527689815
29.11328448205962
27.52612395525385
34.43381332353418
14.784161409137434
40.157689176545006
77.82955736736527
30.694624936623676
38.0
58.97592729241313
55.66183611775667
61.89911146373589
29.09570415026933
54.91812087098393
60.88719077113018
40.81121850123512
54.79507277118993
89.83457018319841
7.0
67.26208069930635
33.42362770389966
64.62584622269948
17.421251390184345
30.5650490302604
69.8976930949799
55.40476062578016
4.0
45.32107677449864
35.927705186944515
26.316450284100924
38.8353897881816
51.227162933567016
73.5436378394941
84.60496439334987
62.956775295082856
78.36240595251442
69.95395310885266
66.81982407107108
45.51922670696417
38.467648745406834
17.80975856096876
76.08999605730047
75.06122500998768
60.20520464766037
65.55675022451922
61.635703938545234
39.79321550214308
71.57435915807343
66.69332800213226
38.54659518037877
29.0032325784558
67.16583953171434
73.22013042872841
18.5
39.72719471596252
55.154328932550705
39.0
39.617616732402716
71.56504422939705
62.341799781527
71.90734779330042
45.55611923770505
55.65968020030299
47.11923410054775
75.21542395014468
47.34976240700686
74.95498649189392
47.34118186103934
68.56885225814999
26.54354912215019
59.75505557412416
