11.785113019775793
29.729446681699272
53.20009398487939
36.346113960092076
50.624982853220686
79.23383115816122
74.71445643247363
60.03532293575175
23.08679276123039
33.05298776207682
73.47259504211229
55.29466520379701
17.0
71.28288714691627
78.99507720245751
64.96345126299865
57.78119648005453
67.34983296193094
84.46827149225258
8.5
59.016005362010816
16.5
22.0
55.41560149352246
77.04665794179525
78.61721609588237
67.21746424851209
86.91758548571553
15.0
18.0
60.05197748617443
45.0
23.15167380558045
77.01843935058669
26.018022599728827
41.55585264302597
11.811011811017716
21.299941314473145
75.79357932349328
63.16842565712715
75.21229213957577
42.05023450852827
85.73732494595856
4.0
54.980804731186765
8.5
16.5
66.7349650150171
67.03870150890454
0.0
9.5
71.45759231880123
44.76815274277017
40.59171713539598
34.93078871139328
63.80634764660958
33.0
53.39371581833286
58.76010551386034
69.0
77.51935242247578
69.45502141674135
67.96322535018479
69.46941773183363
8.0
34.5
26.0
74.76778866746174
80.1373820385967
60.0
72.69265590293301
61.807946270865706
2.0
15.0
65.75142584005309
57.05863212520959
83.17451532771321
81.17607748318191
73.86636582369543
7.5
83.23861283482965
64.45897920383165
74.61358790461695
39.5
79.0411285344535
73.45406728017176
14.5
79.88463904628696
69.63875038766531
52.21323799787006
33.0
50.74091051607174
73.94719399679747
61.69025449777298
25.991451586157236
67.94115100585212
0.5
40.76763422127902
46.80277769534624
56.12040627080314
23.095189003384252
55.025499139540344
50.559096335102964
40.74991479200362
62.157863541148195
26.922213050853667
47.40780526453423
34.46576401139091
50.514230668198834
55.930202037897196
22.93468988235943
73.54061613980551
46.44553261617311
38.42603284233229
48.60955553066587
60.29251611933275
45.57894250638117
70.52816616233703
59.87394165151388
73.67665844757076
