1.5999999999999999
32.05550741379016
29.559431658947705
55.943610001500616
64.68556424908283
35.43218875542407
28.637780098666724
25.952948879762307
70.11019897276002
27.139849457420144
54.120236510939236
50.444895678353824
51.14841151003616
46.82905081250313
10.0
47.541794478355804
68.32438965861475
29.408993333483707
63.04115719115568
67.37127643802579
60.35634920113118
91.2225605623716
65.05894762956643
66.31129240182248
62.395913327717224
63.25098813457384
55.75541827182957
54.55272678794342
42.098099719583544
51.32250968142536
78.76230062663228
78.46336724867217
47.52426280917522
24.289915602982237
28.5
9.0
46.10517866791105
20.13322971546071
79.23523346480543
58.86798790514247
66.59767263200719
64.02936826175939
36.46307112073194
67.09088984355476
69.11765331664553
32.70406023042943
3.5
21.0
70.97573920400939
53.4485734140772
71.34554996634338
24.5
72.48577446644272
56.839137044821506
9.0
59.25275427259807
7.0
54.135632135098106
78.10391937810945
7.0
26.394838510587633
38.310409812477864
16.5
63.85835018921872
75.7495874576225
87.78129388175795
49.29756586282937
24.226363050748386
29.590257405661976
61.76478680355732
49.677851089684715
42.32677114493327
60.80752877362766
34.477045503735766
67.37581168342241
55.1140232205521
41.093065108361046
64.62584622269948
49.0
78.27315951205752
59.35954477213884
42.48161366991607
66.09588993777652
36.84426685388108
54.24193488436783
56.82649030161902
41.431335430511474
47.26785376976619
55.40356988097026
64.09888194552747
53.01781671182706
21.535087647836495
44.90197657119339
49.55047931150616
25.796123739817965
55.89890428264225
33.278183544178006
56.26055456534356
28.788983232402558
39.85688683993556
73.00301363642463
47.73007437664434
58.80051020186815
28.79477190201181
38.784303812524755
43.000465113763596
