5.5
15.672672173602832
37.992630864418956
56.15770205412611
39.091687095851974
45.62003397631352
50.292743015270105
57.09251750935105
61.95002466146043
30.258148581093913
48.158592172114
53.08660377157311
71.07170674748144
41.051796550212025
18.5
71.62867209900423
46.44553261617311
57.83632076818165
61.53893076744183
48.106652346634974
68.982896430927
55.74047003748713
67.31022705849882
62.62232473771279
9.0
34.0
18.0
93.06747850648773
72.39244896166082
46.5
35.0
32.5
17.5
58.862127042776834
73.89350445066196
68.26602375999352
49.852281793314134
34.97198879103103
71.9200945494373
88.12995454945435
76.99797075248152
87.59883307188262
15.0
14.5
1.0
85.84093817443205
6.0
73.16192087873765
74.10971596221376
8.5
74.99458313771736
80.65977932030313
33.70222544580698
74.31464638055319
73.05857619441782
44.28945196720722
7.0
51.044642770378516
61.00455356410336
8.5
81.18428966794554
39.16631205513228
5.5
44.982082600764954
86.10200668715889
74.38787236879111
85.33203124006573
78.31701957783861
66.95252049026983
25.0
75.83021971629927
57.92667779184303
56.36807607147862
54.76714343472735
48.51030818290067
47.793723437288286
27.77336853894392
21.46625258399798
21.92193943453518
6.5
35.098694667279844
47.62614828012024
69.35191057209599
30.425112982534674
70.05711955254797
46.051601492239115
50.28108491271842
92.63668579755839
79.44110327084391
58.95125104694556
85.29295919880427
51.44792404838983
81.78562764256866
61.67809578772678
10.5
55.952546858923235
66.98424358674873
71.48115524776831
33.7573037364591
27.26169473822198
54.378304497290095
67.08390268909524
6.5
48.32068800098865
51.088159097779204
59.26423879541523
45.84272631023983
62.184313849144374
36.0
63.51027913303134
33.52252973747655
71.20081148101863
72.95660810829041
68.7113527737593
