10.940027903360932
16.293035635021536
21.056320192232242
32.80558789630544
22.377631688809252
40.083246708153105
34.39111196560274
35.50563335584933
50.751512059557015
35.925746753246386
35.6554343684101
28.214643639473444
42.85958326385151
49.81890674621187
45.08228807871999
36.091003777024795
75.12387728795359
47.40632209948374
45.072719021598864
61.15631344805058
63.20246055659671
77.5390778494947
68.76295143683632
81.5175509391144
100.33604693254357
98.72847220781752
81.84690315189424
92.81204872692386
111.27028529166665
89.83852180440194
71.45032392457948
174.38080934170097
122.97920270322402
197.6355371777949
168.82641788239187
112.05058381522755
104.36014564957257
126.51930999839169
182.9461230816802
113.11575192400629
160.3295217842165
197.18385385782025
209.94476786896965
164.38892605119258
112.68290686701333
173.81738801109628
182.8544503149978
225.98371622751935
32.09591095451257
34.20474884793046
35.88829550498753
27.430889271045846
35.65585505916244
35.22058767139423
38.74592770318252
64.88725264299264
76.92131621916572
39.98483091875102
41.66923636827979
69.08154601628426
43.2125249673007
93.84243372197838
77.02640019195115
82.34408586203561
74.19587252671136
58.225338126970115
76.41204093596768
116.98253536424535
74.97546923930733
69.71516392889465
74.21392501860191
