9.292715998948806
40.98979848995251
32.926580785472126
43.907861221065076
56.2699742313785
39.388926108742794
31.951261885795287
54.39341502990887
34.00455851793991
43.370817121398325
58.39945285488555
80.72312074134783
40.53947321918341
63.166008250782724
87.29097802035443
104.41620111628059
89.41876113965122
120.35354255945927
80.02274763095994
77.09346498731264
95.66952578154293
84.25703234745454
98.04230379450156
121.95522288483133
126.71695821791178
162.59028261246118
184.67771759202572
146.7470318542242
150.2031436921345
190.53972749823603
103.14046517034697
196.23195354436223
171.67224011089084
134.05624337899707
152.44202645127567
139.40403285055996
120.53990966682035
103.11624508291601
128.0670127835955
139.7743754522189
176.65839210181892
170.0437852110123
136.2249977060011
112.4034133990156
132.6363826406616
105.63377725878775
127.4693688695445
123.57097201190474
124.83503163762542
148.17265538036744
114.56936278468555
128.14440157229262
95.56858988130371
222.03927580498004
190.99962602805573
189.09518146774914
136.90887480364447
201.60711438693966
183.38548027311214
39.37671953917272
46.83749422259802
33.05642902674153
82.22257001826301
73.14790439209465
97.15476771053947
97.12174140253677
64.02454886325133
110.33198959954488
79.68333322439517
78.81189983470487
87.58353155702275
84.87903156846218
74.24620037346149
113.41075786714416
116.9160133029974
103.78739078138103
143.1467489520359
136.09156322214434
158.34631525727258
179.67858821164083
