13.342182761094596
30.167610292229014
17.81784348079002
14.412439071857339
33.91761396180462
31.03702711527305
47.00680801756274
51.74924516357702
55.03507972193735
43.237463626692595
43.799998964578215
73.75020903925176
35.6443926483918
54.1883631255351
61.31750757078991
68.56322305402188
50.74362576280449
62.23061054568635
90.5891431527137
72.05966663505707
109.36630035948454
70.28861782620545
79.97555778955218
78.05574265829335
84.789174318616
101.00608690488279
126.15286115938167
104.37180677004162
129.74397866567836
125.2716057477175
118.5426169814735
127.98282426085589
154.9085751876463
102.35078697181571
150.18983871860635
116.46660094551773
94.26874113700444
175.7306823729787
156.1245976776241
130.8001815747975
185.25524600625891
193.09129964863772
146.66015137043874
237.4258621127867
122.55260297467274
115.15037762619635
204.153128802867
185.0976385653505
184.1690527748894
247.1421655646806
168.26353521767757
209.44674144039578
198.7482255087002
241.39898968765843
197.2663174492797
234.9960401557628
230.15791680206584
271.80180687814095
263.59742032121636
286.04503141987976
304.0534492486477
7.0
266.8005913703258
255.60907652115955
38.7316215017539
37.97934967703316
51.93011498259236
38.73125352993368
39.21954882938638
43.583749378369724
55.66403173563467
59.143363955730486
62.059335406618004
68.37848553419866
80.26361891112349
67.97577423136084
118.16887345261961
87.41339737601054
79.45279160451192
75.98547484581019
108.91845926761344
92.97416606539451
108.50007053510357
78.99423170497501
105.08194347151179
100.88930738066348
