12.216876751540342
27.958424944499807
22.89894320705652
22.487299503083932
15.19746722990649
20.79926380908709
33.590759151082324
30.866715604861575
32.55746700597255
32.228971395659244
51.79490339927848
46.360511776232535
46.60053647759862
35.47852536074256
46.905729927163485
41.056949840360836
45.76266440327964
40.28631901775093
30.79269393866019
31.334560333284987
36.531400327342276
29.403205207158855
40.45749119446237
63.53639322379646
55.0321046697171
46.16386566433526
42.05308814132705
43.59381897278075
58.52567332265236
36.43144246389374
52.64845676750649
57.57873934439513
59.24350774453301
84.12166238034442
56.4489537104099
95.43813634927332
92.71697724700952
87.39813266740886
71.02628783777061
61.7773681318361
62.70091581700109
81.38306999390386
79.27750922795036
54.96770769177926
68.85754215124958
64.65361170246284
59.91089680146305
30.506573745123635
31.716629681256332
28.51303308235649
32.24685062141728
39.31009344572992
33.29702751782044
50.713215702749324
52.53517523220229
41.051069552676516
56.880110221196915
45.07448660340519
42.44191460929254
34.44784929408009
34.631978881069394
30.407400415030548
34.198459410312346
32.21822218606187
45.10547785171336
34.57525148314721
51.850997594618114
47.943977724006174
46.054081198757274
48.89350053395305
40.90524115960276
47.3653253809462
50.650918757059635
