1.5
15.0
6.5
4.0
3.0
17.5
1.247219128924647
20.0
7.5
5.5
2.8284271247461903
6.5
9.104333522498443
3.5
5.0
12.0
12.970050972229147
14.5
0.5
6.5
7.118052168020874
0.0
19.5
6.5
5.734883511361751
10.5
6.0
8.339997335464536
5.5
10.5
3.0
9.0
5.0
9.0
2.5
7.5
3.5
10.0
10.0
2.5
2.0
2.0
2.5
2.0
0.5
8.524474568362947
2.3570226039551585
6.018490028422596
5.5
3.5
7.5
2.943920288775949
2.5
3.0
1.0
10.402991022884823
7.0
2.0
4.183300132670378
2.0
7.788880963698615
5.0
9.428090415820634
0.0
2.0
0.5
3.0
4.0
6.377042156569663
16.0
8.339997335464535
23.0
11.5
0.5
3.0
0.816496580927726
3.0
8.0
14.98888477061141
8.0
14.0
0.4330127018922193
1.5
1.0
6.018490028422596
3.5
12.5
0.5
6.5
1.5
18.0
3.559026084010437
3.2998316455372216
9.0
1.0
2.943920288775949
6.128258770283412
3.0
2.8284271247461903
1.0
5.0
19.949937343260004
6.5
2.5
1.5
7.5
5.0
5.5
2.0
4.0
4.4969125210773475
6.683312551921141
2.5
5.0
3.0
0.5
8.5
11.0
1.5
19.0
3.5
10.5
3.5
2.5
8.0
2.0
14.42990721460891
1.5
5.5
6.97614984548545
