1.5
5.5
4.5
1.5
11.5
14.5
8.5
2.0
2.5
11.343133018115703
2.0
6.0
7.0
8.0
13.5
5.0
1.0
2.5
12.0
6.0
4.189935029992179
9.0
10.274023338281626
6.0
8.0
9.5
4.5
13.0
8.0
0.5
10.274023338281626
0.5
1.0
2.0548046676563256
16.0
5.0
1.247219128924647
0.0
6.683312551921141
8.0
2.5
15.369522511198003
8.013876853447538
12.36482466066094
9.0
7.5
6.5
9.0
4.0
0.0
12.0
3.5
4.5
1.0
4.06201920231798
2.5
1.247219128924647
0.5
0.0
4.5
9.273618495495704
2.8284271247461903
9.5
14.5
3.0
9.5
12.5
8.5
0.0
2.5
14.5
4.109609335312651
11.5
4.0
5.715476066494082
5.0
12.5
14.5
2.5
2.0
2.160246899469287
11.0
14.5
5.5
8.5
12.0
1.5
3.0
0.5
7.5
6.0
15.58489297008128
3.0
4.0
7.0
12.0
3.7712361663282534
8.48528137423857
1.5
11.5
7.760297817881877
1.0
1.5
13.0
4.0
10.143416036468626
7.874007874011811
4.0
0.5
1.0
0.0
7.0
2.8284271247461903
