1.0
9.0
14.38363267359428
7.0
3.5
1.5
5.5
13.5
9.5
7.5
15.5
15.5
21.0
5.5
14.5
4.0
9.0
7.0
1.5
14.5
14.0
15.5
10.0
5.0
0.0
13.0
1.5
2.5
3.5
0.0
2.5
10.5
0.5
11.5
8.0
13.5
10.5
12.256517540566826
10.5
3.39934634239519
6.5
2.0
9.0
3.0
6.2599920127744575
10.5
3.5
15.57776192739723
0.5
0.9428090415820634
1.0
0.5
5.0990195135927845
8.339997335464535
1.5
1.5
11.5
6.5
2.0
0.5
6.847546194724712
3.5
9.672412085697939
9.5
4.0
8.0
2.5
10.0
1.5
9.93310961716756
2.598076211353316
14.0
3.0
3.0
1.0
10.0
2.5
14.0
5.5
20.0
17.0
2.0
0.0
5.312459150169743
1.5
3.5
4.0
4.0276819911981905
4.0
21.5
11.5
5.5
5.0
17.0
13.5
18.0
1.0
2.494438257849294
16.0
4.5
12.5
3.0912061651652345
18.0
1.0
8.5
9.0
7.0
1.699673171197595
9.5
4.5
2.5
0.9428090415820634
16.418147141366337
11.0
6.5
2.5
10.0
3.0
8.0
7.5
6.5
1.5
16.5
16.0
1.0
3.5
1.0
4.0
