31.327419335401157
38.84458502435424
53.27444370058504
87.47841003483215
58.877173845217804
102.09488272859262
93.00407536246175
77.6909743792675
134.81146159549934
87.63459770365493
80.60290007189568
73.20327184125354
113.81806104660264
126.5945037011755
98.99827067364299
76.59252721325689
156.6986090609379
104.00413152851189
133.40337327069358
163.69501877454192
144.66634729893588
175.68409815276397
156.1387088421445
172.76270030676167
198.26386958664725
182.61341178365103
194.2776249483083
203.35539497802034
255.90053406222765
176.9950909551511
147.81899995401417
415.07255055257775
255.6696926417701
431.9696812920504
334.6088901613345
225.6777446813142
227.01517570418062
249.07046947687738
362.56708191573165
205.87763355935485
338.7834444334939
403.15423020642277
390.0524537375283
327.7474334991645
199.50249645994407
329.3620490812504
339.65826116112646
428.29214328539814
82.76647872176271
80.88717064528836
90.9915137612269
63.62965864561335
82.71231770419688
91.31846048028731
103.15428035498844
170.52423744311412
183.10749726746732
123.7607378032575
106.11647319032488
161.67130233903606
83.68902739179805
213.71744881734412
165.1437376397684
170.45428953225144
148.06353366038513
115.39454059876489
178.24956287931442
246.20066090914287
180.27103223127222
144.45592859458017
164.4995913537646
