25.38042956661982
114.05809923017304
85.57534042520011
110.99115285048775
121.92180895967711
102.10302395130128
80.12225311227203
139.41412259113017
72.76776415419125
115.13605746418045
137.72480202835652
208.42469663326048
88.15204037469708
135.03892944397168
199.2811201387377
243.19281045202703
190.04480351682864
243.6570208339027
168.91764132314012
158.61508785027357
200.19471388972227
168.06980692557482
196.29497078518224
249.52826326223382
269.03949524186964
309.32416653084186
351.69011572689953
284.9469519614112
310.0054182994226
334.33589366970216
192.90785365038928
380.3140485312159
332.7614353249279
262.737353009934
270.2062704147122
244.72535626697942
219.14330238966585
188.13052206734912
257.4491389995267
249.9309987421156
339.30607034799715
341.31119719888085
271.6868601901829
229.4327839340969
269.4954545071215
203.20061465438135
225.740470452243
233.1584783640901
245.31726800914586
299.8361692575826
213.28363678965675
269.00094084006383
195.69106197150953
471.4441642442931
371.0047031991891
371.32708286514173
269.49664190857743
408.1122794686055
360.7241848005204
85.65863086500197
105.45600437211476
82.39077618277425
189.33659693460086
148.42194131717812
228.14673640736862
220.74636844957033
143.37749873274097
233.7791655063643
185.3229866341464
158.5297728784372
174.36616241045738
171.6266296353803
149.90504491627186
228.3500450088757
248.6843576146723
187.40624480447812
277.5408539653842
278.20646920259213
326.6184062990531
321.5531751428439
