38.19744733223625
76.95329698820818
60.51855349707007
57.14562450441853
102.92194263611836
73.98345099012457
103.93959784413252
115.41729655363619
139.9877137465999
104.82611400645243
113.49406369643775
188.21033151474145
97.2066151712827
128.82197247254047
130.44126444261323
158.7550734097444
117.19082254549154
154.84119463358437
214.94308691429202
151.1816567356415
240.48428505418954
144.17423203774476
177.80712865349352
137.87374496318364
163.95332835154957
199.92729545859353
246.87684685849524
214.66191330606708
243.34524799597432
222.90571701436
222.206926911262
246.7075090898579
297.32714658901466
191.81655258019313
304.9832215583322
235.54732690029948
179.5272309892476
339.4340939449533
289.600138121514
258.1811783095997
346.8374579283821
371.3478616809312
264.9376530431263
448.8358274469631
207.45123891875318
200.46000353624532
358.24622730044206
317.89446187200065
335.55924961174895
455.53395866828635
297.7997089767998
342.2518946258735
372.50810154181306
432.0191610976943
371.5244776592789
440.6694717510317
384.0515011760214
475.4850155367675
479.0362825507061
510.03176371673163
525.5551826402248
14.5
416.80797603799385
406.1550401837538
99.78655891812396
94.66668219778532
130.3841330862955
100.43560125772136
96.97497269254434
106.0453111867345
125.85010582017046
124.11612506036434
151.0595193791564
164.14420790163243
201.09031207262936
137.40531814048245
238.15074114981059
201.44094440215636
160.10928884671245
160.48233957317203
210.63389815804678
198.55527078260994
201.27679185334685
145.49807473191018
200.36119727881444
189.72167113959333
