29.41620334765487
63.6805513483311
63.47013155808014
55.04718718186389
40.91491918903052
52.51739129934853
88.43467669145679
76.52553184913769
73.84334309516804
71.49358945621162
113.3211077839771
106.43424934252401
108.91624075407672
79.65622118458296
100.34186563942292
97.24210868153273
112.87277340341446
82.3064244151087
75.46482624375412
77.63560521585332
83.08104402656005
61.8921410125193
96.1436912906926
155.54911134965275
115.3862051172537
104.41131639669022
100.23519009476328
113.25890228749536
127.46109744132423
71.11873874022233
141.85330450856617
135.03801430013124
134.6868796711675
180.39736468051154
128.308085652269
224.64588833969114
200.1957326242164
185.99578918284683
176.90010474508918
134.98872426491909
129.1120057725155
180.17230981615847
172.0081868008922
111.69342962870387
147.17110223591226
136.91189606440565
149.50427715917994
78.45671798655754
89.62634036055802
68.18682210173263
73.51464033612625
88.16267688978076
83.97482733711084
126.98348536544252
119.42781694482913
94.6919244372677
137.67428657404935
107.45785365164653
100.7285547178018
79.65862736439944
88.94048556365752
74.56371436563498
93.40585495359586
78.67246278961963
100.68690732059022
71.86700066441519
127.56825976571908
138.5495032244793
114.42649535621622
126.54493027048784
88.98827728869512
115.03837181401421
118.77517944669735
