0.10084541062801933
0.5585748792270532
0.6678743961352657
0.6376811594202898
0.6310386473429952
0.6920289855072463
0.7022946859903382
0.7288647342995169
0.6020531400966184
0.6551932367149759
0.6841787439613527
0.6594202898550725
0.7155797101449275
0.6859903381642513
0.6739130434782609
0.7028985507246377
0.6594202898550725
0.7216183574879227
0.7143719806763285
0.7427536231884058
0.7578502415458938
0.7705314009661836
0.6998792270531401
0.6769323671497585
0.7433574879227053
0.7964975845410628
0.7427536231884058
0.7475845410628019
0.7952898550724637
0.7222222222222222
0.714975845410628
0.6932367149758454
0.7663043478260869
0.6793478260869565
0.7210144927536232
0.767512077294686
0.6950483091787439
0.731280193236715
0.7228260869565217
0.6763285024154589
0.657608695652174
0.7530193236714976
0.7131642512077294
0.7179951690821256
0.6853864734299517
0.6678743961352657
0.5827294685990339
0.6853864734299517
0.6751207729468599
0.7216183574879227
0.7421497584541062
0.748792270531401
0.7916666666666666
0.7282608695652174
0.7379227053140096
0.7469806763285024
0.7608695652173914
0.7723429951690821
0.7958937198067633
0.7638888888888888
0.768719806763285
