0.08454106280193237
0.589975845410628
0.519927536231884
0.6479468599033816
0.6334541062801933
0.6739130434782609
0.6648550724637681
0.6884057971014492
0.7119565217391305
0.6129227053140096
0.678743961352657
0.6479468599033816
0.7131642512077294
0.6557971014492754
0.6654589371980676
0.6793478260869565
0.7626811594202898
0.6986714975845411
0.7089371980676329
0.6793478260869565
0.7276570048309179
0.7083333333333334
0.6557971014492754
0.6859903381642513
0.7288647342995169
0.7179951690821256
0.7294685990338164
0.7185990338164251
0.7028985507246377
0.711352657004831
0.769927536231884
0.7101449275362319
0.7777777777777778
0.7650966183574879
0.7554347826086957
0.732487922705314
0.7554347826086957
0.7089371980676329
0.7584541062801933
0.6902173913043478
0.6533816425120773
0.7463768115942029
0.7125603864734299
0.6672705314009661
0.657608695652174
0.7330917874396136
0.6805555555555556
0.7258454106280193
0.7010869565217391
0.6944444444444444
0.7222222222222222
0.6207729468599034
0.7059178743961353
0.7952898550724637
0.716183574879227
0.7276570048309179
0.7596618357487923
0.7059178743961353
