0.028985507246376812
0.5048309178743962
0.6135265700483091
0.657608695652174
0.6751207729468599
0.6624396135265701
0.6920289855072463
0.6878019323671497
0.678743961352657
0.663647342995169
0.7167874396135265
0.6624396135265701
0.7143719806763285
0.7439613526570048
0.7409420289855072
0.6570048309178744
0.643719806763285
0.7083333333333334
0.6914251207729468
0.7282608695652174
0.7518115942028986
0.8170289855072463
0.7723429951690821
0.7928743961352657
0.7336956521739131
0.7258454106280193
0.6696859903381642
0.7083333333333334
0.6745169082125604
0.7035024154589372
0.7342995169082126
0.7367149758454107
0.767512077294686
0.7294685990338164
0.6938405797101449
0.6865942028985508
0.7022946859903382
0.6165458937198067
0.730072463768116
0.6678743961352657
0.6956521739130435
0.6727053140096618
0.6443236714975845
0.678743961352657
0.6823671497584541
0.7288647342995169
0.7107487922705314
0.6739130434782609
0.7167874396135265
0.7222222222222222
0.7185990338164251
0.6485507246376812
0.6219806763285024
0.6497584541062802
0.6497584541062802
0.6171497584541062
0.7179951690821256
0.7204106280193237
0.658816425120773
0.7125603864734299
0.7022946859903382
0.7101449275362319
