0.04710144927536232
0.5942028985507246
0.6177536231884058
0.6521739130434783
0.6225845410628019
0.6684782608695652
0.697463768115942
0.7240338164251208
0.6980676328502415
0.6268115942028986
0.6485507246376812
0.7119565217391305
0.6727053140096618
0.6859903381642513
0.6606280193236715
0.748792270531401
0.7234299516908212
0.7101449275362319
0.6884057971014492
0.7451690821256038
0.6135265700483091
0.6811594202898551
0.7035024154589372
0.6853864734299517
0.6533816425120773
0.6920289855072463
0.6135265700483091
0.7264492753623188
0.660024154589372
0.6376811594202898
0.6195652173913043
0.6938405797101449
0.6521739130434783
0.6793478260869565
0.6968599033816425
0.6696859903381642
0.7554347826086957
0.6805555555555556
0.696256038647343
0.7095410628019324
0.7342995169082126
0.767512077294686
0.7729468599033816
0.7548309178743962
0.7415458937198067
0.782608695652174
0.7185990338164251
0.7542270531400966
0.732487922705314
0.7294685990338164
0.7620772946859904
0.8091787439613527
0.7119565217391305
0.6956521739130435
0.7632850241545893
0.7560386473429952
0.7663043478260869
0.7584541062801933
0.7385265700483091
0.7524154589371981
0.7342995169082126
0.7379227053140096
0.6992753623188406
0.7294685990338164
0.7192028985507246
0.7234299516908212
0.7258454106280193
0.7004830917874396
0.7795893719806763
0.7493961352657005
