0.0
36.36769686136311
63.452376485303155
56.52822303946941
72.38333329417422
35.95983001906433
27.49186187103017
23.405982141324472
30.125587469926014
39.612357779976804
36.670833096617805
39.57409980024814
60.805920764346624
54.32131768979426
70.60217182684019
55.55077757231567
87.65934063178892
93.91400321570794
43.083494519363214
85.30322385467035
97.24310886752964
116.53611743432448
114.40143137216423
76.95164426804378
66.81496838284068
73.62173592085425
7.5
112.63769351331729
90.28399636701955
109.91672984582465
123.45309500643013
96.19251530134764
105.78604586617273
83.74216381250248
89.1174318899881
95.48560100873848
17.5
9.0
140.11602335207775
70.99452248041551
28.0
107.34471989291737
110.6104274770994
133.9129070204462
119.56123489195355
71.21895034953049
46.67779264843842
36.82723038675572
64.66000824827249
101.12764211628786
73.61763073853677
80.46713614886514
34.8811392811505
47.07234385024348
41.1048582895015
41.79096044601033
81.4406737038277
37.751064318014365
76.76016186134311
84.38898032326259
82.82243389055623
91.07271819815197
106.36519898705382
53.5
68.65994101366532
102.80955965062566
13.0
92.70214398815165
83.83949680484608
107.20820864094317
47.282477230589606
45.552167895721496
79.09386828319879
91.10262070873702
41.198179571432526
23.85765076448224
69.48208402171024
57.52444023621435
81.21174138494698
59.198041887086994
84.06093028274194
93.86589133202516
89.83627082395816
85.89463830117039
49.32207078648124
108.09736352011552
91.08889888455124
78.9554252960078
82.66309636107276
94.39643796245704
107.67398710923636
73.992492111625
102.54637975082301
100.87695475181633
92.00645357799637
36.37908052713812
79.15705906613762
100.05623418858018
90.5771617032805
51.01633725255731
72.5
51.41794974087897
95.660278532361
50.64521201456264
58.619840619757014
72.49521056977181
79.89593231197695
97.008453239911
94.71635286475087
107.36955910416239
112.84364182354273
89.1506406858295
97.04143444941444
98.18477478713285
44.0
85.55407646629119
115.58835004734112
124.25332546410534
62.458306092944916
113.0260540268875
