5.196152422706632
18.116904322268255
47.56295170613363
31.015480005958317
78.31506879266595
43.458133588547035
77.85832240259829
76.36462240825627
67.13026308768812
47.00590979393501
86.38576271585498
73.79151373972483
115.52904396730719
123.25456381002692
96.87879024843363
97.22939656068814
64.01215162416864
62.69680126520721
83.63545234461813
19.0
134.53809869326977
105.93394168065305
97.07213812418061
92.48885067941973
80.87936833471328
90.3142661303665
83.81026190151181
119.30446578211377
112.97427804593397
127.48406763199863
32.5
115.21354087085423
61.851434906556534
82.41747387538639
87.21605356813618
59.162826166436645
49.193336693092895
119.64609270678253
68.4561173307397
91.32666642333989
117.92472175078473
75.41511784781616
116.6685714130226
89.85914904263598
91.07277309931877
90.74506414492562
83.55537086268004
82.13944782434861
83.51197518919068
102.73874634236103
103.88532138853881
66.18723441873063
105.54738272453751
98.26494797230598
95.45941546018392
74.65279633074705
74.66294633588709
77.37947617639533
56.729377065346156
66.01817931448882
78.73174391565324
78.06561342870496
62.76294687154197
124.11553757151707
90.40034414880412
68.47013947700121
114.38628511417889
119.67827241771536
105.83740149661439
121.04085627955914
111.43109480252309
13.5
120.53500528892012
13.5
118.32441280930435
120.0777525883403
109.1833320612629
132.03366574055605
31.5
118.2357285256872
89.46787132820363
112.21046074230334
56.8626415144425
114.62629497632732
111.7566801383951
103.0970416646375
62.37699005954751
83.0033466527438
101.05364911768402
71.58692268843521
83.45191562943431
58.619492474425115
50.3843560376962
70.95270054258481
48.5
0.0
93.64590517238625
76.6771657998784
43.859862060886606
50.19102398725184
61.73544610774631
77.24959546819646
108.9848039866109
42.306093598387875
78.30044699744697
75.85182924623506
56.33258382144387
44.42466680131842
34.993293818171765
61.4055372096035
46.97488690779361
85.89055535971345
95.91454529944872
98.98484732523458
79.12450631757521
66.14294285023074
46.32317707901605
10.0
65.80348596717425
87.79977220927171
