9.891410415102591
33.24130525415631
53.4063666616631
55.89697865021169
79.06045506797666
58.75585077249754
44.2175021908746
70.6784266944306
61.39059826679942
57.015211785978664
66.88152875711566
68.98168033776955
75.12448003147843
105.28532661297109
84.0880490914137
108.2804999372771
92.73882571996675
104.40412933510927
115.94260433507607
97.26038933365079
1.0
110.99369351454163
81.3403343981324
99.24636013476767
1.5
31.030450993965413
48.32701108076104
92.33980723393351
42.12679274127888
50.67105244175964
118.18708685808276
106.90036248769225
68.4816353119579
100.1523838957416
114.47816385669366
80.0764940413801
130.331068820907
51.72099891141955
61.48351179155451
60.034343912294005
94.27515874054818
67.1284915293052
80.05648006251586
122.32410841694289
84.62597447329959
54.81021802547404
94.22711923857165
30.0
126.37598224697955
78.68570391119341
119.7400830966807
80.61116547972743
99.41146815131542
106.88124250774783
103.48410505966604
96.95875411740809
86.48807721298931
90.75363476038974
118.81481389119791
97.16423667630436
110.9264959331178
127.05117079350352
98.93207546370164
79.09892540357296
115.23752643995792
104.80458005259122
83.23460818673925
69.30067339740165
50.041857479514086
36.13285670042342
59.30800957712204
57.758116312774604
52.16848685181662
107.0992530319423
70.95225311589635
69.2629771234243
103.93959784413252
69.66985638630877
86.06834493587058
109.62435860701763
82.511951996194
50.89361453070513
76.94309585661341
98.54028364075273
68.89528285739162
67.70110781959184
54.609408530032624
78.48920661820678
117.26039399558574
94.70773756961759
127.1954696520281
88.26655298016344
30.177599308096063
73.32230220062652
72.82036497818144
51.396065564939455
75.5242899162047
63.44223094017633
55.003030219555484
63.04351175973623
50.86993218002163
99.39441634216682
82.34008069518082
83.33599995733469
58.1504275325833
81.29268109737801
