8.18535277187245
17.638342073763937
51.05770156292671
78.46460270434702
40.721615881494685
78.74007874011811
81.85467304925236
99.47487119871028
100.05776109605668
118.06307165616558
68.48357467305573
102.03267450511461
42.96510211788167
66.77012805139735
81.11856891133017
73.75786210447143
72.58464446592612
101.84576574408972
78.99215150886828
126.48394166849798
8.0
82.75602697084969
102.63254844346407
87.10083556175312
113.72774507568502
108.35755626627983
110.53003613900111
115.26491226735047
16.0
18.5
105.41650724625627
104.06515053347857
92.37185718604991
94.22078091140806
5.5
75.02147840600198
123.07540597355573
121.01756070917972
119.85199205686988
142.37587186348986
132.261814217105
134.9106700335036
26.0
10.0
60.11655346075655
22.0
11.0
24.0
102.19915198604471
107.16663426645441
82.42087114317586
106.01362595859501
56.49778756730214
91.17321731493058
118.80104166209992
69.39875719348294
97.55607361922681
107.55773643335316
114.6937952404866
109.8453458276681
110.88817565457555
79.854163949039
29.5
85.64862812678321
100.25561081555486
135.2368293032634
142.64719493289107
18.0
102.90165207614501
103.14068062602651
106.4292605442695
49.721725633771
70.51950084905593
79.85729459479579
85.48208876717976
106.11432514038809
101.54254718534929
8.0
38.58108344772085
66.5161634491948
55.637966653476234
47.78535340457367
67.03060525473663
46.2839505836813
103.77620151075101
94.63731939474101
41.299969733645085
61.304542356829046
98.3959348753799
102.03450396802054
72.11490830611933
75.88075440379392
118.68820029341119
105.86293024472731
89.27983472704734
94.92453142716411
116.282791074174
114.35714037853323
74.86580587216629
74.73211417382015
75.21690856006602
83.0575703954793
5.0
97.44068708706851
72.03254472806024
97.33030103724123
69.70968368885345
35.47808076652447
47.21022723473755
88.74097137174012
101.6728085576473
55.924511803038236
99.79823395231
104.01201853632108
