0.0
0.0
0.0
0.003703703703703704
0.0
0.0
0.0
0.0
0.0
0.0
0.0
0.0
0.0
0.0
0.0
0.0
0.0
0.0
0.0
0.0
0.0
0.0
0.0
0.0
0.0
0.0
0.0
0.003703703703703704
0.0
0.0
0.0
0.0
0.003703703703703704
0.0
0.0
0.0
0.0
0.0
0.0
0.003703703703703704
0.0
0.0
0.0
0.0
0.0
0.0
0.0
0.007407407407407408
0.0
0.0
0.040740740740740744
0.0
0.0
0.0
0.0
0.0
0.011111111111111112
0.0
0.0
0.003703703703703704
0.0
0.0
0.0
0.0
0.0
0.0
0.0
0.0
0.0
0.003703703703703704
0.0
0.0
0.003703703703703704
0.0
0.0
0.0
0.0
0.0
0.0
0.0
0.0
0.0
0.0
0.0
0.0
0.0
0.003703703703703704
0.0
0.0
0.0
0.0
0.0
0.0
0.0
0.0
0.0
0.0
0.0
0.0
0.0
0.0
0.0
0.0
0.0
0.0
0.0
0.0
0.0
0.0
0.0
0.0
0.0
0.0
0.0
0.0
0.0
0.0
0.0
0.0
0.0
0.0
0.0
0.0
0.0
0.003703703703703704
0.0
0.0
0.0
0.0
0.0
0.0
0.0
0.0
0.0
0.0
0.0
0.003703703703703704
0.0
0.0
0.0
0.0
0.007407407407407408
0.003703703703703704
0.0
0.0
0.0
0.0
0.0
0.0
0.0
0.0
