0.016908212560386472
0.0024154589371980675
0.0
0.0
0.004830917874396135
0.0024154589371980675
0.0024154589371980675
0.0
0.0
0.0
0.0024154589371980675
0.0
0.0
0.0
0.014492753623188406
0.0
0.004830917874396135
0.0
0.0
0.014492753623188406
0.004830917874396135
0.0
0.0
0.0
0.0
0.0
0.004830917874396135
0.004830917874396135
0.004830917874396135
0.0
0.014492753623188406
0.0
0.0
0.004830917874396135
0.0
0.0
0.00966183574879227
0.0
0.0024154589371980675
0.0
0.0
0.0024154589371980675
0.0024154589371980675
0.0
0.0
0.007246376811594203
0.004830917874396135
0.0024154589371980675
0.004830917874396135
0.0
0.0024154589371980675
0.0024154589371980675
0.0
0.0
0.0024154589371980675
0.0
0.0
0.0
0.0024154589371980675
0.0024154589371980675
0.0
0.0
0.00966183574879227
0.0024154589371980675
0.004830917874396135
0.004830917874396135
0.00966183574879227
0.0
0.0024154589371980675
0.012077294685990338
0.004830917874396135
0.0
0.0
0.0
0.0
0.0
0.00966183574879227
0.0
0.0
0.0
0.004830917874396135
0.0024154589371980675
0.0
0.0
0.0
0.0024154589371980675
0.0
0.0
0.0
0.0
0.0
0.0024154589371980675
0.0024154589371980675
0.0
0.0
0.00966183574879227
0.0024154589371980675
0.00966183574879227
0.0024154589371980675
0.0
0.007246376811594203
0.0
0.0
0.0
0.0024154589371980675
0.004830917874396135
0.0024154589371980675
0.0
0.007246376811594203
0.0
0.0
0.0
0.0024154589371980675
0.004830917874396135
0.0
0.0
0.0
0.0024154589371980675
0.004830917874396135
0.004830917874396135
0.0
0.0
0.0
0.0
0.0
0.0
0.0
0.004830917874396135
0.0
0.0
0.0
0.0
0.012077294685990338
0.007246376811594203
0.0024154589371980675
0.004830917874396135
0.0024154589371980675
0.007246376811594203
0.0
0.0
0.007246376811594203
0.0
0.0
0.00966183574879227
0.0
0.0024154589371980675
0.0024154589371980675
0.0
0.0
0.0
0.0
0.0
0.0024154589371980675
0.007246376811594203
0.0024154589371980675
0.0024154589371980675
0.0024154589371980675
0.0024154589371980675
0.0024154589371980675
0.014492753623188406
0.0
0.0
0.0
0.0
0.0
0.0024154589371980675
0.0024154589371980675
