0.038425925925925926
0.4027777777777778
0.47638888888888886
0.5337962962962963
0.538425925925926
0.4759259259259259
0.47453703703703703
0.6129629629629629
0.5361111111111111
0.5532407407407407
0.5699074074074074
0.5555555555555556
0.5069444444444444
0.537962962962963
0.5944444444444444
0.5310185185185186
0.5208333333333334
0.6101851851851852
0.5731481481481482
0.6037037037037037
0.5740740740740741
0.5375
0.5921296296296297
0.5143518518518518
0.5083333333333333
0.5203703703703704
0.5888888888888889
0.5731481481481482
0.5787037037037037
0.5958333333333333
0.612037037037037
0.49074074074074076
0.5796296296296296
0.5152777777777777
0.5449074074074074
0.5425925925925926
0.562037037037037
0.5648148148148148
0.575
0.5907407407407408
0.5467592592592593
0.5273148148148148
0.5388888888888889
0.5398148148148149
0.5125
