0.0
0.3453703703703704
0.37175925925925923
0.4986111111111111
0.44907407407407407
0.5175925925925926
0.4078703703703704
0.5
0.5717592592592593
0.5564814814814815
0.4828703703703704
0.5648148148148148
0.4675925925925926
0.5550925925925926
0.5425925925925926
0.4898148148148148
0.5666666666666667
0.6101851851851852
0.575925925925926
0.6106481481481482
0.5657407407407408
0.6611111111111111
0.5800925925925926
0.6092592592592593
0.6467592592592593
0.575
0.6412037037037037
0.6083333333333333
0.6083333333333333
0.5143518518518518
0.5037037037037037
0.586574074074074
0.5439814814814815
0.637962962962963
0.5833333333333334
0.5805555555555556
0.5768518518518518
0.5726851851851852
0.6111111111111112
0.6425925925925926
0.662962962962963
0.6226851851851852
0.5722222222222222
0.6157407407407407
0.6333333333333333
0.6143518518518518
