0.0125
0.39675925925925926
0.4023148148148148
0.4837962962962963
0.5254629629629629
0.4740740740740741
0.5967592592592592
0.4949074074074074
0.5203703703703704
0.5212962962962963
0.5611111111111111
0.5662037037037037
0.4439814814814815
0.48518518518518516
0.5504629629629629
0.5208333333333334
0.5254629629629629
0.4634259259259259
0.5226851851851851
0.49583333333333335
0.5300925925925926
0.611574074074074
0.5398148148148149
0.5680555555555555
0.6263888888888889
0.6388888888888888
0.5717592592592593
0.6023148148148149
0.5472222222222223
0.5356481481481481
0.46574074074074073
0.5314814814814814
0.562962962962963
0.5861111111111111
0.4587962962962963
0.4393518518518518
0.5453703703703704
0.5277777777777778
0.5388888888888889
0.5856481481481481
0.5282407407407408
0.562962962962963
0.5939814814814814
0.5824074074074074
0.5782407407407407
0.6226851851851852
0.5763888888888888
