0.0412037037037037
0.375
0.45
0.5444444444444444
0.5222222222222223
0.5513888888888889
0.5467592592592593
0.5689814814814815
0.5625
0.5810185185185185
0.6148148148148148
0.5458333333333333
0.6097222222222223
0.5819444444444445
0.5976851851851852
0.6361111111111111
0.6537037037037037
0.5106481481481482
0.549074074074074
0.6282407407407408
0.5736111111111111
0.586574074074074
0.6018518518518519
0.6027777777777777
0.5564814814814815
0.5569444444444445
0.5962962962962963
0.5541666666666667
0.6083333333333333
0.662962962962963
0.6268518518518519
0.5976851851851852
0.5504629629629629
0.5476851851851852
0.6050925925925926
0.6212962962962963
0.6055555555555555
0.5666666666666667
0.562037037037037
0.5736111111111111
0.5412037037037037
0.5680555555555555
0.5703703703703704
0.5689814814814815
0.5467592592592593
0.575925925925926
0.5837962962962963
0.6287037037037037
0.5962962962962963
0.6324074074074074
0.6402777777777777
