0.17901234567901234
0.09876543209876543
0.0
0.10493827160493827
0.0
0.10493827160493827
0.0
0.0
0.0
0.0
0.0
0.0
0.0
0.11728395061728394
0.0
0.19753086419753085
0.07098765432098765
0.0
0.0
0.09567901234567901
0.16666666666666666
0.08950617283950617
0.07407407407407407
0.07098765432098765
0.08333333333333333
0.0
0.0
0.07098765432098765
0.07716049382716049
0.24691358024691357
0.0
0.0
0.12962962962962962
0.0
0.21296296296296297
0.13271604938271606
0.10185185185185185
0.12345679012345678
0.08333333333333333
0.07098765432098765
0.0
0.0
0.10802469135802469
0.08333333333333333
0.0
0.09876543209876543
0.0
0.12962962962962962
0.0
0.08024691358024691
0.0
0.07098765432098765
0.12037037037037036
0.0
0.0
0.0
0.0
0.0
0.07407407407407407
0.07098765432098765
0.19135802469135801
0.0
0.13271604938271606
0.0
0.0
0.0
0.08024691358024691
0.23765432098765432
0.15432098765432098
0.07098765432098765
0.0
0.07098765432098765
0.0
0.09567901234567901
0.2932098765432099
0.1111111111111111
0.08024691358024691
0.08950617283950617
