0.08333333333333333
0.1419753086419753
0.07716049382716049
0.15123456790123457
0.0
0.0
0.10185185185185185
0.0
0.0
0.07098765432098765
0.0
0.09876543209876543
0.07098765432098765
0.07407407407407407
0.14506172839506173
0.0
0.07407407407407407
0.19753086419753085
0.07407407407407407
0.0
0.0
0.21604938271604937
0.0
0.0
0.0
0.15123456790123457
0.11419753086419752
0.2037037037037037
0.07098765432098765
0.14814814814814814
0.10185185185185185
0.0
0.10802469135802469
0.0
0.0
0.09876543209876543
0.07098765432098765
0.08024691358024691
0.0
0.07098765432098765
0.08950617283950617
0.0
0.0
0.17592592592592593
0.08024691358024691
0.08950617283950617
0.07407407407407407
0.11728395061728394
0.0
0.14506172839506173
0.10493827160493827
0.0
0.0
0.09876543209876543
0.0
0.07716049382716049
0.09876543209876543
0.07098765432098765
0.0
0.0
0.14814814814814814
0.07098765432098765
0.08333333333333333
0.0
0.0
0.08641975308641975
0.09567901234567901
0.0
0.0
0.07098765432098765
0.07098765432098765
0.2037037037037037
0.0
0.0
0.0
0.09876543209876543
0.13580246913580246
0.0
0.12654320987654322
0.07098765432098765
0.25
0.07098765432098765
0.10185185185185185
0.07098765432098765
0.0
0.0
0.13271604938271606
0.0
0.2191358024691358
0.0
0.0
0.0
0.10493827160493827
0.07098765432098765
0.14814814814814814
0.0
0.0
0.07407407407407407
0.07407407407407407
0.0
0.14506172839506173
0.1419753086419753
0.0
0.09876543209876543
0.0
0.12962962962962962
0.0
0.07098765432098765
0.07098765432098765
0.0
0.26851851851851855
0.07098765432098765
0.12654320987654322
0.16049382716049382
0.07716049382716049
0.14814814814814814
0.0
0.0
