0.19444444444444445
0.0
0.07716049382716049
0.14506172839506173
0.0
0.0
0.07407407407407407
0.20987654320987653
0.0
0.07098765432098765
0.0
0.08333333333333333
0.16358024691358025
0.13580246913580246
0.09259259259259259
0.0
0.07098765432098765
0.09876543209876543
0.0
0.1111111111111111
0.10493827160493827
0.10802469135802469
0.10802469135802469
0.0
0.07098765432098765
0.2006172839506173
0.10185185185185185
0.0
0.1111111111111111
0.0
0.0
0.0
0.07407407407407407
0.19135802469135801
0.12962962962962962
0.12654320987654322
0.0
0.0
0.0
0.24691358024691357
0.10185185185185185
0.0
0.12345679012345678
0.0
0.17901234567901234
0.07407407407407407
0.07098765432098765
0.11728395061728394
0.0
0.14814814814814814
0.07407407407407407
0.24382716049382716
0.0
0.1111111111111111
0.10185185185185185
0.12962962962962962
0.10493827160493827
0.0
0.08333333333333333
0.08950617283950617
0.1111111111111111
0.0
0.0
0.0
0.1574074074074074
0.0
0.0
0.12654320987654322
0.07098765432098765
0.07098765432098765
0.14506172839506173
0.07407407407407407
0.19753086419753085
0.0
0.07098765432098765
0.07098765432098765
0.1419753086419753
0.07407407407407407
0.09567901234567901
0.19753086419753085
0.20679012345679013
0.2716049382716049
0.0
0.0
0.15123456790123457
0.21296296296296297
0.0
0.0
0.07098765432098765
0.0
0.07098765432098765
0.0
0.09876543209876543
0.0
0.0
0.0
0.0
0.0
0.0
0.0
0.07098765432098765
0.1882716049382716
0.09567901234567901
0.07407407407407407
0.0
0.0
0.07407407407407407
0.08950617283950617
0.0
0.0
0.0
0.0
0.0
0.0
0.10802469135802469
0.08641975308641975
0.0
0.0
0.07098765432098765
0.15123456790123457
0.07407407407407407
0.21604938271604937
0.07098765432098765
