0.15123456790123457
0.0
0.17592592592592593
0.11728395061728394
0.1419753086419753
0.0
0.0
0.09259259259259259
0.10802469135802469
0.14506172839506173
0.0
0.10493827160493827
0.07098765432098765
0.0
0.0
0.0
0.0
0.0
0.07098765432098765
0.11728395061728394
0.07098765432098765
0.0
0.10493827160493827
0.10802469135802469
0.07407407407407407
0.0
0.07098765432098765
0.08024691358024691
0.0
0.0
0.0
0.0
0.08024691358024691
0.0
0.1111111111111111
0.0
0.0
0.0
0.0
0.09259259259259259
0.0
0.07407407407407407
0.07716049382716049
0.07407407407407407
0.07407407407407407
0.0
0.16666666666666666
0.0
0.16358024691358025
0.0
0.10185185185185185
0.0
0.07098765432098765
0.09259259259259259
0.07098765432098765
0.0
0.0
0.07098765432098765
