2.945259956781023
2.3151673805580453
1.6393596310755
0.8
1.5811388300841898
3.6
0.3726779962499649
2.0
1.5234788000891206
2.4944382578492945
3.5799897388976194
3.730504880933232
2.217355782608345
1.6000000000000003
3.344772040064913
1.3093073414159542
0.9797958971132712
0.8748897637790901
7.794228634059948
1.4907119849998596
1.224744871391589
2.117634293262177
2.1343747458109497
1.1547005383792515
3.5
2.560381915956203
1.0
0.5
0.9428090415820634
2.160246899469287
0.4898979485566356
0.0
0.0
3.7712361663282534
0.5
0.82915619758885
2.0548046676563256
1.8027756377319946
1.7320508075688772
1.5
1.7853571071357126
0.8944271909999159
0.9428090415820634
2.039607805437114
1.247219128924647
0.5
0.82915619758885
1.1661903789690604
1.118033988749895
0.0
1.0671873729054748
0.7284313590846835
0.9797958971132713
1.0671873729054748
0.9428090415820634
1.5723301886761005
2.8996833043120622
0.8
3.2015621187164243
3.3823069050575527
5.629165124598851
