3.847076812334269
1.4523687548277813
2.339032787321565
0.4330127018922193
0.4714045207910317
1.9595917942265426
0.0
1.5362291495737217
0.5
2.8284271247461903
0.4898979485566356
1.0
2.244994432064365
0.4714045207910317
0.0
1.118033988749895
0.82915619758885
0.33071891388307384
2.0603150145508513
5.851014869234225
0.8944271909999159
0.0
1.0540925533894596
0.45175395145262565
1.299038105676658
2.280350850198276
3.031088913245535
1.7496355305594131
2.8
0.8660254037844386
4.0276819911981905
2.0615528128088303
0.9428090415820634
2.034425935955617
3.2015621187164243
3.579106033634656
0.8314794192830981
4.017323597731316
0.4714045207910317
4.714045207910317
1.165922381636102
0.4714045207910317
2.277608394786075
0.7637626158259734
0.4948716593053935
