2.527625148017183
0.0
0.0
1.5491933384829668
1.049781318335648
1.1547005383792515
0.5
0.4330127018922193
0.6959705453537527
0.74535599249993
0.0
1.0954451150103321
1.920286436967152
0.4714045207910317
3.774917217635375
3.07967124868873
4.123105625617661
0.4898979485566356
0.74535599249993
1.9324531042175384
0.7637626158259734
2.060315014550851
0.5
0.4898979485566356
0.0
0.7483314773547883
2.341874249399399
1.299038105676658
0.0
1.8856180831641267
0.4898979485566356
0.0
1.1661903789690602
0.0
0.7071067811865476
0.3
1.0690449676496976
0.4714045207910317
1.0954451150103321
1.0
0.0
0.6871842709362768
0.4714045207910317
1.4624940645653537
1.4696938456699071
1.0
