0.0
0.06296296296296296
0.11481481481481481
0.10740740740740741
0.1925925925925926
0.15555555555555556
0.1962962962962963
0.23703703703703705
0.1
0.2111111111111111
0.18888888888888888
0.2
0.1962962962962963
0.15925925925925927
0.16296296296296298
0.11851851851851852
0.10740740740740741
0.08148148148148149
0.24074074074074073
0.1111111111111111
0.1925925925925926
0.0962962962962963
0.06666666666666667
0.12222222222222222
0.044444444444444446
0.18888888888888888
0.2037037037037037
0.1037037037037037
0.13703703703703704
0.14074074074074075
0.18518518518518517
0.037037037037037035
0.09259259259259259
0.08888888888888889
0.13333333333333333
0.13333333333333333
0.04814814814814815
0.05185185185185185
0.11851851851851852
0.08888888888888889
0.0962962962962963
0.17777777777777778
0.23703703703703705
0.22962962962962963
0.05925925925925926
0.014814814814814815
