0.0
0.044444444444444446
0.04814814814814815
0.1925925925925926
0.17777777777777778
0.21481481481481482
0.10740740740740741
0.1111111111111111
0.06296296296296296
0.14814814814814814
0.1
0.08518518518518518
0.03333333333333333
0.06296296296296296
0.07037037037037037
0.05185185185185185
0.025925925925925925
0.03333333333333333
0.037037037037037035
0.07407407407407407
0.09259259259259259
0.022222222222222223
0.08148148148148149
0.08148148148148149
0.2074074074074074
0.06296296296296296
0.12962962962962962
0.3
0.2814814814814815
0.26666666666666666
0.23333333333333334
0.2074074074074074
0.2222222222222222
0.13703703703703704
0.17407407407407408
0.17407407407407408
0.14444444444444443
0.10740740740740741
0.12962962962962962
0.12222222222222222
0.07777777777777778
0.11481481481481481
0.17407407407407408
0.1962962962962963
0.2111111111111111
0.17407407407407408
0.24074074074074073
0.13703703703703704
0.14814814814814814
0.11481481481481481
0.06296296296296296
0.10740740740740741
0.07777777777777778
0.044444444444444446
0.12222222222222222
0.14444444444444443
0.1037037037037037
0.17407407407407408
0.07407407407407407
0.06296296296296296
0.08518518518518518
0.1925925925925926
0.23703703703703705
