0.0
0.06666666666666667
0.037037037037037035
0.09259259259259259
0.18518518518518517
0.15185185185185185
0.2074074074074074
0.16666666666666666
0.1259259259259259
0.21481481481481482
0.21851851851851853
0.1111111111111111
0.06296296296296296
0.10740740740740741
0.16296296296296298
0.018518518518518517
0.2518518518518518
0.2740740740740741
0.15925925925925927
0.27037037037037037
0.1925925925925926
0.2074074074074074
0.2111111111111111
0.13333333333333333
0.2
0.07037037037037037
0.06666666666666667
0.15925925925925927
0.17407407407407408
0.23703703703703705
0.2222222222222222
0.1111111111111111
0.15185185185185185
0.18518518518518517
0.1814814814814815
0.1259259259259259
0.14814814814814814
0.16296296296296298
0.17037037037037037
0.15185185185185185
0.15925925925925927
0.12962962962962962
0.0962962962962963
0.12962962962962962
0.08148148148148149
0.1259259259259259
0.2851851851851852
0.24444444444444444
0.16666666666666666
0.1814814814814815
0.08888888888888889
0.17407407407407408
0.09259259259259259
0.07407407407407407
0.07777777777777778
0.044444444444444446
0.16666666666666666
0.05185185185185185
0.044444444444444446
0.08888888888888889
0.13703703703703704
0.21481481481481482
0.2111111111111111
0.1
0.18518518518518517
0.08888888888888889
0.03333333333333333
0.0962962962962963
0.044444444444444446
0.040740740740740744
0.07037037037037037
0.0962962962962963
0.14074074074074075
0.16666666666666666
