0.0
0.08518518518518518
0.10740740740740741
0.04814814814814815
0.05555555555555555
0.02962962962962963
0.06296296296296296
0.24074074074074073
0.1925925925925926
0.15555555555555556
0.10740740740740741
0.1037037037037037
0.14814814814814814
0.16296296296296298
0.18888888888888888
0.27037037037037037
0.22962962962962963
0.28888888888888886
0.22592592592592592
0.1814814814814815
0.2111111111111111
0.1259259259259259
0.21481481481481482
0.18518518518518517
0.14814814814814814
0.14074074074074075
0.07777777777777778
0.17407407407407408
0.1037037037037037
0.044444444444444446
0.07407407407407407
0.05925925925925926
0.16296296296296298
0.06666666666666667
0.06666666666666667
0.11481481481481481
0.13703703703703704
0.16666666666666666
0.1037037037037037
0.14074074074074075
0.11481481481481481
0.15555555555555556
0.14814814814814814
0.13703703703703704
0.13333333333333333
0.15555555555555556
0.08518518518518518
0.12962962962962962
0.07407407407407407
0.1037037037037037
0.07777777777777778
0.15925925925925927
0.07407407407407407
0.08888888888888889
0.07777777777777778
0.14444444444444443
0.22962962962962963
0.26666666666666666
0.2814814814814815
0.26296296296296295
0.2037037037037037
0.21481481481481482
0.1111111111111111
0.26296296296296295
0.15555555555555556
0.18888888888888888
0.2518518518518518
0.18518518518518517
0.14444444444444443
0.09259259259259259
0.09259259259259259
0.11851851851851852
0.15185185185185185
0.08888888888888889
