0.057971014492753624
0.5688405797101449
0.6316425120772947
0.7089371980676329
0.7753623188405797
0.6871980676328503
0.6896135265700483
0.6739130434782609
0.5591787439613527
0.4867149758454106
0.5797101449275363
0.6678743961352657
0.5664251207729468
0.6388888888888888
0.7246376811594203
0.6207729468599034
0.6594202898550725
0.7089371980676329
0.6835748792270532
0.6968599033816425
0.7995169082125604
0.7608695652173914
0.7596618357487923
0.8067632850241546
0.6727053140096618
0.7560386473429952
0.7717391304347826
0.717391304347826
0.6642512077294686
0.7379227053140096
0.8007246376811594
0.7246376811594203
0.8128019323671497
0.6690821256038647
0.7789855072463768
0.7391304347826086
0.711352657004831
0.7705314009661836
0.8019323671497585
0.5966183574879227
0.6618357487922706
0.7342995169082126
0.7028985507246377
0.7246376811594203
0.7041062801932367
0.6727053140096618
0.5797101449275363
0.6123188405797102
0.7427536231884058
0.7306763285024155
0.501207729468599
0.6413043478260869
0.6835748792270532
0.7379227053140096
0.6582125603864735
0.6920289855072463
0.7427536231884058
0.6763285024154589
0.6859903381642513
0.5748792270531401
0.6328502415458938
0.6980676328502415
0.6606280193236715
0.6485507246376812
0.6557971014492754
0.8176328502415459
0.7801932367149759
0.6702898550724637
0.8007246376811594
0.8091787439613527
0.6702898550724637
0.6594202898550725
0.6678743961352657
0.6147342995169082
0.7355072463768116
0.6702898550724637
0.6111111111111112
0.7041062801932367
0.6992753623188406
0.6497584541062802
0.6727053140096618
0.7234299516908212
0.714975845410628
0.6714975845410628
0.6521739130434783
0.7041062801932367
0.6847826086956522
0.7137681159420289
0.6992753623188406
0.607487922705314
0.7669082125603864
0.7946859903381642
0.7318840579710145
0.7379227053140096
0.6871980676328503
0.717391304347826
0.6908212560386473
0.7270531400966184
0.6135265700483091
0.7318840579710145
0.717391304347826
0.6678743961352657
0.6908212560386473
0.6835748792270532
0.7101449275362319
0.7125603864734299
0.6714975845410628
0.6739130434782609
0.7258454106280193
0.678743961352657
0.6920289855072463
0.717391304347826
0.6859903381642513
0.7463768115942029
0.6280193236714976
0.7536231884057971
0.6702898550724637
0.751207729468599
0.6980676328502415
0.6908212560386473
