0.13043478260869565
0.5
0.6920289855072463
0.7391304347826086
0.644927536231884
0.6847826086956522
0.678743961352657
0.7125603864734299
0.6582125603864735
0.6690821256038647
0.6908212560386473
0.7451690821256038
0.7898550724637681
0.7620772946859904
0.748792270531401
0.8091787439613527
0.7560386473429952
0.7234299516908212
0.7669082125603864
0.748792270531401
0.7922705314009661
0.7608695652173914
0.7463768115942029
0.6968599033816425
0.6461352657004831
0.7463768115942029
0.6413043478260869
0.7041062801932367
0.7016908212560387
0.7548309178743962
0.6920289855072463
0.7439613526570048
0.6944444444444444
0.6799516908212561
0.7210144927536232
0.6859903381642513
0.7789855072463768
0.7427536231884058
0.6920289855072463
0.7657004830917874
0.7101449275362319
0.6666666666666666
0.7451690821256038
0.6159420289855072
0.7222222222222222
0.6340579710144928
0.6714975845410628
0.6714975845410628
0.7028985507246377
0.7028985507246377
0.7198067632850241
0.6739130434782609
0.6932367149758454
0.6376811594202898
0.6328502415458938
0.7342995169082126
0.7632850241545893
0.7644927536231884
0.6497584541062802
0.6944444444444444
0.7741545893719807
0.7584541062801933
0.6606280193236715
0.7282608695652174
0.6545893719806763
0.7379227053140096
0.6980676328502415
0.711352657004831
0.7439613526570048
0.7185990338164251
0.714975845410628
0.6461352657004831
0.7403381642512077
0.711352657004831
0.7246376811594203
0.7355072463768116
0.7101449275362319
0.7922705314009661
0.7475845410628019
0.8200483091787439
0.748792270531401
0.7306763285024155
0.7560386473429952
0.7355072463768116
0.7693236714975845
0.7391304347826086
0.7657004830917874
0.751207729468599
0.7391304347826086
0.7705314009661836
0.6908212560386473
0.6714975845410628
0.6847826086956522
0.6594202898550725
0.6992753623188406
0.6473429951690821
0.6026570048309179
0.6980676328502415
0.6751207729468599
0.7234299516908212
0.7681159420289855
0.6570048309178744
0.6727053140096618
0.6219806763285024
0.6413043478260869
0.6859903381642513
0.6388888888888888
0.7342995169082126
0.6642512077294686
0.7222222222222222
0.5760869565217391
0.5881642512077294
0.6884057971014492
0.6376811594202898
0.6292270531400966
0.714975845410628
0.7198067632850241
0.6859903381642513
0.7053140096618358
0.6823671497584541
