0.19685990338164253
0.5471014492753623
0.6195652173913043
0.6606280193236715
0.6618357487922706
0.6630434782608695
0.7318840579710145
0.7222222222222222
0.7234299516908212
0.6992753623188406
0.643719806763285
0.6727053140096618
0.6195652173913043
0.7198067632850241
0.7004830917874396
0.7536231884057971
0.6992753623188406
0.5519323671497585
0.7258454106280193
0.7065217391304348
0.7125603864734299
0.7427536231884058
0.7028985507246377
0.6557971014492754
0.6654589371980676
0.6099033816425121
0.5410628019323671
0.642512077294686
0.7536231884057971
0.6642512077294686
0.7765700483091788
0.8297101449275363
0.75
0.6473429951690821
0.7077294685990339
0.6799516908212561
0.7451690821256038
0.6932367149758454
0.5966183574879227
0.717391304347826
0.6727053140096618
0.7306763285024155
0.6485507246376812
0.783816425120773
0.788647342995169
0.75
0.751207729468599
0.6932367149758454
0.7258454106280193
0.7330917874396136
0.8007246376811594
0.7294685990338164
0.6847826086956522
0.8152173913043478
0.7657004830917874
0.6376811594202898
0.7306763285024155
0.7004830917874396
0.8103864734299517
0.6835748792270532
0.7572463768115942
0.75
0.6497584541062802
0.716183574879227
0.7693236714975845
0.7246376811594203
0.7185990338164251
0.605072463768116
0.6509661835748792
0.5978260869565217
0.5833333333333334
0.644927536231884
0.6859903381642513
0.751207729468599
0.7125603864734299
0.7536231884057971
0.7028985507246377
0.7004830917874396
0.7137681159420289
0.6859903381642513
0.5929951690821256
0.6328502415458938
0.6256038647342995
0.7089371980676329
0.6388888888888888
0.5458937198067633
0.7125603864734299
0.7657004830917874
0.6859903381642513
0.5700483091787439
0.7427536231884058
0.8055555555555556
0.6364734299516909
0.6992753623188406
0.6751207729468599
0.7657004830917874
0.7294685990338164
0.6485507246376812
0.7463768115942029
0.8055555555555556
0.6859903381642513
0.6352657004830918
0.7294685990338164
0.6316425120772947
0.6871980676328503
0.6038647342995169
