0.1497584541062802
0.5760869565217391
0.6980676328502415
0.6666666666666666
0.642512077294686
0.6956521739130435
0.6847826086956522
0.7028985507246377
0.678743961352657
0.7777777777777778
0.7065217391304348
0.6123188405797102
0.6582125603864735
0.75
0.7330917874396136
0.6871980676328503
0.782608695652174
0.7415458937198067
0.717391304347826
0.7620772946859904
0.6908212560386473
0.6328502415458938
0.7101449275362319
0.7367149758454107
0.6956521739130435
0.7137681159420289
0.8164251207729468
0.8297101449275363
0.8115942028985508
0.8079710144927537
0.8188405797101449
0.8103864734299517
0.8164251207729468
0.788647342995169
0.7524154589371981
0.7524154589371981
0.7342995169082126
0.7898550724637681
0.782608695652174
0.8128019323671497
0.8297101449275363
0.785024154589372
0.7777777777777778
0.8236714975845411
0.7391304347826086
0.8067632850241546
0.7705314009661836
0.7801932367149759
0.7572463768115942
0.8321256038647343
0.8031400966183575
0.6944444444444444
0.7282608695652174
0.6908212560386473
0.7210144927536232
0.6823671497584541
0.7572463768115942
0.7101449275362319
0.6739130434782609
0.748792270531401
0.7210144927536232
0.6292270531400966
0.7210144927536232
0.7572463768115942
0.7862318840579711
0.8067632850241546
0.8236714975845411
0.7560386473429952
0.7608695652173914
0.7584541062801933
0.643719806763285
0.6811594202898551
0.7463768115942029
0.6413043478260869
0.7258454106280193
0.7463768115942029
0.6171497584541062
0.7198067632850241
0.6328502415458938
0.6642512077294686
0.605072463768116
0.7330917874396136
0.7137681159420289
0.7379227053140096
0.7198067632850241
0.7270531400966184
0.7222222222222222
0.7439613526570048
0.7681159420289855
0.7644927536231884
0.7318840579710145
0.7342995169082126
0.7041062801932367
0.7958937198067633
0.711352657004831
0.6739130434782609
0.7306763285024155
0.716183574879227
0.7584541062801933
0.6111111111111112
0.677536231884058
0.6231884057971014
0.6304347826086957
0.6678743961352657
0.5157004830917874
0.6606280193236715
0.5833333333333334
0.6219806763285024
0.5591787439613527
0.6932367149758454
0.6690821256038647
0.7536231884057971
0.6678743961352657
0.6521739130434783
