0.0
8.771402396424417
9.70426913817691
14.333178293735134
11.065147988165364
16.079800993793423
11.658032519350005
11.315899733421974
18.854871329168652
18.417043736713012
11.30388330520878
19.395875850293535
24.051702122718883
27.583509566405795
12.774486291041217
20.6212117733173
17.19990507804847
24.745369937289954
23.059921942625913
26.17913174220089
24.62121202606917
24.56567162163946
25.230052626888348
26.82361222578917
60.58052492344384
68.26785480736889
40.89303119114551
60.5045911940206
63.79529763234905
51.26862805090675
25.990082243040323
39.099232729044694
28.69808786162556
21.45693361130616
20.741361614721754
22.276318703951063
31.897296123652865
23.182698289888517
22.80042488639192
38.986653917378824
19.268729865180113
18.487232831816065
23.03945152408391
31.23032714099123
11.327885400829272
14.88733196584346
26.211447880649402
28.49274880901942
25.926579026165406
35.61235740582193
52.283840715846424
53.46669524105637
56.53041216902633
54.71745608121781
57.78311941119905
57.43402011583959
72.81922822991191
70.92425537148769
62.834977321552365
71.04927867332644
66.30401362076222
