0.0
4.618802153517006
4.841229182759271
12.046207333061767
11.983321743156194
13.355125420601635
11.645143837668988
21.561282171728305
16.00464808518383
19.338675626836498
10.507616285342742
8.967342033205595
12.216152217453743
7.979565739296538
11.060440015358038
14.549002350256018
18.07697041830108
12.426182036329584
17.83904159305308
25.1666445916018
21.333984365066197
26.011215529715894
17.083229633001995
25.78244315420864
19.018149226462597
21.536145327229647
17.53585392387568
29.1185317090146
29.06484873689807
50.30573194643595
46.90265850674138
48.94384537406108
44.89153595055531
39.95170695838777
39.04471533918985
31.752872278885004
42.51399769487692
65.82315322133998
39.32906698873089
34.441072863660914
56.476396249524754
75.32702038445434
62.89850731314872
59.316945302333295
54.852529567924215
26.411277052720408
36.561728624341605
40.87650778734515
32.122266420662164
29.63519694483544
43.785842460777204
28.696205711247302
46.667333328571495
36.63310490526295
44.16203929038733
37.70075514861088
41.82370407104352
29.181847900939722
