0.0
3.608439182435161
4.308362040390104
14.173527750312866
13.228756555322953
8.357032966310472
16.41003522843102
17.370952766040208
17.649362594722792
11.422975750652716
19.052148828937906
12.609192501393181
14.391227814767195
15.279797846248565
18.527007313648905
12.059523156635676
29.849361383453417
26.229754097208005
29.996296067644383
31.651804604064477
21.830152440043918
43.15250733026864
45.65621311408084
20.787240677877378
22.88673128989377
21.437350582569668
22.554187150608893
17.855251328390757
36.9417633248742
34.62206666275137
38.80206180088888
36.85825026021851
28.13741789351478
60.24748957425529
45.59848925372662
40.36618103596835
25.09898770216579
14.473575059397039
25.449429647592403
19.849433241279208
21.184084405486242
11.34063490286148
14.337050617479287
34.62176579359676
17.50685579994306
17.068888035707253
15.55503724436137
15.841006912440887
18.165472055523356
22.36626924634504
13.690781570093067
23.14462074408987
28.94408402420087
20.63395260244629
22.594924479734335
27.438820836342234
18.113789636627672
17.617019469819517
23.954331549847094
26.51607136844232
15.371727293964073
34.99365021765457
