0.0
6.141195788629908
8.245263792020241
7.968061244744545
7.986099033807293
8.72066511224918
17.705114356596663
19.985244556922492
11.77115117564973
9.65836169426699
18.797855595785386
19.518821045339802
23.208129695230017
30.109061020821546
21.40570208221756
15.755633912984905
17.698428602562434
14.895972610071489
26.537709019431198
7.570575240195135
3.9293765408777
26.476404589747453
17.751320373425745
22.639417171750317
18.054339746262375
25.229558304593798
16.212938506020432
18.49390957472283
17.315888657530692
18.88562063228706
17.489326551067553
16.71489620374715
16.792855623746664
21.215531231437474
14.885571769790378
23.389339975505848
14.31258187749506
31.647290885764036
31.367003186292578
39.4998734175187
32.03123475609393
37.98764568237674
16.81190054693401
39.5055375865207
38.095275297600885
54.68292441175968
51.58914614528913
33.762651949553174
43.55671590007677
39.93725547655973
45.372761652780184
65.97999696877835
42.375307275188774
62.504399845130905
74.62600083080963
82.67338682362595
93.69364973145191
48.983262447493225
49.94396860482755
71.86735466584719
83.15046602394962
58.63067077524831
52.38242422174578
58.94818817308034
30.557323181195045
35.05432292250922
41.10420362390634
56.534591180975205
60.1803412202669
77.53184829474917
