0.009057971014492754
0.12560386473429952
0.16968599033816426
0.18417874396135267
0.19867149758454106
0.1802536231884058
0.16576086956521738
0.2056159420289855
0.21980676328502416
0.2442632850241546
0.223731884057971
0.2261473429951691
0.1875
0.26056763285024154
0.23792270531400966
0.22493961352657005
0.24788647342995168
0.24547101449275363
0.2614734299516908
0.2669082125603865
0.2832125603864734
0.28019323671497587
0.2617753623188406
0.29045893719806765
0.303743961352657
0.27868357487922707
0.28532608695652173
0.31521739130434784
0.3103864734299517
0.23128019323671498
0.2418478260869565
0.23399758454106281
0.25573671497584544
0.2660024154589372
0.2506038647342995
0.2563405797101449
0.2614734299516908
0.286231884057971
0.2693236714975845
0.30585748792270534
0.30917874396135264
0.29045893719806765
0.28381642512077293
0.29891304347826086
0.30978260869565216
0.3088768115942029
