0.008454106280193236
0.1503623188405797
0.1416062801932367
0.19142512077294685
0.21588164251207728
0.23399758454106281
0.2509057971014493
0.2783816425120773
0.24516908212560387
0.2521135265700483
0.258756038647343
0.2551328502415459
0.22131642512077296
0.22252415458937197
0.2515096618357488
0.23278985507246377
0.2551328502415459
0.21920289855072464
0.24214975845410627
0.23248792270531402
0.25664251207729466
0.2723429951690821
0.24456521739130435
0.2711352657004831
0.3209541062801932
0.26117149758454106
0.2614734299516908
0.27053140096618356
0.2593599033816425
0.2702294685990338
0.2195048309178744
0.21467391304347827
0.2469806763285024
0.22433574879227053
0.23097826086956522
0.22856280193236714
0.24969806763285024
0.25030193236714976
0.2427536231884058
0.28502415458937197
0.25664251207729466
0.27445652173913043
0.3070652173913043
0.2608695652173913
0.25422705314009664
0.2723429951690821
0.26056763285024154
