0.006944444444444444
0.1721014492753623
0.17391304347826086
0.22644927536231885
0.23429951690821257
0.2617753623188406
0.26268115942028986
0.27898550724637683
0.28955314009661837
0.31219806763285024
0.30495169082125606
0.3001207729468599
0.27204106280193235
0.28442028985507245
0.30766908212560384
0.2946859903381642
0.30676328502415456
0.29106280193236717
0.26902173913043476
0.2913647342995169
0.2826086956521739
0.30434782608695654
0.2883454106280193
0.27657004830917875
0.2971014492753623
0.2913647342995169
0.2986111111111111
0.2922705314009662
0.32820048309178745
0.365036231884058
0.34541062801932365
0.30917874396135264
0.2892512077294686
0.30042270531400966
0.29740338164251207
0.3073671497584541
0.2892512077294686
0.26811594202898553
0.2856280193236715
0.28532608695652173
0.28592995169082125
0.28019323671497587
0.2992149758454106
0.2977053140096618
0.2928743961352657
0.29830917874396135
0.3007246376811594
0.3140096618357488
0.3342391304347826
0.3402777777777778
0.34993961352657005
