47.5
104.0
57.333333333333336
92.5
56.0
105.0
123.5
53.75
86.5
81.0
115.5
92.0
47.25
51.5
98.0
100.5
68.66666666666667
75.0
105.0
125.0
114.5
107.0
98.5
112.0
93.0
102.5
89.5
68.33333333333333
59.333333333333336
111.5
113.5
109.5
109.5
106.5
102.5
98.5
59.666666666666664
113.5
111.5
117.0
102.5
69.66666666666667
106.5
107.0
92.0
41.5
104.0
71.66666666666667
111.5
77.33333333333333
50.333333333333336
42.2
45.75
81.0
59.666666666666664
81.0
57.666666666666664
59.666666666666664
78.0
79.0
68.66666666666667
102.5
109.5
84.5
65.0
115.0
106.0
60.666666666666664
34.2
53.0
60.666666666666664
92.0
62.666666666666664
89.0
