35.5
63.333333333333336
66.66666666666667
93.5
47.25
67.66666666666667
67.33333333333333
93.0
108.5
56.5
82.5
93.0
68.33333333333333
79.5
76.0
120.5
97.5
117.5
99.0
115.5
56.5
74.33333333333333
83.5
74.66666666666667
101.5
108.0
101.5
77.0
68.33333333333333
46.6
83.0
51.333333333333336
72.0
92.5
59.0
99.5
65.66666666666667
76.33333333333333
49.0
101.0
78.0
112.5
92.0
97.0
68.33333333333333
98.0
55.333333333333336
53.0
69.33333333333333
71.66666666666667
55.666666666666664
65.66666666666667
100.5
63.0
70.66666666666667
104.5
69.66666666666667
112.0
120.0
96.5
96.0
101.5
124.0
79.66666666666667
105.0
66.66666666666667
86.5
41.6
38.75
76.0
50.333333333333336
67.0
103.5
56.0
