12.5
17.0
2.5
3.0
8.0
0.0
1.0
1.0
0.5
4.0
13.0
15.5
2.0
1.0
11.0
2.0
11.0
4.5
16.0
3.5
3.5
7.5
2.0
29.0
0.5
5.5
13.0
23.0
20.5
15.5
13.5
2.5
13.5
15.5
1.0
0.0
3.5
20.5
5.5
18.0
12.0
33.0
20.0
24.5
4.0
3.5
2.0
14.5
21.5
4.0
4.5
7.5
1.5
5.0
18.0
19.5
19.5
9.5
2.0
8.0
13.0
12.036980056845191
30.0
8.0
13.0
12.0
6.342099196813483
20.0
3.5
27.5
6.5
9.0
15.5
2.0
10.5
2.5
34.0
2.5
1.0
0.0
8.0
2.0
12.0
12.0
15.5
1.5
5.5
17.5
1.0
0.0
0.5
8.0
6.0
9.201449161228174
9.0
6.5
6.5
6.5
11.5
10.5
0.0
4.0
1.5
2.0
3.0
32.0
3.5
3.0
28.0
14.0
14.0
4.0
17.0
3.5
1.0
10.0
0.0
1.5
16.5
6.0
12.0
