0.009259259259259259
0.3646723646723647
0.4412393162393162
0.48148148148148145
0.4668803418803419
0.4547720797720798
0.41524216524216523
0.4985754985754986
0.4982193732193732
0.46260683760683763
0.5665954415954416
0.4821937321937322
0.45405982905982906
0.5559116809116809
0.5135327635327636
0.5744301994301995
0.5722934472934473
0.5270655270655271
0.5242165242165242
0.5715811965811965
0.5605413105413105
0.573005698005698
0.5673076923076923
0.5452279202279202
0.5801282051282052
0.4779202279202279
0.5448717948717948
0.5822649572649573
0.5049857549857549
0.5263532763532763
0.4893162393162393
0.5384615384615384
0.61502849002849
0.5591168091168092
0.6103988603988604
0.5591168091168092
0.6096866096866097
0.6121794871794872
0.6000712250712251
0.5676638176638177
0.5701566951566952
0.6093304843304843
0.6363960113960114
0.6388888888888888
0.6260683760683761
0.6292735042735043
0.6054131054131054
0.6534900284900285
0.49252136752136755
0.42485754985754987
0.5562678062678063
0.49002849002849
0.4334045584045584
0.4893162393162393
0.5174501424501424
0.5933048433048433
0.5060541310541311
0.5146011396011396
0.5345441595441596
0.5822649572649573
0.4943019943019943
0.5527065527065527
0.5523504273504274
0.5292022792022792
0.5349002849002849
0.5067663817663818
0.5324074074074074
0.5740740740740741
0.5
0.5377492877492878
0.5398860398860399
