0.024216524216524215
0.30662393162393164
0.44195156695156695
0.47364672364672367
0.43554131054131057
0.42628205128205127
0.4853988603988604
0.5334757834757835
0.5815527065527065
0.5797720797720798
0.6175213675213675
0.5858262108262108
0.5053418803418803
0.5438034188034188
0.5366809116809117
0.47364672364672367
0.5185185185185185
0.5373931623931624
0.5612535612535613
0.5334757834757835
0.5249287749287749
0.5217236467236467
0.5676638176638177
0.5527065527065527
0.6082621082621082
0.5783475783475783
0.5584045584045584
0.5897435897435898
0.5925925925925926
0.5544871794871795
0.6545584045584045
0.6634615384615384
0.6595441595441596
0.6716524216524217
0.64494301994302
0.5900997150997151
0.667022792022792
0.6488603988603988
0.613960113960114
0.6225071225071225
0.6356837606837606
0.6100427350427351
0.6695156695156695
0.6695156695156695
0.6410256410256411
0.6264245014245015
0.603988603988604
0.6146723646723646
0.6549145299145299
0.667022792022792
0.7150997150997151
0.657051282051282
0.6378205128205128
0.6609686609686609
0.6285612535612536
0.6631054131054132
0.655982905982906
0.6381766381766382
0.6712962962962963
0.594017094017094
0.6025641025641025
0.511039886039886
0.521011396011396
0.5377492877492878
0.5687321937321937
0.5313390313390314
0.5534188034188035
0.5555555555555556
0.5359686609686609
0.5263532763532763
0.5373931623931624
0.5113960113960114
0.50997150997151
0.5754985754985755
0.6007834757834758
0.5434472934472935
0.5872507122507122
0.5726495726495726
0.5551994301994302
0.6164529914529915
