0.053062678062678066
0.31695156695156695
0.36075498575498577
0.3525641025641026
0.4237891737891738
0.4462250712250712
0.573005698005698
0.5149572649572649
0.5049857549857549
0.5227920227920227
0.5751424501424501
0.5281339031339032
0.5017806267806267
0.5359686609686609
0.573005698005698
0.6321225071225072
0.5876068376068376
0.5573361823361823
0.5690883190883191
0.5915242165242165
0.5865384615384616
0.6043447293447294
0.6396011396011396
0.6210826210826211
0.6260683760683761
0.5384615384615384
0.5769230769230769
0.6054131054131054
0.6228632478632479
0.6257122507122507
0.6321225071225072
0.5915242165242165
0.6071937321937322
0.5979344729344729
0.5876068376068376
0.6004273504273504
0.563034188034188
0.6043447293447294
0.5872507122507122
0.5473646723646723
0.6000712250712251
0.5804843304843305
0.6239316239316239
0.6926638176638177
0.6278490028490028
0.6698717948717948
0.6474358974358975
0.6047008547008547
0.6563390313390314
0.6591880341880342
0.6228632478632479
0.6082621082621082
0.6652421652421653
0.6695156695156695
0.6331908831908832
0.6143162393162394
0.707977207977208
0.7076210826210826
0.7272079772079773
0.7147435897435898
0.7382478632478633
0.7439458689458689
0.7742165242165242
0.7496438746438746
0.5128205128205128
0.49750712250712253
0.5509259259259259
0.5509259259259259
0.5235042735042735
0.5694444444444444
0.5886752136752137
0.5858262108262108
0.5527065527065527
0.5833333333333334
0.5683760683760684
0.6061253561253561
0.5865384615384616
0.5957977207977208
0.6136039886039886
0.5445156695156695
0.5527065527065527
0.5879629629629629
0.5430911680911681
0.5879629629629629
0.6086182336182336
0.6271367521367521
