0.04309116809116809
0.34650997150997154
0.39992877492877493
0.3952991452991453
0.5267094017094017
0.5160256410256411
0.5495014245014245
0.5366809116809117
0.5224358974358975
0.4212962962962963
0.5612535612535613
0.4793447293447293
0.5128205128205128
0.551994301994302
0.5430911680911681
0.5334757834757835
0.561965811965812
0.5153133903133903
0.5398860398860399
0.5776353276353277
0.5227920227920227
0.5352564102564102
0.5918803418803419
0.5512820512820513
0.5388176638176638
0.5178062678062678
0.5195868945868946
0.5512820512820513
0.6007834757834758
0.5616096866096866
0.49715099715099714
0.4967948717948718
0.5844017094017094
0.5427350427350427
0.6264245014245015
0.5288461538461539
0.5925925925925926
0.5815527065527065
0.5334757834757835
0.5897435897435898
0.5844017094017094
0.5427350427350427
0.5662393162393162
0.5655270655270656
0.60505698005698
0.5128205128205128
0.5035612535612536
0.5078347578347578
0.5277777777777778
0.5092592592592593
0.43839031339031337
0.5487891737891738
0.4928774928774929
0.5003561253561254
0.5612535612535613
0.5765669515669516
0.4878917378917379
0.5683760683760684
0.5334757834757835
0.5608974358974359
0.5470085470085471
0.5259971509971509
0.51994301994302
0.5787037037037037
0.5527065527065527
0.5341880341880342
0.5331196581196581
0.5185185185185185
0.5811965811965812
0.5448717948717948
0.5851139601139601
0.4825498575498576
0.5163817663817664
