3.0
8.5
19.0
1.3333333333333333
3.6666666666666665
11.0
6.0
0.5
2.5
1.5
6.0
2.5
0.5
5.5
1.0
2.0
0.0
0.0
0.0
19.5
2.6666666666666665
7.5
1.5
5.0
10.0
19.0
6.333333333333333
14.5
7.5
1.0
0.5
2.5
0.0
0.5
1.5
21.5
0.0
6.0
4.0
0.0
0.0
5.0
1.5
2.6666666666666665
2.5
3.3333333333333335
1.5
3.5
7.5
4.0
0.0
0.5
5.0
0.5
2.0
8.0
2.0
0.0
0.5
4.5
2.5
0.5
2.6666666666666665
5.5
3.5
1.0
7.5
5.0
0.5
1.3333333333333333
3.0
2.5
2.0
2.5
2.0
2.5
1.0
7.0
0.5
2.5
1.0
3.6666666666666665
8.5
3.5
0.0
0.5
4.666666666666667
3.6666666666666665
0.6666666666666666
3.0
0.0
2.5
10.5
0.5
0.5
0.6666666666666666
1.5
6.5
11.5
0.5
2.6666666666666665
11.0
1.3333333333333333
4.666666666666667
1.0
2.5
8.5
6.5
4.666666666666667
12.0
3.0
4.0
0.0
2.0
2.0
0.0
2.3333333333333335
4.0
0.0
0.5
0.5
4.5
3.0
2.5
4.5
0.5
9.0
4.5
12.0
2.6666666666666665
1.0
5.5
9.5
1.0
9.0
3.3333333333333335
2.0
0.5
0.5
3.5
6.333333333333333
5.0
1.0
4.666666666666667
4.0
3.5
8.5
2.0
3.5
5.0
2.0
7.5
2.5
0.0
3.5
4.0
1.3333333333333333
8.5
4.0
1.5
3.5
0.6666666666666666
3.0
0.5
2.25
