3.0
2.5
5.5
7.0
2.5
4.666666666666667
0.5
7.0
0.5
4.666666666666667
0.0
1.5
7.5
0.5
0.6666666666666666
7.5
0.0
0.6666666666666666
2.0
11.5
2.3333333333333335
0.0
0.5
1.6666666666666667
6.5
8.0
1.0
2.5
3.0
6.0
0.0
3.5
3.5
2.0
5.0
6.5
0.5
6.333333333333333
1.5
5.333333333333333
3.3333333333333335
2.5
15.0
0.5
0.5
1.5
6.0
0.0
4.5
6.0
4.5
1.75
1.0
1.6666666666666667
0.0
1.5
2.0
0.5
2.5
0.5
1.0
5.5
9.0
0.5
7.0
1.0
11.5
4.0
1.0
2.5
2.0
2.6666666666666665
3.0
8.0
7.0
3.3333333333333335
5.333333333333333
5.5
0.5
0.5
8.0
2.5
0.0
1.5
10.5
3.0
3.0
5.666666666666667
3.3333333333333335
2.0
3.5
0.5
1.0
8.0
7.5
2.0
1.0
3.0
6.0
1.6666666666666667
2.0
2.6666666666666665
13.0
3.3333333333333335
7.333333333333333
10.5
7.5
1.5
1.0
3.0
5.0
2.5
0.5
2.3333333333333335
0.5
0.5
3.5
4.0
2.0
1.5
12.0
3.5
0.0
2.5
4.0
2.0
2.3333333333333335
2.5
0.5
9.5
0.5
1.5
3.5
3.6666666666666665
7.0
7.5
3.0
2.0
0.0
0.5
3.3333333333333335
4.0
5.333333333333333
0.6666666666666666
4.333333333333333
6.0
1.6666666666666667
0.5
1.0
0.0
2.6666666666666665
0.0
7.5
1.0
0.0
6.5
2.0
11.0
3.5
19.0
