15.5
4.0
8.333333333333334
3.3333333333333335
3.5
2.5
4.333333333333333
1.5
10.5
2.5
2.5
3.0
12.5
6.0
1.0
3.0
1.0
5.0
2.0
1.0
4.0
0.5
0.0
0.0
12.0
4.5
2.5
6.5
0.5
13.0
1.3333333333333333
1.0
8.0
7.0
1.0
4.333333333333333
2.5
7.0
13.0
2.0
7.0
9.5
12.5
1.5
9.5
4.0
2.5
7.5
0.5
3.0
0.0
0.6666666666666666
2.0
7.0
5.0
4.0
0.5
7.333333333333333
1.0
0.5
1.5
0.5
7.0
1.0
2.0
1.0
10.0
2.0
10.5
1.3333333333333333
4.0
0.5
0.5
1.5
4.0
7.0
5.5
9.0
1.6666666666666667
5.5
1.6666666666666667
11.5
2.0
6.5
2.6666666666666665
5.666666666666667
0.5
1.0
1.3333333333333333
1.5
10.5
5.0
3.0
1.0
7.0
0.0
8.0
2.5
1.5
2.0
6.5
0.5
1.6666666666666667
7.5
0.5
1.6666666666666667
1.3333333333333333
1.5
1.0
7.75
2.0
5.333333333333333
1.0
0.5
7.5
1.0
2.0
0.5
0.5
10.0
11.5
1.0
0.5
3.3333333333333335
0.5
15.0
3.3333333333333335
0.0
8.5
13.0
0.0
4.5
3.6666666666666665
6.5
8.0
0.0
2.6666666666666665
0.6666666666666666
0.0
3.0
5.666666666666667
2.0
3.0
0.5
11.0
8.0
3.3333333333333335
7.5
0.5
3.0
4.0
