2.5
7.0
3.0
0.5
16.5
7.0
5.0
5.5
0.5
0.0
7.5
2.0
0.5
6.333333333333333
4.666666666666667
5.0
6.5
3.0
9.666666666666666
4.0
3.0
2.5
5.5
0.5
0.0
4.0
4.5
6.0
3.0
3.0
2.5
5.5
2.0
2.5
1.0
1.5
2.5
1.5
11.0
3.6666666666666665
8.0
0.5
9.5
1.0
1.0
6.0
2.0
8.333333333333334
3.5
1.5
2.6666666666666665
0.5
1.0
11.5
7.5
0.5
11.0
4.0
7.5
0.0
0.5
1.5
2.0
15.0
1.5
6.333333333333333
6.5
3.0
1.0
0.5
1.0
0.0
4.5
4.0
2.3333333333333335
12.5
2.5
3.0
8.0
2.5
3.5
3.5
3.5
1.0
6.5
0.5
3.6666666666666665
3.0
3.5
1.6666666666666667
3.5
1.5
5.0
6.0
4.0
1.5
3.0
3.0
5.0
0.5
0.5
0.5
0.5
1.3333333333333333
3.0
1.5
9.666666666666666
1.0
1.0
2.75
1.5
6.5
3.0
2.6666666666666665
1.5
0.5
7.5
0.0
1.5
2.5
5.5
1.5
4.0
1.6666666666666667
0.5
4.333333333333333
0.0
0.5
0.5
1.0
0.5
1.0
7.0
0.0
10.0
5.0
5.5
8.5
12.0
12.5
1.5
9.5
2.0
2.5
1.5
7.0
0.0
5.5
2.0
2.5
0.0
14.5
2.6666666666666665
3.5
0.0
6.5
1.3333333333333333
2.5
1.5
13.5
6.5
4.5
5.0
3.0
5.0
6.333333333333333
11.5
