42.0
54.6
74.33333333333333
116.66666666666667
153.0
157.5
99.33333333333333
86.5
59.2
64.5
60.0
87.33333333333333
67.0
89.66666666666667
75.0
65.75
72.25
52.5
52.2
51.5
53.6
135.5
141.5
100.66666666666667
156.0
145.0
104.66666666666667
165.0
157.0
171.0
107.33333333333333
106.33333333333333
167.0
143.5
154.0
102.0
103.66666666666667
66.25
102.66666666666667
147.0
90.33333333333333
159.0
150.0
151.0
160.5
156.5
155.5
106.0
149.5
69.75
120.0
71.0
110.5
63.25
107.33333333333333
77.0
81.5
79.0
59.75
71.33333333333333
132.5
154.5
158.5
