0.0
43.0
109.0
51.333333333333336
161.0
117.5
113.66666666666667
106.66666666666667
72.0
146.5
106.0
76.5
119.0
94.33333333333333
76.75
113.5
165.0
156.0
105.66666666666667
159.0
154.0
132.5
108.33333333333333
133.0
126.5
145.5
82.66666666666667
72.0
69.5
182.5
156.5
115.0
102.33333333333333
99.66666666666667
109.33333333333333
102.0
75.75
81.75
85.66666666666667
137.5
148.5
141.0
86.0
69.0
80.0
76.5
164.5
170.5
166.0
164.5
70.25
109.33333333333333
74.5
84.33333333333333
100.66666666666667
123.5
144.5
153.5
121.5
83.33333333333333
92.66666666666667
162.0
106.0
87.33333333333333
159.0
76.25
90.33333333333333
63.0
72.75
55.0
69.25
71.5
111.0
162.5
