37.5
72.0
63.5
65.5
56.0
100.0
49.25
154.0
158.5
74.25
58.5
58.8
69.66666666666667
67.5
103.0
106.66666666666667
118.33333333333333
170.5
169.5
158.5
145.5
63.5
121.66666666666667
101.0
74.0
72.0
100.33333333333333
93.33333333333333
77.75
70.25
58.6
50.0
104.33333333333333
68.66666666666667
69.5
87.0
101.33333333333333
148.5
46.0
150.0
119.0
101.66666666666667
147.0
145.5
107.66666666666667
78.0
94.66666666666667
61.0
79.5
78.75
96.33333333333333
145.0
90.66666666666667
68.0
90.66666666666667
102.33333333333333
166.5
106.66666666666667
86.0
98.66666666666667
74.25
111.0
88.0
72.8
105.66666666666667
164.5
165.5
115.33333333333333
170.5
93.66666666666667
72.0
72.75
78.75
66.0
