84.42274575018276
54.67459856638237
128.53439228471112
79.43607492820878
96.72246055079451
71.43668957394337
114.28319600400089
91.94104391160434
91.77641157847818
75.0794137387003
57.12594212692591
58.314107618931196
56.72136298953492
67.86711012470032
128.7911478453143
72.65949589523726
77.51472680705467
98.03658295571677
99.67150196770524
98.37267009806241
221.71840248387142
148.66318912781634
71.13681382372798
135.8463183977476
122.5347985655672
100.43205135202362
80.42222562824284
94.39919014796534
104.47411087800651
58.02106897019775
53.25287327563393
69.44679361105985
108.61946188413934
51.34051897759594
43.57036528768079
91.20888785907762
82.43700246248646
156.13758914996137
189.41616714261747
99.77279975147502
134.37630645146186
127.21596136667081
146.07871759957774
187.25480938113083
106.43969993485616
