38.16979608713326
35.21118430271836
61.44629769156153
64.39030292762342
54.440544203613506
55.29832114076932
50.403991491514276
68.87670143089025
94.88650530443668
86.77089085632348
63.02896571443277
128.32015624990487
90.06861581902741
76.89743067066675
200.05539232922462
70.23218319820839
164.3282622611758
133.00976256942764
191.55847671142095
101.0979371669288
182.66003941749275
189.16595888267
107.11767153721908
192.3111447339672
187.36120789059356
246.16209654976896
189.91577080379608
260.24120422216004
200.09836122933808
105.65983153497832
74.86735675357076
136.82995969385684
104.96950480389773
147.33484162123892
163.35903048043033
167.7821206207622
174.45317343694902
178.26760458079647
93.87336780830583
150.96181992272142
208.98136280539467
171.34060612063072
153.0200066951364
183.99606251332705
195.30749537966864
250.55510247249006
