22.417818666186058
92.40637153356904
66.77232368187094
44.71708542080819
97.28071335101653
71.86158037987947
137.7794235369455
97.36738757543671
91.46663505737884
89.04438412247008
70.36193906605902
85.0928486972218
103.31928667969015
76.26982846902095
76.33540026313698
126.44984037228957
152.2040822206425
69.5622502990427
77.49498191639394
114.93653972199311
110.54762258639546
178.7397238693427
195.17045414928845
146.79736869447387
167.251271009583
138.66485073154757
126.62425707319606
138.48600091337605
113.9136905244005
89.15444636204326
91.35909603901378
93.46168591831562
108.74667811018413
88.00605846491827
53.04475557253516
103.47353929064829
141.7265438199228
142.9676886572627
137.59126197510082
118.26837398063638
139.2661238580218
227.2864619867825
139.7315608261394
115.57973246297563
113.90608217103929
140.62691418815547
79.55697970254137
