11.282976360675208
70.0218436900229
70.0007812456404
59.461088904846
65.57459704624785
123.53957062497862
96.26761699363215
145.10314768945486
224.1617719416047
164.06245761904216
169.4004132226365
157.8016329823644
113.7759869507251
180.9938120489206
209.58642402551382
186.93571087408634
213.34393913030752
260.1831085985406
212.21981528594355
108.45352307171338
214.62161470830472
186.48071710297464
187.45570143369872
203.20310037004847
121.13789204410357
218.3437656540713
198.3991718857684
159.4694014536958
263.3455090614935
190.99098291687892
143.00018620420698
152.7186956466038
170.62910068332425
228.1809164067953
128.25732270869514
235.10297743754757
185.35062494274646
156.87169047577473
212.8643934527332
160.24711819215
157.5507756679739
198.1008597085938
282.7143218075484
183.16081539871092
107.18173104306422
178.73063220637053
175.63725766759097
179.3277621591028
155.05855998555316
265.65767446094986
249.1996986272623
