-2
0.3088407824389269
0.3286053866292503
2
0.27946543807284574
0.21064365174493488
0.40336769736386313
0.3968112696234949
0.34243842217925263
0.29300563072448876
0.4404174365812727
0.4696253131063418
0.36691206945271937
0.26845482765089357
0.29225008402982167
0.36255913114456706
2
0.4197168064681795
0.37484224223963264
0.3308649844193694
2
0.22972620427194765
0.4152456322868297
0.30364706501051403
0.4340262173214641
0.3318659812735391
2
0.3760023687386675
2
0.3581436794527898
0.33666642192229085
0.42955348478143435
0.3303791311550156
0.2782850568380235
0.3092254044858998
2
0.4314222536681188
0.3911106236282594
0.40657799005138967
0.3794687610250102
0.5358362535004406
0.28390485084025485
0.29814250977706835
0.31971491083441356
0.4089564095159688
0.418559929198164
