2
0.36979432962317765
0.37658821280200655
0.31656868489632217
2
2
0.38338907444858594
0.31455487408892885
0.27138998982724444
0.36239259309063854
0.3112274125489305
0.37102011295018905
0.3973100096368843
0.39069693221747226
0.31641881497369895
0.28719266108410885
0.3196195250897826
0.43012843854845445
0.3956621682259527
0.45026841914171567
0.4198770046457039
2
2
0.33986888769841916
2
2
0.3432012743802693
2
2
2
0.2919837542512862
0.31063849364373536
2
2
2
0.3561151132233807
0.29172395949933605
0.3724971844136899
0.4080282156009399
2
0.3506566395078726
2
2
2
2
2
2
0.2544640745737375
2
0.3455822024723027
2
0.4136256691224361
2
0.3769046977880196
0.3839476952026499
0.264528235503957
0.208133839056552
0.3438982053325018
0.39826186121134255
0.41541822855619936
2
2
2
