-2
2
2
0.3784766736600509
2
2
0.28095365227207986
0.36021863972540225
0.2617192198700316
2
0.3583719373857363
0.27443614617065215
2
0.5139683752111368
0.28486174412976206
2
2
2
0.39018918565420335
2
2
2
0.18437316269090395
2
2
2
0.3163589132499423
0.34275476276673805
0.5156976429578235
2
2
2
0.39300843945494485
0.3361558962182826
0.3320206331874426
0.3255460650100042
0.2896464131652567
0.3650448462077472
0.46214033359342943
2
2
2
0.4771656263212363
0.32215168593658144
0.45826909847147773
0.2805531361789035
2
2
2
2
0.35614223724996924
0.37732297797971504
0.3961765704553959
0.44449042608359046
0.3423216763045646
2
2
2
2
0.37781184021046826
0.4192440733175142
2
0.3689262558825183
0.2111524946524173
2
0.35392843824008885
0.3665927506411244
0.37327076630164774
0.346586688228976
0.4867741582369068
0.35594493487815093
0.40852566415916486
2
2
