2
0.37580975970837016
0.34462996573307
0.4236601651572309
0.4029484978551812
0.3509258090262393
0.4808326410574304
2
2
0.29374016998216507
0.32259570813574606
0.3409118975947227
0.40902790498439523
0.21983172386221891
0.40374320712158174
0.4021143951079909
0.29825686175031574
2
2
2
2
0.34817729916582824
0.33520224246292407
0.3955353666335841
0.5090793184780047
0.3579825368364108
0.21806080864750135
0.3549218859887857
0.32241934363056435
0.33711541717058424
0.3583576496053394
0.41636245861300364
0.3011327543178714
0.5727609374436339
0.32198845615928623
0.4466802115555734
0.40846301349344943
2
0.40256569357925615
2
2
0.4002837429535686
2
2
0.3654642577010808
0.2988547996051522
0.33534794128428336
0.42400514697026914
0.3101576961608417
0.2879126624824111
0.43755673426546676
2
0.3575431022133128
0.3626426284376114
0.44497508250822165
0.42297091222958055
2
0.33350109347509777
0.25751094007649095
0.275807496558381
0.264352644277133
0.29858720263588445
0.3237758814162015
0.32192476657910557
0.37567941713465386
2
2
0.3264714804393776
2
0.2896139752616613
0.2821529987658822
0.21044481303529192
0.35797679826532963
0.35227298024671294
