0.11574074074074074
0.5416666666666666
0.8070987654320988
0.595679012345679
0.6466049382716049
0.6574074074074074
0.6419753086419753
0.6234567901234568
0.4537037037037037
0.5493827160493827
0.6172839506172839
0.7083333333333334
0.6990740740740741
0.44753086419753085
0.5725308641975309
0.5725308641975309
0.6450617283950617
0.7253086419753086
0.5339506172839507
0.6712962962962963
0.5509259259259259
0.8040123456790124
0.7376543209876543
0.7530864197530864
0.5817901234567902
0.4367283950617284
0.6589506172839507
0.5895061728395061
0.5061728395061729
0.6049382716049383
0.7469135802469136
0.5370370370370371
0.5154320987654321
0.6790123456790124
0.7469135802469136
0.7145061728395061
0.7762345679012346
0.7222222222222222
0.6481481481481481
0.6265432098765432
0.7052469135802469
0.5833333333333334
0.5694444444444444
0.5370370370370371
0.6820987654320988
0.5308641975308642
0.5015432098765432
0.5879629629629629
0.6712962962962963
0.6867283950617284
0.5524691358024691
0.49228395061728397
0.5771604938271605
0.6450617283950617
0.6558641975308642
0.7469135802469136
0.6141975308641975
0.6512345679012346
0.7021604938271605
0.29475308641975306
0.6080246913580247
0.6774691358024691
0.6805555555555556
0.3765432098765432
0.6805555555555556
0.4305555555555556
0.5138888888888888
0.4783950617283951
0.7222222222222222
0.7268518518518519
0.6959876543209876
0.6558641975308642
0.5617283950617284
0.4074074074074074
0.4228395061728395
0.41512345679012347
0.5709876543209876
0.5987654320987654
0.7268518518518519
0.7098765432098766
0.5324074074074074
0.5185185185185185
0.6280864197530864
0.6743827160493827
0.779320987654321
0.7484567901234568
0.6805555555555556
0.6018518518518519
0.7654320987654321
0.8302469135802469
0.7098765432098766
0.6651234567901234
0.6635802469135802
0.5524691358024691
0.5200617283950617
0.4444444444444444
0.5308641975308642
0.6682098765432098
0.5524691358024691
0.6203703703703703
0.7469135802469136
0.8256172839506173
0.5030864197530864
0.48148148148148145
0.5879629629629629
0.5725308641975309
0.48919753086419754
0.6003086419753086
0.6172839506172839
0.5077160493827161
0.5895061728395061
0.6481481481481481
0.6234567901234568
0.6712962962962963
0.6620370370370371
0.6111111111111112
0.7114197530864198
0.6080246913580247
0.5385802469135802
0.6712962962962963
0.48919753086419754
0.6095679012345679
0.4876543209876543
0.3888888888888889
0.6111111111111112
0.7484567901234568
0.7129629629629629
0.6805555555555556
0.5601851851851852
0.7854938271604939
