0.16666666666666666
0.5154320987654321
0.7037037037037037
0.6018518518518519
0.5308641975308642
0.5895061728395061
0.529320987654321
0.5725308641975309
0.5833333333333334
0.6712962962962963
0.5987654320987654
0.6944444444444444
0.5817901234567902
0.6296296296296297
0.7114197530864198
0.7484567901234568
0.7376543209876543
0.7083333333333334
0.683641975308642
0.654320987654321
0.5740740740740741
0.4567901234567901
0.7283950617283951
0.5108024691358025
0.6311728395061729
0.6358024691358025
0.5555555555555556
0.5709876543209876
0.4444444444444444
0.49228395061728397
0.6867283950617284
0.7422839506172839
0.7145061728395061
0.6311728395061729
0.6481481481481481
0.6157407407407407
0.47530864197530864
0.6188271604938271
0.6049382716049383
0.6018518518518519
0.7129629629629629
0.7654320987654321
0.49537037037037035
0.6419753086419753
0.5509259259259259
0.5262345679012346
0.6481481481481481
0.529320987654321
0.5462962962962963
0.5447530864197531
0.5138888888888888
0.6929012345679012
0.5679012345679012
0.4537037037037037
0.5370370370370371
0.6867283950617284
0.6049382716049383
0.6358024691358025
0.6898148148148148
0.3966049382716049
0.6620370370370371
0.5617283950617284
0.595679012345679
0.6805555555555556
0.7484567901234568
0.7716049382716049
0.7175925925925926
0.5771604938271605
0.529320987654321
0.625
0.6728395061728395
0.7330246913580247
0.6095679012345679
0.6018518518518519
0.5925925925925926
0.6527777777777778
0.5987654320987654
0.654320987654321
0.5262345679012346
0.49691358024691357
0.5154320987654321
0.5277777777777778
0.7716049382716049
0.6620370370370371
0.7484567901234568
0.5941358024691358
0.7746913580246914
0.7469135802469136
0.7731481481481481
0.5848765432098766
0.6404320987654321
0.5601851851851852
0.44907407407407407
0.6959876543209876
0.5910493827160493
0.36574074074074076
0.47685185185185186
0.5324074074074074
0.5864197530864198
0.7376543209876543
0.7345679012345679
0.7870370370370371
0.654320987654321
0.6157407407407407
0.7870370370370371
0.6651234567901234
0.6080246913580247
0.5416666666666666
0.5987654320987654
0.5941358024691358
0.5324074074074074
0.6033950617283951
0.5108024691358025
