0.05709876543209876
0.6327160493827161
0.6358024691358025
0.6959876543209876
0.6944444444444444
0.6496913580246914
0.43364197530864196
0.41512345679012347
0.6219135802469136
0.7407407407407407
0.75
0.6435185185185185
0.6358024691358025
0.7067901234567902
0.38271604938271603
0.4984567901234568
0.6018518518518519
0.3256172839506173
0.5524691358024691
0.47530864197530864
0.42901234567901236
0.5308641975308642
0.44907407407407407
0.6111111111111112
0.5601851851851852
0.5509259259259259
0.7700617283950617
0.6373456790123457
0.5246913580246914
0.41512345679012347
0.6728395061728395
0.6265432098765432
0.7345679012345679
0.7021604938271605
0.6651234567901234
0.7438271604938271
0.6990740740740741
0.7283950617283951
0.7006172839506173
0.7067901234567902
0.7762345679012346
0.7515432098765432
0.8827160493827161
0.8101851851851852
0.7253086419753086
0.6697530864197531
0.6126543209876543
0.5679012345679012
0.6790123456790124
0.5817901234567902
0.6759259259259259
0.7700617283950617
0.7145061728395061
0.8055555555555556
0.683641975308642
0.7669753086419753
0.7746913580246914
0.7623456790123457
0.7006172839506173
0.5787037037037037
0.7422839506172839
0.5787037037037037
0.7530864197530864
0.6064814814814815
0.6064814814814815
0.6635802469135802
0.5756172839506173
0.6944444444444444
0.7175925925925926
0.470679012345679
