0.08641975308641975
0.5570987654320988
0.7824074074074074
0.7222222222222222
0.5385802469135802
0.5802469135802469
0.654320987654321
0.6296296296296297
0.4984567901234568
0.4845679012345679
0.5324074074074074
0.566358024691358
0.6867283950617284
0.6589506172839507
0.691358024691358
0.6959876543209876
0.6558641975308642
0.6635802469135802
0.48148148148148145
0.6435185185185185
0.6697530864197531
0.4799382716049383
0.5925925925925926
0.4382716049382716
0.6481481481481481
0.4089506172839506
0.7268518518518519
0.7175925925925926
0.6728395061728395
0.5910493827160493
0.4398148148148148
0.6018518518518519
0.7129629629629629
0.7067901234567902
0.7484567901234568
0.7916666666666666
0.6358024691358025
0.6635802469135802
0.6882716049382716
0.6975308641975309
0.566358024691358
0.6466049382716049
0.7746913580246914
0.6666666666666666
0.7469135802469136
0.7098765432098766
0.8194444444444444
0.8132716049382716
0.6064814814814815
0.5570987654320988
0.5030864197530864
0.6203703703703703
0.5740740740740741
0.6805555555555556
0.6728395061728395
0.7947530864197531
0.6882716049382716
0.7191358024691358
0.7129629629629629
0.7006172839506173
0.6604938271604939
0.6697530864197531
0.6141975308641975
0.6975308641975309
0.5910493827160493
0.5694444444444444
0.5462962962962963
0.5524691358024691
0.5987654320987654
0.7145061728395061
0.6342592592592593
0.4799382716049383
0.42746913580246915
0.5061728395061729
0.6280864197530864
0.47530864197530864
0.5385802469135802
0.6697530864197531
0.5570987654320988
0.7191358024691358
0.7191358024691358
0.4984567901234568
0.5200617283950617
0.5632716049382716
0.6358024691358025
0.5092592592592593
0.5046296296296297
0.5339506172839507
0.6867283950617284
0.7561728395061729
0.6157407407407407
0.5524691358024691
0.470679012345679
0.6018518518518519
0.375
0.6743827160493827
0.6759259259259259
0.6003086419753086
0.7253086419753086
0.7638888888888888
0.7361111111111112
0.6327160493827161
0.5617283950617284
0.5509259259259259
0.7314814814814815
0.8209876543209876
0.7145061728395061
0.625
0.6527777777777778
0.6790123456790124
0.6697530864197531
0.5910493827160493
0.6790123456790124
0.6496913580246914
0.6080246913580247
0.7098765432098766
0.6851851851851852
0.7453703703703703
0.6219135802469136
0.6496913580246914
0.6296296296296297
0.6882716049382716
0.6265432098765432
0.6219135802469136
0.5185185185185185
0.37037037037037035
0.4506172839506173
0.5771604938271605
