0.0
0.3592592592592593
0.5370370370370371
0.5259259259259259
0.6407407407407407
0.5925925925925926
0.6296296296296297
0.7
0.4740740740740741
0.5925925925925926
0.5555555555555556
0.6111111111111112
0.6666666666666666
0.5037037037037037
0.7296296296296296
0.45185185185185184
0.5074074074074074
0.674074074074074
0.6888888888888889
0.4962962962962963
0.7185185185185186
0.4444444444444444
0.3851851851851852
0.5185185185185185
0.34074074074074073
0.6444444444444445
0.6074074074074074
0.6185185185185185
0.5074074074074074
0.5407407407407407
0.5703703703703704
0.32592592592592595
0.4925925925925926
0.5592592592592592
0.5703703703703704
0.4703703703703704
0.34444444444444444
0.37407407407407406
0.3962962962962963
0.3592592592592593
0.36666666666666664
0.5777777777777777
0.6592592592592592
0.6259259259259259
0.40370370370370373
0.16296296296296298
