0.0
0.4111111111111111
0.4074074074074074
0.6074074074074074
0.7185185185185186
0.6296296296296297
0.6962962962962963
0.6555555555555556
0.27037037037037037
0.5074074074074074
0.4925925925925926
0.3814814814814815
0.37777777777777777
0.4222222222222222
0.3814814814814815
0.4222222222222222
0.17037037037037037
0.4111111111111111
0.34074074074074073
0.34074074074074073
0.43333333333333335
0.31851851851851853
0.46296296296296297
0.5407407407407407
0.7296296296296296
0.4111111111111111
0.6592592592592592
0.7666666666666667
0.7962962962962963
0.7481481481481481
0.774074074074074
0.6555555555555556
0.6555555555555556
0.5111111111111111
0.674074074074074
0.6074074074074074
0.5814814814814815
0.6296296296296297
0.5666666666666667
0.6407407407407407
0.4666666666666667
0.5962962962962963
0.6185185185185185
0.6851851851851852
0.7925925925925926
0.6
0.6518518518518519
0.5370370370370371
0.5555555555555556
0.48518518518518516
0.45555555555555555
0.45555555555555555
0.4703703703703704
0.2814814814814815
0.5111111111111111
0.5259259259259259
0.43703703703703706
0.6222222222222222
0.42592592592592593
0.31851851851851853
0.45555555555555555
0.6703703703703704
0.6407407407407407
