0.0
0.34074074074074073
0.48518518518518516
0.34444444444444444
0.5592592592592592
0.5148148148148148
0.7296296296296296
0.6666666666666666
0.5777777777777777
0.6888888888888889
0.6
0.5481481481481482
0.45925925925925926
0.43333333333333335
0.6259259259259259
0.2814814814814815
0.8037037037037037
0.7037037037037037
0.48148148148148145
0.7703703703703704
0.7185185185185186
0.662962962962963
0.7074074074074074
0.3592592592592593
0.6555555555555556
0.5259259259259259
0.3592592592592593
0.6370370370370371
0.6
0.7481481481481481
0.6962962962962963
0.5592592592592592
0.662962962962963
0.6703703703703704
0.7074074074074074
0.5703703703703704
0.6
0.6037037037037037
0.5555555555555556
0.5481481481481482
0.6703703703703704
0.6185185185185185
0.3925925925925926
0.6185185185185185
0.4962962962962963
0.6
0.7
0.6777777777777778
0.8037037037037037
0.6074074074074074
0.43333333333333335
0.5962962962962963
0.5481481481481482
0.4444444444444444
0.4666666666666667
0.4962962962962963
0.6296296296296297
0.44814814814814813
0.3148148148148148
0.37037037037037035
0.6925925925925925
0.762962962962963
0.7703703703703704
0.5111111111111111
0.5888888888888889
0.5962962962962963
0.40370370370370373
0.4222222222222222
0.4666666666666667
0.3037037037037037
0.40370370370370373
0.5962962962962963
0.6111111111111112
0.6592592592592592
