0.0
0.3814814814814815
0.6666666666666666
0.3111111111111111
0.42962962962962964
0.17777777777777778
0.43333333333333335
0.662962962962963
0.5444444444444444
0.5518518518518518
0.4185185185185185
0.5407407407407407
0.5037037037037037
0.5666666666666667
0.5851851851851851
0.737037037037037
0.6777777777777778
0.7666666666666667
0.6407407407407407
0.5592592592592592
0.6333333333333333
0.5407407407407407
0.7444444444444445
0.7481481481481481
0.34814814814814815
0.5925925925925926
0.48148148148148145
0.6185185185185185
0.48148148148148145
0.3851851851851852
0.4925925925925926
0.31851851851851853
0.4962962962962963
0.32592592592592595
0.37037037037037035
0.43703703703703706
0.4185185185185185
0.5259259259259259
0.4074074074074074
0.45185185185185184
0.5185185185185185
0.5962962962962963
0.6518518518518519
0.5925925925925926
0.7111111111111111
0.5925925925925926
0.3333333333333333
0.42962962962962964
0.5333333333333333
0.4444444444444444
0.26296296296296295
0.5111111111111111
0.32592592592592595
0.6370370370370371
0.6037037037037037
0.6
0.6814814814814815
0.6444444444444445
0.7
0.6592592592592592
0.5518518518518518
0.7
0.5444444444444444
0.6148148148148148
0.5074074074074074
0.6370370370370371
0.6333333333333333
0.6666666666666666
0.5888888888888889
0.5333333333333333
0.42592592592592593
0.45185185185185184
0.5111111111111111
0.43333333333333335
