35.80279318712438
6.218887055817765
10.182828683622247
7.7610807881376935
6.1720883464361584
9.48736001214247
20.912516188477497
9.299989027862738
6.87363903476513
8.109970795112512
5.43103063423509
5.423073134507981
9.400193421607684
4.789311015167004
13.864944514513303
18.11758575473694
4.296131679178874
4.197773430659155
6.544717972023954
14.674240468703426
8.587782018658833
6.7756943999914965
8.528997693333759
22.07011554115655
7.088723439378913
4.028008449718784
6.541665570002189
9.891859728528749
5.731855429672548
9.618487725336504
8.616263691415206
4.430874976934521
3.39934634239519
8.06225774829855
12.064928512013655
5.628372005169117
4.068294533113755
3.6733272837215765
3.9123735336323224
18.435275289509512
3.1622776601683795
9.367575955920552
7.185620091173382
6.508983323478825
5.7306401637505155
5.034826806242508
6.10270887029322
8.318899063737526
6.006883104247923
5.378054424023162
4.471699201645835
5.889515305400299
5.79885046079537
14.191155304938668
16.606779458008774
8.347063518852309
12.734893591738386
2.6575364531836625
10.087193826329543
6.443197412729822
5.65869537378832
