10.19062750221442
6.9852136600495776
6.3895748424027925
14.287718113431861
13.418612879043538
12.359207094308275
13.989960981520385
10.462104057108931
6.865048352989867
9.681651460365634
7.119515432949071
2.259964162664737
9.92158605377614
5.678908345800274
8.967342033205597
6.287860533014757
3.4473609501560984
6.0977227078822
13.480438502594128
4.920672489759839
5.431390245600108
9.62166248051182
3.9357078039874027
8.971621926942754
10.224115823810791
3.569285071042567
9.454922292412327
9.90726229358273
14.671551992540616
2.6446328365647824
6.957597521077669
3.5384615384615388
6.137478232405752
5.8096023349228325
3.1986567428653054
2.8124228384477012
5.798706752371601
8.630747123996123
3.514547028612155
4.8424052792892995
8.571315862882535
7.071067811865475
6.356285618496491
20.79519175194112
4.821105221373576
