7.158910531638177
1.6225452416572212
5.063373885270651
12.017892996116903
7.899883750113422
12.078447287995628
7.374805428080176
13.000854672759873
6.749485577105529
4.534589286804263
9.840565771025442
13.804296206254051
6.697714162309407
4.869861964733247
11.683321445547923
8.229155987369714
7.135104920197195
12.149074038789951
11.82412787481597
3.28260722659316
2.2027417020425153
14.764221016437755
15.516740339685741
15.572809531173712
3.94248777760226
14.688771221582833
4.315669125408017
5.573717478542687
3.427827300200522
8.574429038328635
9.598900399987954
9.069178573608527
5.6827223523002885
6.571318149520857
8.077317348944238
8.738385148298283
5.67565130636822
8.911213285643107
7.647562167160965
3.1268744378372473
6.576810615322786
8.321423781421062
12.48109681789937
8.336359994576991
3.905124837953327
7.455216087651668
