4.666666666666667
2.25
6.5
2.142857142857143
1.8461538461538463
2.2222222222222223
2.1
1.8571428571428572
3.6666666666666665
1.375
2.0
2.2222222222222223
1.8333333333333333
2.0
1.5454545454545454
1.5454545454545454
4.4
1.5
1.8571428571428572
1.0
1.7777777777777777
1.6
2.0
2.5
1.875
2.5714285714285716
1.9090909090909092
2.1666666666666665
2.4
1.2
1.125
2.1818181818181817
1.8
2.75
3.4285714285714284
2.3333333333333335
7.2
2.25
3.7777777777777777
2.142857142857143
3.0
1.6363636363636365
3.125
2.2
2.2
3.0
2.5
3.6666666666666665
1.8888888888888888
1.4285714285714286
2.6666666666666665
2.4285714285714284
1.1428571428571428
5.0
3.3333333333333335
1.5
2.111111111111111
3.3
2.0
1.6666666666666667
1.4
1.25
1.625
2.1666666666666665
4.666666666666667
1.4285714285714286
2.3333333333333335
1.6666666666666667
