2.6
1.0
3.0
1.6666666666666667
3.75
1.8
1.3333333333333333
1.6666666666666667
1.7142857142857142
3.1666666666666665
1.8
2.4
2.7777777777777777
2.5
3.0
2.7
3.375
2.125
1.7142857142857142
2.2857142857142856
1.8333333333333333
3.7
2.1
1.3333333333333333
2.857142857142857
4.5
3.2857142857142856
2.8
2.8
4.375
2.2
2.5454545454545454
1.3333333333333333
3.0
4.0
1.5
2.6666666666666665
2.5714285714285716
1.0
2.6
2.625
2.5
1.3333333333333333
2.3
2.0
1.3333333333333333
1.6
1.8888888888888888
1.9090909090909092
1.0
2.3333333333333335
1.3333333333333333
2.1666666666666665
1.25
2.4
2.2222222222222223
3.0
4.833333333333333
2.142857142857143
2.5
1.25
2.1666666666666665
3.2857142857142856
2.5
2.090909090909091
1.5
3.2857142857142856
3.2857142857142856
2.8333333333333335
2.5714285714285716
1.6666666666666667
3.0
3.4
2.4285714285714284
1.5
1.75
2.272727272727273
1.5
2.0
1.75
2.6666666666666665
2.6666666666666665
3.0
2.7
2.272727272727273
2.0
3.4444444444444446
1.8
