2.7857142857142856
2.875
1.6666666666666667
2.5
2.0
1.25
1.5
1.6666666666666667
1.3
1.6
2.2
2.25
1.625
1.4285714285714286
5.428571428571429
2.6666666666666665
1.8181818181818181
3.111111111111111
2.6363636363636362
2.25
1.8
2.7777777777777777
2.6666666666666665
1.3333333333333333
2.1666666666666665
1.6666666666666667
4.333333333333333
2.076923076923077
1.5
5.0
1.8571428571428572
3.6
3.3333333333333335
1.8571428571428572
2.0
2.375
2.8
1.0
1.3333333333333333
2.3
1.75
1.25
2.3333333333333335
1.75
3.25
3.0
2.0
2.2857142857142856
1.875
2.4
2.25
2.0
1.75
3.272727272727273
1.8
2.8
2.2222222222222223
3.25
2.4444444444444446
2.7142857142857144
1.2857142857142858
1.6
3.5
3.0
2.0
2.5
2.4545454545454546
1.25
4.0
1.5
1.6
2.2
1.4285714285714286
1.3333333333333333
2.2
2.0
1.5
2.6666666666666665
2.875
