2.375
3.0
1.3333333333333333
1.5555555555555556
1.1428571428571428
2.6666666666666665
1.8571428571428572
2.2857142857142856
3.7777777777777777
2.5
3.25
1.9090909090909092
1.625
2.6666666666666665
4.5
3.0
3.25
3.1666666666666665
2.5
3.111111111111111
3.5
1.6
2.6
1.1111111111111112
2.076923076923077
1.25
2.7777777777777777
1.8
2.375
2.25
2.111111111111111
2.2222222222222223
1.8888888888888888
3.5
1.9090909090909092
2.0
2.4
1.8333333333333333
1.2
2.5
3.0
2.0
1.7142857142857142
2.5
2.6666666666666665
2.625
1.75
2.727272727272727
2.0
1.625
2.142857142857143
8.0
2.875
1.5
2.0
2.6
1.8571428571428572
1.625
1.875
3.5
1.7142857142857142
3.125
3.2
1.1428571428571428
2.2857142857142856
2.1818181818181817
2.142857142857143
1.0
1.6363636363636365
3.0
3.25
2.0
2.2857142857142856
2.1
1.8
3.2222222222222223
2.4545454545454546
2.375
