0.0842013888888889
0.17274305555555555
0.16536458333333334
0.1818576388888889
0.20225694444444445
0.1762152777777778
0.2065972222222222
0.19010416666666666
0.22395833333333334
0.20833333333333334
0.1987847222222222
0.17708333333333334
0.16927083333333334
0.19791666666666666
0.2191840277777778
0.19053819444444445
0.19140625
0.20399305555555555
0.20789930555555555
0.2013888888888889
0.2565104166666667
0.2265625
0.2269965277777778
0.20182291666666666
0.24305555555555555
0.19444444444444445
0.19053819444444445
0.20572916666666666
0.20052083333333334
0.1935763888888889
0.2152777777777778
0.17274305555555555
0.1918402777777778
0.1840277777777778
0.18880208333333334
0.1892361111111111
0.1909722222222222
0.21223958333333334
0.2087673611111111
0.22569444444444445
0.2204861111111111
0.2443576388888889
0.2087673611111111
0.2165798611111111
0.2144097222222222
