0.03602430555555555
0.11588541666666667
0.1328125
0.1597222222222222
0.1792534722222222
0.1801215277777778
0.17881944444444445
0.1675347222222222
0.19053819444444445
0.1779513888888889
0.15885416666666666
0.1957465277777778
0.1909722222222222
0.2087673611111111
0.2287326388888889
0.17881944444444445
0.1918402777777778
0.2105034722222222
0.2404513888888889
0.21875
0.24609375
0.2508680555555556
0.2269965277777778
0.2769097222222222
0.27734375
0.2534722222222222
0.2625868055555556
0.2504340277777778
0.24088541666666666
0.18619791666666666
0.21006944444444445
0.21571180555555555
0.21571180555555555
0.18880208333333334
0.22395833333333334
0.2673611111111111
0.22743055555555555
0.2673611111111111
0.21961805555555555
0.2743055555555556
0.2638888888888889
0.24869791666666666
0.2361111111111111
0.2612847222222222
0.2508680555555556
0.2547743055555556
