0.04513888888888889
0.1449652777777778
0.12413194444444445
0.1640625
0.20399305555555555
0.16883680555555555
0.2170138888888889
0.20703125
0.1948784722222222
0.1853298611111111
0.1879340277777778
0.2074652777777778
0.20399305555555555
0.1870659722222222
0.23133680555555555
0.22569444444444445
0.22960069444444445
0.16927083333333334
0.1545138888888889
0.2013888888888889
0.24305555555555555
0.2547743055555556
0.22743055555555555
0.2387152777777778
0.2664930555555556
0.2261284722222222
0.22916666666666666
0.1931423611111111
0.21614583333333334
0.20789930555555555
0.18619791666666666
0.21223958333333334
0.2309027777777778
0.18880208333333334
0.2026909722222222
0.1762152777777778
0.17491319444444445
0.2165798611111111
0.23350694444444445
0.23307291666666666
0.20052083333333334
0.2287326388888889
0.2465277777777778
0.19618055555555555
0.19661458333333334
0.2009548611111111
0.20182291666666666
