0.028211805555555556
0.15147569444444445
0.17491319444444445
0.15234375
0.1896701388888889
0.2048611111111111
0.18055555555555555
0.2165798611111111
0.21571180555555555
0.21875
0.22786458333333334
0.2421875
0.25390625
0.24739583333333334
0.2456597222222222
0.2747395833333333
0.2769097222222222
0.2699652777777778
0.2526041666666667
0.2573784722222222
0.2673611111111111
0.24609375
0.2630208333333333
0.2721354166666667
0.21571180555555555
0.23741319444444445
0.2690972222222222
0.21875
0.2699652777777778
0.2751736111111111
0.2664930555555556
0.24305555555555555
0.24479166666666666
0.2595486111111111
0.2361111111111111
0.2738715277777778
0.2465277777777778
0.2339409722222222
0.265625
0.2703993055555556
0.2565104166666667
0.2764756944444444
0.2651909722222222
0.2495659722222222
0.2074652777777778
0.25
0.24696180555555555
0.22960069444444445
0.2686631944444444
0.2803819444444444
0.2782118055555556
