27.0
53.333333333333336
100.25
126.0
59.333333333333336
55.285714285714285
91.8
107.66666666666667
53.4
62.6
87.25
63.0
48.142857142857146
59.0
72.2
123.0
81.5
59.5
67.0
59.0
72.2
78.6
102.0
207.5
130.0
104.25
104.25
108.33333333333333
198.0
143.0
87.8
128.0
100.75
192.0
145.0
143.0
210.0
209.5
93.5
64.33333333333333
120.0
144.66666666666666
130.33333333333334
206.5
76.2
55.0
84.0
43.25
101.0
56.5
60.5
84.75
99.25
50.0
72.4
79.6
69.8
130.0
64.8
58.6
88.0
69.2
83.0
107.5
65.66666666666667
103.0
107.5
185.0
98.25
66.83333333333333
97.0
41.5
130.33333333333334
89.75
101.25
186.0
119.0
73.0
56.666666666666664
76.75
110.66666666666667
124.0
111.0
136.66666666666666
124.0
113.66666666666667
131.66666666666666
119.0
79.8
82.25
99.25
99.25
116.0
110.25
84.8
74.0
137.66666666666666
117.0
72.4
82.25
100.5
92.75
200.5
80.5
129.0
190.0
116.33333333333333
104.33333333333333
90.0
146.0
75.2
101.0
109.33333333333333
87.8
86.0
105.5
89.25
95.25
68.2
132.0
