31.333333333333332
49.6
81.5
78.4
106.66666666666667
122.0
97.5
75.4
60.0
76.0
140.33333333333334
100.0
164.0
97.5
144.33333333333334
108.5
138.0
139.0
146.33333333333334
220.5
130.66666666666666
187.5
188.0
121.33333333333333
99.75
136.0
95.75
145.0
213.0
196.0
79.6
183.0
114.0
80.6
47.25
120.33333333333333
105.0
102.75
134.0
88.5
127.33333333333333
113.66666666666667
120.33333333333333
167.0
114.66666666666667
166.5
176.5
117.33333333333333
94.75
162.0
193.5
95.25
75.75
91.25
73.2
105.5
211.0
117.33333333333333
97.5
205.0
101.5
145.0
99.0
131.0
200.0
208.5
202.0
128.66666666666666
124.0
178.0
125.33333333333333
124.33333333333333
192.0
197.0
90.5
87.25
140.0
152.33333333333334
83.4
230.5
138.0
80.8
107.25
218.5
107.0
114.0
213.5
140.66666666666666
130.33333333333334
140.66666666666666
186.0
72.6
94.75
97.75
67.66666666666667
127.0
166.5
90.0
74.0
73.0
59.42857142857143
62.833333333333336
115.33333333333333
60.666666666666664
83.0
60.166666666666664
91.0
65.33333333333333
103.75
100.75
54.0
117.66666666666667
77.75
59.2
108.33333333333333
91.75
72.6
118.33333333333333
116.66666666666667
75.5
