27.8
47.666666666666664
63.2
104.75
109.33333333333333
72.4
53.142857142857146
62.333333333333336
69.4
59.0
82.0
87.75
73.2
66.8
204.0
140.33333333333334
115.33333333333333
110.33333333333333
86.75
137.33333333333334
123.33333333333333
142.33333333333334
107.0
92.75
93.5
89.75
131.0
111.0
63.5
128.0
96.0
103.0
59.333333333333336
54.0
202.5
163.0
94.25
54.714285714285715
127.66666666666667
77.6
91.5
76.2
115.66666666666667
100.75
102.5
128.66666666666666
207.5
188.0
137.66666666666666
99.5
94.25
200.5
102.25
104.75
197.0
122.66666666666667
191.0
123.0
121.66666666666667
178.0
96.75
91.25
202.5
66.33333333333333
104.0
123.66666666666667
103.5
71.5
65.5
112.33333333333333
64.33333333333333
66.33333333333333
126.66666666666667
137.0
92.0
125.66666666666667
86.6
100.0
152.0
113.25
108.33333333333333
74.25
114.0
85.0
85.25
91.5
67.66666666666667
56.5
124.33333333333333
111.0
141.66666666666666
72.8
86.25
102.5
78.4
97.25
50.25
81.5
62.833333333333336
62.0
70.4
67.8
90.0
59.166666666666664
87.33333333333333
76.4
