42.5
46.714285714285715
70.6
68.25
81.8
99.75
74.8
121.33333333333333
69.83333333333333
62.666666666666664
84.5
75.25
102.75
88.5
198.5
128.0
93.25
75.6
64.6
82.5
85.6
67.0
135.0
115.33333333333333
177.0
224.0
230.0
151.66666666666666
142.0
215.5
195.0
209.5
207.5
106.5
101.5
96.5
88.5
71.6
109.0
154.33333333333334
103.25
147.66666666666666
211.0
222.5
217.0
150.0
206.0
144.0
110.5
221.5
108.75
122.0
74.4
115.0
132.33333333333334
117.33333333333333
206.0
110.66666666666667
127.66666666666667
199.5
130.66666666666666
86.0
201.5
61.42857142857143
133.33333333333334
134.66666666666666
139.66666666666666
131.66666666666666
85.4
187.0
118.66666666666667
88.0
83.2
81.6
71.5
72.4
85.2
64.0
53.0
183.5
57.714285714285715
99.5
103.25
94.75
93.0
87.5
97.75
122.66666666666667
135.33333333333334
84.5
118.33333333333333
119.66666666666667
145.33333333333334
95.25
177.5
94.25
132.33333333333334
131.66666666666666
62.666666666666664
64.0
100.0
97.5
176.5
101.33333333333333
92.0
89.5
119.66666666666667
106.66666666666667
68.0
118.66666666666667
65.8
121.66666666666667
127.0
91.5
