0.493280770725295
0.5630526389969883
0.5327310758353959
0.7209176796915413
0.5759105100246655
0.6452849703804556
0.6372323100617068
0.6031473359321959
0.6137473191471744
0.7075589858533774
0.5636790421316972
0.46967135181213554
0.47559340697657465
0.5813964806229299
0.516199257015167
0.5251329603577033
0.6420300919077109
0.5519199276539724
0.42133853803856136
0.5345053717472669
0.6634980894549508
0.6771865383305412
0.5808775865524622
0.44933206965563066
0.4364053354573119
0.4972789941609473
0.5990037444421308
0.4578840005894869
0.5310409263534175
0.5346392601795302
0.5371839664494663
0.5423397258362433
0.6333373282598794
0.4562320694619908
0.6236512181237296
0.4671929416072385
0.5853889235062671
0.49097844438196037
0.6517473135039912
0.6034699266648407
0.6551227642288286
0.49023804268724175
0.4398486201589721
0.49920215133547186
0.5057074414480194
0.6676391102335071
0.5328201474525444
0.5608564865652829
0.6794062748438335
0.6660926023851884
0.554761694688641
0.5541119874558758
0.577695304693227
0.5978931390355672
0.6143590331653933
0.6490647821552677
0.5742666150503263
0.5548762445013333
0.6241625524669667
0.5766605549298224
0.5781317674027324
0.5572434521477326
0.6631508549008701
0.6039245666897645
0.4870864017031296
0.4667747084108598
0.5032432736019159
0.6494246735122686
0.6444350277091331
0.6502394181777671
