0.464235424710943
0.5968238067064944
0.6536210818085685
0.531703366869695
0.6796541386865758
0.5945320147031514
0.5044450886441145
0.6035625425937682
0.5428654782892328
0.5866607119551598
0.6017652536548231
0.6129501036915518
0.5325420231259279
0.5638859401449868
0.5006289217285816
0.5947566453475654
0.6193255742452018
0.4800546244155962
0.546136617271656
0.5756803067630153
0.5779875080733858
0.5790672025196072
0.4691842928502605
0.6652526184638863
0.455207258570401
0.4553919513646752
0.6474935732225471
0.6984962189177784
0.6204554913834428
0.6054049950034786
0.546417733459886
0.5622337538287444
0.42308779739112495
0.45991021162939844
0.5181023801977369
0.6086366400796771
0.6082384827219398
0.45217627467985955
0.657287069376563
0.5861087284790368
0.40421883099013656
0.5518615387222215
0.5395574144649153
0.5599331743046494
0.4702832694064254
0.4419006566630297
0.5291459487467715
0.6679593462544117
0.523690836738923
0.5622142963113751
0.5297970791496374
0.5586562923614347
0.34316203089663455
0.5633802759731029
0.4696455162501871
0.5905841050596818
0.6217759745588985
0.5792773188983316
0.6406174707702897
0.6579404148482317
0.59153951551481
0.592658328680573
0.6470979557961333
0.5154582156168745
0.7168643880580737
0.673149504390215
0.5969716344501568
