0.4445637288776111
0.5441385079670699
0.49374751029269387
0.4981728363173845
-2
0.5563612077702321
0.6095339237495918
0.40447964068587877
0.4077436527717252
0.5892859769622688
0.6533791195840535
0.6714178083018792
0.5120428709155291
0.4994817579691248
0.5066223164599808
0.5539628740786324
0.49329296946795614
0.6108927067898192
0.5923897128216167
0.5915090167675663
0.5520977351911317
0.7063658997157338
0.5605064365454099
0.5359667769829068
0.40495421818342087
0.6125787640154874
0.6135779062417456
0.5591331394019363
0.5024226939596808
0.5668664451982199
0.5862045034575095
0.43448131554239927
0.5166950430113628
0.5413191934393707
0.627431331428203
0.5572904744684074
0.6455059332504334
0.5627172059593285
0.5640460033495772
0.4913292681865478
0.44562408835928385
0.5264454294944992
0.5469428461516497
0.6209481464790285
0.5216729912560625
2
0.473699071720579
0.7071635168409162
0.5772605742449194
0.6092786631789641
0.5929501906440386
0.566006371309085
0.5378814774511551
0.5176492873198715
0.39423745347790534
0.603405879463029
0.5124588403947445
0.5407265134934673
0.6680612237874717
0.5073207249293752
0.4851914037841134
0.5132823347083554
0.5768457646424613
0.6295007060768077
0.6308430016477509
0.6212669277170817
0.5132686628940608
0.5013819624454655
0.5989652038059748
0.5813779575773367
0.6191618107176852
0.6227009583138428
0.5126756323875801
0.4842684476498705
0.6336237218087656
0.6929955596919708
0.48171388725002184
0.6403305638218282
0.5932620422283493
