0.5063344148046728
0.5591312788018681
0.5692883742207948
0.6445944372922047
0.5413861108983078
0.5615316293883835
0.6258390283054664
0.6098295990127931
0.5303952039916008
0.578737067058198
0.5902481905712862
0.6157488158021263
0.6481786609380318
0.5354233340621057
0.3771900035240881
0.3557520401510883
0.5809945652553237
0.5911449253058082
0.5858231311158933
0.6560830854574183
0.4815277545462549
0.4399948700122967
0.5948302673556116
0.6021294603509679
0.5645662960316976
0.5180223573248814
0.6088540614630522
0.46936176433630317
0.49313204071545647
0.4784829356034585
0.5270869754262635
0.6538898308532963
0.6054638938228114
0.5355537437453464
0.490059872709769
0.49713805319623355
0.5637511034919309
0.7257320208246123
0.6440395203573043
0.5721101565972638
0.5961542434797658
0.46539906220093086
0.5701901185447361
0.6202261956603798
