12.5
17.0
55.5
46.0
32.0
24.0
48.0
67.0
47.5
54.0
38.0
15.5
46.0
31.0
43.0
45.0
43.0
52.5
44.0
54.5
56.5
43.5
26.0
29.0
51.5
44.5
43.0
23.0
44.5
44.5
44.5
47.5
54.5
15.5
49.0
64.0
63.5
44.5
54.5
42.0
12.0
33.0
44.0
24.5
58.0
62.5
53.0
50.5
21.5
58.0
34.5
43.5
52.5
50.0
18.0
43.5
43.5
39.5
55.0
42.0
43.0
39.333333333333336
30.0
38.0
37.0
36.0
30.333333333333332
20.0
55.5
27.5
51.5
51.0
47.5
45.0
35.5
55.5
34.0
62.5
59.0
47.0
52.0
57.0
37.0
49.0
40.5
56.5
62.5
44.5
53.0
36.0
54.5
54.0
36.0
32.0
44.0
57.5
46.5
59.5
55.5
43.5
59.0
61.0
66.5
42.0
60.0
32.0
55.5
61.0
28.0
14.0
44.0
60.0
17.0
61.5
50.0
53.0
0.0
44.5
41.5
47.0
36.0
