0.0
0.0
19.5
0.0
13.5
0.0
0.0
1.5
0.0
2.0
14.0
0.0
0.0
13.0
14.5
13.0
16.0
0.0
17.5
2.0
1.5
15.5
0.0
13.0
0.0
13.0
3.5
17.5
21.0
13.0
19.5
14.0
18.5
0.0
15.5
1.5
3.5
8.0
19.0
0.0
0.0
18.5
20.0
0.0
3.0
17.5
0.0
15.0
0.0
13.0
18.0
0.0
0.0
2.5
18.5
13.5
0.0
0.0
15.0
14.5
18.5
3.5
19.0
0.0
0.0
0.0
0.5
0.0
7.0
19.0
17.0
3.0
8.0
0.0
0.0
0.0
0.5
6.5
19.0
13.0
0.0
1.5
0.0
16.0
5.0
0.0
6.5
0.0
0.0
13.5
17.0
3.0
0.0
1.5
13.0
5.0
16.5
21.5
4.0
0.0
5.5
2.0
2.0
0.0
9.0
19.0
15.0
13.0
0.0
13.0
0.0
4.0
13.0
7.0
15.5
16.5
13.0
0.0
18.0
0.0
16.0
