# ../../src/prob2kcalPerMol.py --suffix freeEnergyLandscapes/3888 --dat_file ../../data/auxCoords/meancoredppc/3888.dat
# # column 0: midpoint of bin
# # column 1: delG of the bin in kcal per mol
5.000000000000000000e+00	2.701481090503737859e-01
1.500000000000000000e+01	0.000000000000000000e+00
2.500000000000000000e+01	6.660176366895736999e-01
3.500000000000000000e+01	8.362217577313154626e-01
4.500000000000000000e+01	7.255577537029204160e-01
5.500000000000000000e+01	9.714400948050059270e-01
6.500000000000000000e+01	1.054790532691509242e+00
7.500000000000000000e+01	1.201818813955490839e+00
8.500000000000000000e+01	1.483592018551205038e+00
9.500000000000000000e+01	1.601465269594577245e+00
1.050000000000000000e+02	1.786494136133472521e+00
1.150000000000000000e+02	2.211416444387122482e+00
1.250000000000000000e+02	2.591657488169541335e+00
1.350000000000000000e+02	3.159604001212063640e+00
1.450000000000000000e+02	4.381203090334828687e+00
1.550000000000000000e+02	3.719288304150980107e+00
1.650000000000000000e+02	inf
1.750000000000000000e+02	4.277171073817896740e+00
1.850000000000000000e+02	3.750366666082351585e+00
1.950000000000000000e+02	1.296535293231964481e+01
2.050000000000000000e+02	inf
2.150000000000000000e+02	inf
2.250000000000000000e+02	inf
2.350000000000000000e+02	inf
2.450000000000000000e+02	5.072847154697716299e+00
2.550000000000000000e+02	inf
2.650000000000000000e+02	5.066949818262383332e+00
2.750000000000000000e+02	9.867953435386358052e+00
2.850000000000000000e+02	inf
2.950000000000000000e+02	inf
3.050000000000000000e+02	inf
3.150000000000000000e+02	inf
3.250000000000000000e+02	inf
3.350000000000000000e+02	inf
3.450000000000000000e+02	inf
3.550000000000000000e+02	inf
3.650000000000000000e+02	inf
3.750000000000000000e+02	inf
3.850000000000000000e+02	inf
3.950000000000000000e+02	inf
4.050000000000000000e+02	inf
4.150000000000000000e+02	inf
4.250000000000000000e+02	inf
4.350000000000000000e+02	inf
4.450000000000000000e+02	inf
4.550000000000000000e+02	inf
4.650000000000000000e+02	inf
4.750000000000000000e+02	inf
4.850000000000000000e+02	inf
4.950000000000000000e+02	inf
5.050000000000000000e+02	inf
5.150000000000000000e+02	inf
5.250000000000000000e+02	inf
5.350000000000000000e+02	inf
5.450000000000000000e+02	inf
5.550000000000000000e+02	inf
5.650000000000000000e+02	inf
5.750000000000000000e+02	inf
5.850000000000000000e+02	inf
5.950000000000000000e+02	inf
6.050000000000000000e+02	inf
6.150000000000000000e+02	inf
6.250000000000000000e+02	inf
6.350000000000000000e+02	inf
6.450000000000000000e+02	inf
6.550000000000000000e+02	inf
6.650000000000000000e+02	inf
6.750000000000000000e+02	inf
6.850000000000000000e+02	inf
6.950000000000000000e+02	inf
7.050000000000000000e+02	inf
7.150000000000000000e+02	inf
7.250000000000000000e+02	inf
7.350000000000000000e+02	inf
7.450000000000000000e+02	inf
7.550000000000000000e+02	inf
7.650000000000000000e+02	inf
7.750000000000000000e+02	inf
7.850000000000000000e+02	inf
7.950000000000000000e+02	inf
