0.0
0.5471014492753623
0.7572463768115942
0.7644927536231884
0.6739130434782609
0.605072463768116
0.532608695652174
0.5905797101449275
0.6159420289855072
0.7028985507246377
0.6231884057971014
0.7246376811594203
0.6159420289855072
0.6666666666666666
0.8442028985507246
0.7753623188405797
0.7210144927536232
0.7536231884057971
0.7463768115942029
0.7101449275362319
0.5833333333333334
0.4782608695652174
0.7971014492753623
0.6413043478260869
0.5615942028985508
0.6413043478260869
0.6485507246376812
0.4601449275362319
0.32971014492753625
0.4384057971014493
0.7572463768115942
0.7318840579710145
0.6992753623188406
0.7355072463768116
0.7717391304347826
0.6521739130434783
0.6666666666666666
0.7210144927536232
0.5905797101449275
0.6304347826086957
0.6884057971014492
0.8152173913043478
0.463768115942029
0.6956521739130435
0.6014492753623188
0.4601449275362319
0.7463768115942029
0.6557971014492754
0.6340579710144928
0.6702898550724637
0.4927536231884058
0.8188405797101449
0.717391304347826
0.6123188405797102
0.5398550724637681
0.7572463768115942
0.6920289855072463
0.6413043478260869
0.6739130434782609
0.35507246376811596
0.6485507246376812
0.6594202898550725
0.717391304347826
0.7282608695652174
0.7717391304347826
0.7427536231884058
0.7934782608695652
0.6231884057971014
0.6195652173913043
0.6847826086956522
0.7971014492753623
0.8079710144927537
0.677536231884058
0.6666666666666666
0.6557971014492754
0.5797101449275363
0.7101449275362319
0.7210144927536232
0.7644927536231884
0.532608695652174
0.5833333333333334
0.5615942028985508
0.8985507246376812
0.6630434782608695
0.8043478260869565
0.644927536231884
0.8007246376811594
0.7101449275362319
0.8369565217391305
0.6811594202898551
0.7753623188405797
0.47101449275362317
0.6159420289855072
0.7717391304347826
0.6485507246376812
0.44565217391304346
0.7282608695652174
0.5471014492753623
0.5072463768115942
0.8514492753623188
0.8043478260869565
0.8442028985507246
0.7101449275362319
0.6123188405797102
0.7898550724637681
0.6666666666666666
0.6666666666666666
0.6847826086956522
0.6557971014492754
0.5579710144927537
0.5362318840579711
0.572463768115942
0.6557971014492754
