0.0
0.6847826086956522
0.677536231884058
0.7934782608695652
0.7717391304347826
0.7355072463768116
0.4384057971014493
0.5398550724637681
0.7137681159420289
0.7463768115942029
0.7753623188405797
0.7065217391304348
0.7065217391304348
0.717391304347826
0.3804347826086957
0.5652173913043478
0.6666666666666666
0.4891304347826087
0.6847826086956522
0.34782608695652173
0.677536231884058
0.5978260869565217
0.5434782608695652
0.4963768115942029
0.6413043478260869
0.5543478260869565
0.7862318840579711
0.7065217391304348
0.677536231884058
0.5144927536231884
0.7572463768115942
0.6594202898550725
0.8043478260869565
0.6884057971014492
0.6739130434782609
0.7717391304347826
0.7282608695652174
0.7282608695652174
0.7065217391304348
0.6666666666666666
0.8007246376811594
0.8115942028985508
0.9311594202898551
0.8731884057971014
0.717391304347826
0.6956521739130435
0.6847826086956522
0.6666666666666666
0.6956521739130435
0.6557971014492754
0.7028985507246377
0.7681159420289855
0.7065217391304348
0.8731884057971014
0.7318840579710145
0.7971014492753623
0.7355072463768116
0.7065217391304348
0.8007246376811594
0.5688405797101449
0.8043478260869565
0.6231884057971014
0.7934782608695652
0.6920289855072463
0.7282608695652174
0.7934782608695652
0.44565217391304346
0.7065217391304348
0.7898550724637681
0.644927536231884
