7.0
18.0
0.5
2.0
27.0
32.0
14.0
15.5
14.0
25.197001585285676
6.5
12.0
5.5
21.0
32.0
6.0
5.0
3.0
12.5
13.0
18.78533707147383
7.0
22.395436042987765
7.0
8.5
18.0
10.5
21.0
37.0
11.5
15.173075568988056
4.5
3.0
18.00617178142601
24.0
15.5
13.474255287605157
1.5
16.268579122549905
23.5
3.0
28.24889378365107
23.098821518760552
25.590796956892312
18.5
9.5
15.0
19.5
10.0
4.5
19.5
2.0
10.5
3.5
11.597413504743201
8.0
2.943920288775949
15.0
6.5
13.5
28.24889378365107
10.370899457402697
19.5
29.5
10.5
3.5
24.5
3.0
8.0
7.0
26.5
22.55363976538303
17.0
9.0
13.4412301024373
10.0
30.0
32.0
17.0
9.0
3.265986323710904
13.5
27.0
6.0
12.0
26.0
2.5
13.5
7.0
14.0
12.0
30.011109054259666
0.5
6.0
9.0
41.5
9.273618495495704
27.860764925289153
2.0
14.5
23.612614331233114
3.5
2.0
9.0
6.0
27.39018477889885
19.754043186705402
10.5
10.0
7.5
3.5
23.0
6.599663291074443
