1.0
16.5
19.344824171395878
14.0
2.5
9.0
5.0
27.5
17.5
15.5
34.5
33.5
18.0
19.0
25.0
2.5
25.5
8.0
5.0
24.0
21.5
27.0
17.5
21.5
12.5
29.0
5.5
0.5
9.5
0.5
1.0
22.0
0.0
13.0
11.0
19.5
37.0
25.69478978746902
12.0
8.576453553512405
21.0
4.5
8.5
1.5
19.201236939322424
27.0
18.0
23.03620339089466
12.5
3.7712361663282534
5.5
0.5
16.006942938057293
20.396078054371138
10.0
9.5
17.5
12.0
4.5
8.0
16.87206764645835
7.0
22.861904265976328
16.0
8.0
11.0
12.5
14.0
12.0
27.824849006278942
8.671072598012312
24.0
21.5
14.5
3.0
20.5
5.5
25.5
6.5
25.0
24.5
1.5
6.0
10.338708279513883
11.0
14.5
4.0
17.98765008430939
4.0
33.0
19.5
12.0
12.0
31.5
36.5
29.5
0.5
7.483314773547883
21.0
1.0
13.5
19.362047641943477
38.5
7.5
10.5
7.0
20.5
5.312459150169742
16.0
7.5
7.0
3.7712361663282534
26.166135875720485
18.5
19.0
4.0
17.5
9.5
19.5
15.0
5.0
1.0
20.0
40.0
0.5
11.5
7.0
13.5
