0.265625
0.5572916666666666
0.9166666666666666
0.5677083333333334
0.7291666666666666
0.7760416666666666
0.5208333333333334
0.5104166666666666
0.6666666666666666
0.3802083333333333
0.6354166666666666
0.7447916666666666
0.8020833333333334
0.65625
0.671875
0.6041666666666666
0.7552083333333334
0.84375
0.5104166666666666
0.4791666666666667
0.6145833333333334
0.890625
0.8072916666666666
0.7864583333333334
0.7447916666666666
0.3385416666666667
0.71875
0.8385416666666666
0.6041666666666666
0.75
0.7395833333333334
0.734375
0.625
0.7135416666666666
0.84375
0.78125
0.8541666666666666
0.8802083333333334
0.6822916666666666
0.6822916666666666
0.7135416666666666
0.71875
0.7604166666666666
0.6510416666666666
0.7291666666666666
0.7239583333333334
0.5364583333333334
0.8177083333333334
0.734375
0.796875
0.7395833333333334
0.6145833333333334
0.6354166666666666
0.671875
0.6145833333333334
0.7760416666666666
0.75
0.7135416666666666
0.7447916666666666
0.21875
0.6041666666666666
0.7760416666666666
0.6875
0.6614583333333334
0.796875
0.3125
0.4739583333333333
0.4427083333333333
0.7760416666666666
0.7604166666666666
0.75
0.7604166666666666
0.6041666666666666
0.5833333333333334
0.453125
0.4479166666666667
0.796875
0.7916666666666666
0.8177083333333334
0.8072916666666666
0.6197916666666666
0.6614583333333334
0.7395833333333334
0.6354166666666666
0.8125
0.890625
0.7447916666666666
0.5364583333333334
0.7135416666666666
0.84375
0.5989583333333334
0.78125
0.6822916666666666
0.5989583333333334
0.5260416666666666
0.578125
0.4947916666666667
0.8072916666666666
0.421875
0.7447916666666666
0.796875
0.890625
0.671875
0.640625
0.7083333333333334
0.671875
0.390625
0.6197916666666666
0.8229166666666666
0.4583333333333333
0.6927083333333334
0.703125
0.8489583333333334
0.71875
0.7135416666666666
0.6145833333333334
0.671875
0.578125
0.546875
0.7083333333333334
0.3958333333333333
0.8229166666666666
0.5572916666666666
0.4375
0.5729166666666666
0.7552083333333334
0.78125
0.5520833333333334
0.6822916666666666
0.8697916666666666
