0.5625
0.7604166666666666
0.7239583333333334
0.6666666666666666
0.5208333333333334
0.5729166666666666
0.7604166666666666
0.6822916666666666
0.6145833333333334
0.7135416666666666
0.609375
0.7708333333333334
0.8072916666666666
0.7708333333333334
0.5729166666666666
0.8333333333333334
0.7916666666666666
0.7395833333333334
0.7760416666666666
0.7291666666666666
0.7604166666666666
0.71875
0.8645833333333334
0.6666666666666666
0.7447916666666666
0.6145833333333334
0.609375
0.71875
0.625
0.5885416666666666
0.7916666666666666
0.828125
0.875
0.6510416666666666
0.6770833333333334
0.7135416666666666
0.2864583333333333
0.6510416666666666
0.71875
0.703125
0.8020833333333334
0.859375
0.6145833333333334
0.7708333333333334
0.640625
0.8072916666666666
0.7291666666666666
0.6822916666666666
0.4583333333333333
0.6510416666666666
0.5885416666666666
0.6145833333333334
0.4739583333333333
0.4739583333333333
0.6458333333333334
0.6666666666666666
0.703125
0.7083333333333334
0.8177083333333334
0.5260416666666666
0.78125
0.4739583333333333
0.5260416666666666
0.6510416666666666
0.7239583333333334
0.8072916666666666
0.734375
0.7916666666666666
0.6041666666666666
0.7395833333333334
0.515625
0.796875
0.71875
0.65625
0.65625
0.7604166666666666
0.5520833333333334
0.6354166666666666
0.4895833333333333
0.6770833333333334
0.609375
0.5989583333333334
0.5625
0.7916666666666666
0.625
0.5208333333333334
0.7447916666666666
0.765625
0.6875
0.6458333333333334
0.71875
0.828125
0.6302083333333334
0.8125
0.8229166666666666
0.4322916666666667
0.5625
0.7604166666666666
0.6875
0.7552083333333334
0.7760416666666666
0.8385416666666666
0.75
0.6666666666666666
0.78125
0.6927083333333334
0.7760416666666666
0.703125
0.6041666666666666
0.859375
0.5989583333333334
0.65625
0.4479166666666667
