0.19270833333333334
0.6770833333333334
0.703125
0.765625
0.7083333333333334
0.4947916666666667
0.578125
0.4895833333333333
0.5520833333333334
0.7864583333333334
0.8229166666666666
0.7708333333333334
0.5729166666666666
0.7916666666666666
0.5416666666666666
0.5208333333333334
0.6979166666666666
0.3958333333333333
0.5833333333333334
0.71875
0.4739583333333333
0.625
0.5572916666666666
0.8125
0.5729166666666666
0.5572916666666666
0.78125
0.5833333333333334
0.6614583333333334
0.5208333333333334
0.7708333333333334
0.625
0.7291666666666666
0.8645833333333334
0.703125
0.8125
0.7760416666666666
0.6822916666666666
0.78125
0.8125
0.859375
0.625
0.8125
0.8645833333333334
0.8177083333333334
0.7447916666666666
0.765625
0.6666666666666666
0.8333333333333334
0.78125
0.8385416666666666
0.828125
0.8020833333333334
0.8125
0.5885416666666666
0.7708333333333334
0.9375
0.8854166666666666
0.6666666666666666
0.6979166666666666
0.75
0.5833333333333334
0.84375
0.6666666666666666
0.4114583333333333
0.6927083333333334
0.7552083333333334
0.6822916666666666
0.703125
0.4895833333333333
