0.2916666666666667
0.7760416666666666
0.8385416666666666
0.7916666666666666
0.5677083333333334
0.625
0.8125
0.6614583333333334
0.734375
0.6302083333333334
0.609375
0.5885416666666666
0.7604166666666666
0.6354166666666666
0.6666666666666666
0.6927083333333334
0.7239583333333334
0.78125
0.6145833333333334
0.6770833333333334
0.640625
0.625
0.6302083333333334
0.4739583333333333
0.609375
0.625
0.6927083333333334
0.8072916666666666
0.7239583333333334
0.765625
0.5104166666666666
0.59375
0.7916666666666666
0.6979166666666666
0.75
0.8385416666666666
0.3854166666666667
0.6510416666666666
0.65625
0.6041666666666666
0.4583333333333333
0.796875
0.796875
0.6302083333333334
0.7864583333333334
0.5208333333333334
0.78125
0.90625
0.5364583333333334
0.4010416666666667
0.4114583333333333
0.4427083333333333
0.7604166666666666
0.671875
0.78125
0.6927083333333334
0.796875
0.8125
0.6614583333333334
0.8333333333333334
0.703125
0.7083333333333334
0.734375
0.75
0.8229166666666666
0.6770833333333334
0.6614583333333334
0.7291666666666666
0.7291666666666666
0.8229166666666666
0.7864583333333334
0.6666666666666666
0.22395833333333334
0.4010416666666667
0.59375
0.453125
0.453125
0.7447916666666666
0.6302083333333334
0.6666666666666666
0.7760416666666666
0.3802083333333333
0.4375
0.6927083333333334
0.65625
0.5989583333333334
0.6354166666666666
0.5885416666666666
0.7604166666666666
0.7291666666666666
0.703125
0.6354166666666666
0.7083333333333334
0.5677083333333334
0.3802083333333333
0.6614583333333334
0.5677083333333334
0.515625
0.7083333333333334
0.9166666666666666
0.7239583333333334
0.7447916666666666
0.640625
0.578125
0.8489583333333334
0.7291666666666666
0.6822916666666666
0.4895833333333333
0.7291666666666666
0.5677083333333334
0.7291666666666666
0.4010416666666667
0.84375
0.546875
0.6875
0.8854166666666666
0.734375
0.7239583333333334
0.7760416666666666
0.8125
0.6979166666666666
0.7916666666666666
0.6354166666666666
0.4166666666666667
0.703125
0.671875
0.4895833333333333
0.5572916666666666
