0.0
8.0
16.0
7.5
4.5
9.0
7.0
11.5
2.0
4.0
7.5
17.5
4.5
0.0
9.5
1.5
3.5
10.5
7.0
16.5
8.0
19.0
13.5
19.5
4.5
4.0
6.0
5.5
6.0
11.5
17.5
1.0
6.0
4.333333333333333
15.0
9.5
20.5
12.0
9.5
5.5
15.0
7.0
11.0
4.5
4.0
4.5
2.5
1.0
4.0
4.0
2.0
1.0
3.5
8.0
5.0
12.0
8.0
11.5
9.0
3.5
5.0
13.5
7.5
7.5
10.5
2.5
2.5
5.0
10.5
17.5
13.5
14.0
4.0
1.5
3.5
5.5
4.0
9.5
20.5
12.0
1.5
2.0
13.5
17.5
12.333333333333334
15.5
12.0
8.0
21.0
20.0
23.5
10.0
4.5
13.0
3.5
0.0
8.5
6.5
5.666666666666667
8.5
19.5
18.0
2.0
3.0
0.5
6.0
4.5
5.0
14.0
8.0
4.5
7.5
1.5
10.5
19.0
9.0
6.666666666666667
9.0
4.5
4.0
2.3333333333333335
6.0
8.5
2.0
11.0
15.5
16.5
10.0
4.0
11.5
