0.0
1.5
15.0
9.0
1.5
2.6666666666666665
6.0
7.0
7.0
5.333333333333333
2.3333333333333335
5.333333333333333
8.0
11.5
15.5
14.0
19.0
10.0
8.5
6.0
3.5
0.5
10.0
0.5
16.0
20.0
5.0
11.0
4.5
6.5
5.0
15.5
7.5
6.5
4.5
8.5
4.5
6.5
7.0
9.0
18.0
11.0
4.5
4.5
4.0
6.5
6.0
1.0
9.0
2.0
6.0
5.0
7.5
1.5
5.0
5.0
2.0
10.5
13.0
2.0
11.5
2.6666666666666665
10.5
17.5
18.5
21.0
10.0
6.0
7.5
5.5
13.0
11.0
13.5
6.0
5.0
10.5
10.0
7.0
2.0
1.5
6.0
6.0
21.0
3.3333333333333335
19.0
13.0
23.0
20.0
21.5
3.0
10.5
5.5
0.0
6.5
5.5
1.0
0.0
6.5
6.5
8.0
14.5
19.5
7.5
8.5
22.0
13.5
3.0
0.5
6.0
3.0
6.5
12.5
1.5
