0.0
4.5
14.5
7.0
6.0
4.0
5.5
2.0
4.5
0.5
0.5
7.5
9.0
7.0
16.5
14.0
16.5
8.5
8.5
2.0
4.333333333333333
2.0
9.0
2.5
9.5
0.0
16.0
14.5
13.5
4.0
3.5
3.5
8.0
16.0
10.666666666666666
17.5
10.0
10.0
12.0
16.0
5.5
6.0
15.0
6.0
25.5
24.0
25.5
25.0
17.5
9.0
2.0
9.0
2.0
2.3333333333333335
9.5
20.0
5.333333333333333
16.5
13.0
14.5
7.5
7.0
8.0
11.0
1.5
6.0
10.5
17.0
4.5
13.5
8.0
1.5
2.5
4.5
11.5
5.5
11.5
15.0
9.0
18.0
18.0
6.5
9.5
2.5
8.5
1.0
2.5
5.5
15.5
18.0
12.0
7.5
1.5
6.5
0.5
12.0
7.5
10.0
17.5
13.5
19.5
10.5
9.0
5.5
13.0
25.0
10.5
13.0
15.0
13.0
15.5
10.5
8.5
5.666666666666667
3.3333333333333335
9.5
12.0
12.5
4.5
10.5
5.0
14.5
11.0
14.5
2.0
0.0
2.0
5.0
