46.55555555555556
43.0
41.714285714285715
43.25
54.0
38.333333333333336
35.166666666666664
43.2
33.142857142857146
59.75
37.57142857142857
49.0
38.333333333333336
45.142857142857146
37.55555555555556
35.375
48.714285714285715
43.375
43.2
44.4
29.75
38.833333333333336
42.888888888888886
51.166666666666664
35.25
43.44444444444444
45.0
45.25
45.0
49.42857142857143
48.666666666666664
35.1
29.5
55.4
29.666666666666668
36.44444444444444
63.75
41.125
37.625
42.333333333333336
49.0
47.57142857142857
56.5
39.42857142857143
46.8
39.0
31.166666666666668
50.285714285714285
47.2
46.0
44.285714285714285
31.0
39.0
39.25
34.75
37.0
38.5
55.6
34.57142857142857
41.166666666666664
35.285714285714285
42.857142857142854
59.5
34.75
37.4
39.55555555555556
45.833333333333336
36.0
39.166666666666664
30.125
