52.333333333333336
44.25
52.6
46.5
46.0
35.25
41.44444444444444
62.0
43.2
45.166666666666664
39.5
68.75
30.0
39.6
51.333333333333336
37.57142857142857
54.2
63.8
38.2
43.0
33.0
34.142857142857146
43.714285714285715
43.333333333333336
79.25
34.22222222222222
44.4
88.66666666666667
47.166666666666664
54.2
39.166666666666664
38.875
42.666666666666664
43.2
43.0
33.285714285714285
47.5
40.42857142857143
34.125
42.857142857142854
59.5
66.6
47.0
46.833333333333336
41.285714285714285
51.333333333333336
43.44444444444444
38.8
41.57142857142857
43.714285714285715
42.375
37.6
46.5
60.5
47.125
39.0
37.375
53.25
48.5
36.2
37.0
29.428571428571427
33.666666666666664
35.8
38.0
32.333333333333336
57.8
