50.0
39.42857142857143
34.125
51.333333333333336
28.0
44.0
45.857142857142854
41.875
54.0
35.5
37.0
32.0
38.0
50.666666666666664
42.6
44.0
44.333333333333336
31.571428571428573
48.0
62.25
32.55555555555556
35.2
33.5
38.0
47.42857142857143
31.875
41.833333333333336
33.0
42.285714285714285
44.125
31.4
58.166666666666664
46.0
40.75
30.625
40.285714285714285
40.4
37.142857142857146
54.75
46.0
53.833333333333336
54.857142857142854
27.333333333333332
32.0
38.888888888888886
47.5
40.6
34.857142857142854
40.714285714285715
39.285714285714285
42.666666666666664
33.142857142857146
33.125
30.833333333333332
37.375
35.0
52.57142857142857
38.57142857142857
36.8
39.142857142857146
63.4
46.42857142857143
35.333333333333336
29.2
39.57142857142857
38.333333333333336
42.714285714285715
46.0
34.0
37.714285714285715
37.42857142857143
53.0
34.25
55.8
37.0
42.25
41.857142857142854
33.4
37.111111111111114
