0.0
12.080459428349569
16.54184551557729
26.56614386771253
28.67267774344754
11.044653684022872
11.043125340407517
16.83330033000065
10.661776089740165
15.163003220558474
18.303005217723125
13.460590625971804
23.358082113050294
25.07821099414124
25.289435651187542
13.211947455070941
22.148589119851405
38.049441520211566
21.533404282648853
38.36143897196767
43.099368389287974
54.6280351305282
44.48033273256845
24.458581770458856
32.756068140117186
30.276063152266016
2.5
53.03006222889051
45.8196464412374
48.95086822519086
51.044642770378516
37.26929030716845
47.31543088676251
35.442735503908274
41.54014122909711
41.862871377868956
12.5
2.0
65.42314193005407
42.708313008125245
31.5
53.87846405465628
51.56226010045202
70.34676017178522
61.65134944905009
28.571547618799606
17.902228797509192
15.183234577813053
30.755758268439205
47.37763185301688
31.379398762032817
26.270896444544867
10.083326305726453
16.802777548171413
17.70548996780377
15.901552597152266
29.747082023097477
18.029454359181145
29.892323770629865
35.173676236640375
35.91038228083288
37.828031934003654
43.66793891276401
27.0
35.35091936569684
43.62880037569475
9.5
38.79030162295725
46.453839278077645
51.04115986142948
19.23113971385673
23.041026211713937
37.27948497498323
41.7222961975968
18.61209284309532
19.240257274787155
33.26499661806687
24.358713816117433
32.953275517722645
32.19139192836672
36.133087330035885
45.21676188710947
40.445093096141534
35.09035954978708
27.677151070116025
47.03615630554861
38.76451341110836
35.703998518430424
42.39398542246294
38.408169703853375
56.7824796922431
40.098489857959606
52.71432442894436
49.75700955644341
36.10401639707139
18.560290272514596
37.161270161284854
40.10610926031095
35.64952859280034
28.476598579652496
31.68891762114951
22.336442569636436
34.84250278036869
25.937424698685874
27.060778153735978
34.40809013395929
42.7990654103568
47.0089353208515
48.59205181920187
53.42492135906446
46.337754585219166
36.92242280948595
39.18877390273903
39.06404996924922
20.5
42.924352062669506
48.80118395649387
57.921402684058755
27.528893911670334
43.96210489349511
