0.8660254037844386
6.740333728045823
13.573871960498227
14.817557153593166
37.79136806203237
19.958942231491125
29.27560801229918
34.62657938636157
30.424770609926817
23.01207412545761
45.107510461119446
33.68233958619858
50.811809650906945
58.27252783259021
45.99116763031789
52.08539995899896
29.454296045832695
45.087569117095775
41.61196409153929
6.0
62.03627970792575
49.032868794536405
47.74934554525329
51.031240431719866
42.28376362939641
44.30356143196115
50.34044099926023
58.44655678480983
62.197266820978555
69.0122271775082
3.5
57.66315981629865
26.36209399877028
36.125337368666884
31.60379724020517
22.262075374951007
22.693611435820433
57.115562677785114
36.51301137950689
46.686186393836024
55.02871977431421
40.20646714149354
52.08539995899896
45.72623851673007
47.710061831861005
51.37011669140814
43.072613108563544
55.071670474835685
43.04358256465184
48.21047603996459
47.14827674475494
26.24404694402142
53.621357685161236
49.89676843243458
52.60406353125203
39.35276356242341
36.177417756876395
41.00982267159364
29.20283471780703
32.84265519107735
42.39914503855001
29.536418198556166
26.645825188948457
53.74011537017761
45.10974272691975
39.41573289944004
56.04958122551458
56.78810517079161
53.96295025292817
51.49325737954005
56.38754787677467
8.0
63.07287451829035
1.0
59.02730065166645
52.10459565996927
56.108711444837155
60.960825307915755
12.5
57.277286073975255
22.083647796503186
43.35320057389074
26.165626306282064
53.76104537674095
54.6280351305282
53.88587477252271
23.762715894162152
37.36196818513
39.08247689182455
26.49528259898354
39.74362282877035
27.264389572765246
21.651918057196585
32.686513476743066
1.0
1.5
35.92894221778438
30.325445636646865
19.32614809008769
21.95955878933414
19.883333190778405
43.464784596268274
42.87408891160254
22.096379793984354
39.00461511154802
30.326349928733592
23.28432949431871
23.65137956022948
16.713675202525334
24.96878050686497
19.782820830205182
34.734708865916815
44.44772210136308
43.671357890498435
35.29164207004259
29.009576962712774
18.484411523977577
17.0
40.490815907308
38.15966456875637
