3.3823069050575523
10.158124826955023
16.007498243010993
31.355045668741877
33.464740980454174
21.186998109427606
21.34098170188054
32.13720585240727
32.02819938047651
31.742863371157934
34.42261853297431
42.010580677835065
40.6594085052894
58.8408871449097
48.168869615136295
63.35613624582863
52.987098930411584
61.4220373047546
60.29251611933275
48.835608593184
11.0
50.1772856978135
43.476286639960406
43.992726671576065
10.0
14.719601443879744
19.201236939322424
43.88621651498338
11.967548714010828
23.243278598338918
49.443781206538
40.847276531000205
33.68141178751271
48.45810045802456
60.001562479655476
34.258918100076585
54.30642227214015
21.32870320124769
34.330096934840654
24.13567095079186
42.410690476183795
29.31483199678961
42.211846678391126
59.58764553160328
35.86084215408221
29.866369046136157
42.35194800714602
21.5
51.581650484127266
35.91434253887993
54.198708471696996
38.94817068874994
52.49914285014566
53.3614092767423
34.72520698282445
46.652974181717504
42.86607049870562
48.65068230650921
62.29157246369689
50.6776303927307
51.46600819958743
49.573738567466904
42.45782220824175
43.5724683716679
51.72221476309768
51.75557940937383
36.73623579530384
32.82614134429381
26.177280225416848
18.777202489543892
25.84260048834095
31.446603773522014
26.354723079012395
45.96194077712559
33.770878315824454
37.847060652050644
46.22293802864547
33.134406421254766
40.79901959606383
56.85672783409189
38.5169515350781
27.57970268150112
32.26391172812125
43.32075137852528
30.41315504843258
26.85814587792687
29.501853755315107
37.53849875646186
58.67868011467197
51.23366948490893
54.03875923816164
40.805751739185006
16.62828914831589
38.89781484865185
26.413380447543375
25.130769099961018
27.268131956702923
22.467878305606774
23.15167380558045
30.103986446980738
23.374331541244125
37.486664295453124
39.0626277775688
34.292856398964496
16.58982285083907
34.67257561820293
