1.299038105676658
7.241853660800143
16.90824913729653
29.746548419222403
16.560495161679196
38.71118127305799
40.947374763225056
54.47935388750494
41.26607430915726
53.493509471295255
36.85322238285276
43.15089802078283
19.754493159785195
33.4497965448056
26.919633479426622
38.27096375408734
38.421932512032555
43.52194848579277
38.32283914325764
59.02118263810036
5.0
39.86276458049542
47.58403093475793
47.261682859020866
57.76244454660831
63.395267962206766
61.69999099585744
59.02165327704363
19.5
16.0
55.81039329730619
45.345586579315764
47.6847984162668
54.322084725173134
31.5
46.635704014080126
57.56349151637308
60.08067492963107
54.78309502027062
68.39753081962989
76.29343025451143
68.47546194724713
11.5
10.0
35.537148012873644
8.5
16.0
0.5
52.891923348991156
56.74063799429823
40.81862320069113
42.192679723172624
34.72751070837067
48.37498205569578
69.63251754747921
33.52610922848042
55.494932201057786
50.24606120549815
57.154760664940824
55.25622136918159
51.980765673468106
40.064791276131714
7.0
35.7246413557925
43.12409419338567
66.57702306351644
65.13746148637425
13.5
50.3158772158451
47.49934210070704
51.86520991955976
24.700392203363897
29.524001535473925
39.23327669211431
35.06066171651642
36.860378457091294
43.54308211415448
10.5
17.166464400102893
32.41851322932624
23.348209543536502
24.579666393179547
23.907133253658063
21.426666582003055
51.536394906900505
41.10420362390634
11.22218784373172
24.386294470966504
44.88028520408488
42.16443999390955
28.768037819774918
38.297084310253524
56.9463685311793
53.28189185830398
51.227162933567016
47.83536581047773
54.51834553615874
50.20624131187941
26.034699067889292
24.711670657134185
33.52320920728735
42.372632677236375
10.0
42.2573958023918
36.29996556472196
39.321590761310766
33.66541251789438
17.263155242470013
18.527007313648905
40.22437072223753
44.97732762181408
26.986769245052553
49.005101775223366
43.30343519860751
