3.5
0.5
0.5
1.0
0.5
0.0
0.0
0.0
0.0
2.5
0.0
0.0
0.5
0.0
0.5
0.0
3.5
0.0
0.0
0.0
0.0
0.0
0.0
0.0
0.0
3.0
1.5
0.5
1.0
1.0
0.5
0.0
1.3333333333333333
0.0
2.5
0.5
1.5
0.5
1.0
0.0
0.0
0.0
0.0
0.0
0.0
0.5
1.0
0.0
0.0
0.5
0.0
0.0
0.5
1.5
0.0
0.5
1.0
0.0
0.0
0.0
0.0
0.0
0.0
0.0
0.0
0.0
2.5
0.5
0.0
0.5
0.5
0.5
1.0
0.5
0.5
1.0
2.0
0.5
0.0
0.5
0.0
0.5
0.5
0.0
0.0
0.5
0.5
1.0
2.0
1.5
1.0
5.0
0.0
0.0
0.0
0.5
0.0
0.0
1.5
0.0
2.0
0.0
0.0
0.0
0.0
2.0
1.0
0.0
0.5
4.5
2.3333333333333335
0.5
1.5
1.5
1.0
3.5
0.0
0.5
0.0
0.0
1.0
0.5
0.5
0.5
2.0
0.0
0.0
0.0
1.0
0.5
0.0
2.0
2.5
0.0
0.5
0.5
2.0
1.0
0.5
0.0
0.0
1.0
0.5
0.0
0.0
0.0
6.0
0.5
0.5
0.0
0.0
2.5
1.0
0.0
2.0
0.5
1.5
2.5
1.6666666666666667
0.0
