0.0
0.044444444444444446
0.0962962962962963
0.12222222222222222
0.1537037037037037
0.06481481481481481
0.13703703703703704
0.05555555555555555
0.06296296296296296
0.06481481481481481
0.07037037037037037
0.0962962962962963
0.06481481481481481
0.05185185185185185
0.12407407407407407
0.10555555555555556
0.13148148148148148
0.11851851851851852
0.11481481481481481
0.11666666666666667
0.16296296296296298
0.17592592592592593
0.22407407407407406
0.17222222222222222
0.17962962962962964
0.18333333333333332
0.22037037037037038
0.17037037037037037
0.15
0.16666666666666666
0.22777777777777777
0.20555555555555555
0.1537037037037037
0.18518518518518517
0.2037037037037037
0.21666666666666667
0.2462962962962963
0.2759259259259259
0.23148148148148148
0.20185185185185187
0.2351851851851852
0.2611111111111111
0.22962962962962963
0.24444444444444444
0.17222222222222222
0.17592592592592593
0.17222222222222222
0.08148148148148149
0.1
0.053703703703703705
0.08518518518518518
0.17777777777777778
0.16296296296296298
0.15555555555555556
0.1111111111111111
0.11296296296296296
0.11296296296296296
0.07592592592592592
0.07592592592592592
0.05740740740740741
0.12222222222222222
0.17777777777777778
0.21481481481481482
0.15
0.17962962962962964
0.22407407407407406
0.2796296296296296
0.24259259259259258
0.2111111111111111
0.20555555555555555
0.19444444444444445
0.10925925925925926
0.1537037037037037
0.09444444444444444
0.10740740740740741
0.08703703703703704
0.09444444444444444
0.14629629629629629
0.07222222222222222
0.10185185185185185
0.14444444444444443
0.17777777777777778
0.17407407407407408
0.1648148148148148
0.12222222222222222
0.17777777777777778
0.17407407407407408
0.13148148148148148
0.18888888888888888
0.1
0.24444444444444444
0.21851851851851853
0.21481481481481482
0.19074074074074074
0.18333333333333332
0.13148148148148148
0.17777777777777778
0.17962962962962964
0.17222222222222222
0.14444444444444443
0.11296296296296296
0.10740740740740741
0.05555555555555555
0.11296296296296296
0.13703703703703704
0.21481481481481482
0.1925925925925926
0.1962962962962963
0.2074074074074074
0.16666666666666666
0.12037037037037036
0.09444444444444444
0.12407407407407407
0.20185185185185187
0.2037037037037037
0.15925925925925927
0.1574074074074074
0.17777777777777778
0.1685185185185185
0.12962962962962962
