0.001851851851851852
0.08888888888888889
0.1111111111111111
0.0962962962962963
0.15555555555555556
0.09444444444444444
0.12037037037037036
0.044444444444444446
0.15555555555555556
0.12962962962962962
0.15185185185185185
0.22592592592592592
0.20185185185185187
0.2611111111111111
0.3074074074074074
0.3037037037037037
0.26481481481481484
0.24074074074074073
0.2518518518518518
0.2351851851851852
0.2222222222222222
0.20185185185185187
0.15925925925925927
0.14074074074074075
0.17592592592592593
0.2574074074074074
0.17037037037037037
0.2222222222222222
0.2796296296296296
0.2462962962962963
0.2037037037037037
0.1574074074074074
0.14629629629629629
0.18703703703703703
0.09814814814814815
0.1648148148148148
0.1962962962962963
0.2222222222222222
0.18333333333333332
0.25
0.18888888888888888
0.2
0.1962962962962963
0.2111111111111111
0.17962962962962964
0.13703703703703704
0.13703703703703704
0.18703703703703703
0.21296296296296297
0.20925925925925926
0.1685185185185185
0.2759259259259259
0.1574074074074074
0.19444444444444445
0.1925925925925926
0.15925925925925927
0.17592592592592593
0.21296296296296297
0.20555555555555555
0.18888888888888888
0.22962962962962963
0.2074074074074074
0.17592592592592593
0.2388888888888889
0.1648148148148148
0.23703703703703705
0.2111111111111111
0.15925925925925927
0.18518518518518517
0.1814814814814815
0.14444444444444443
0.17962962962962964
0.21666666666666667
0.15185185185185185
0.13518518518518519
0.22592592592592592
0.24814814814814815
0.2777777777777778
0.22407407407407406
0.337037037037037
0.29444444444444445
0.22037037037037038
0.24074074074074073
0.31296296296296294
0.2111111111111111
0.2111111111111111
0.2518518518518518
0.21481481481481482
0.20555555555555555
0.22407407407407406
0.20555555555555555
0.1814814814814815
0.18518518518518517
0.16666666666666666
0.14629629629629629
0.1648148148148148
0.17962962962962964
0.14629629629629629
0.1537037037037037
0.10925925925925926
0.14444444444444443
0.1537037037037037
0.13703703703703704
0.10555555555555556
0.17777777777777778
0.14629629629629629
0.15
0.14074074074074075
0.10185185185185185
0.11851851851851852
0.08148148148148149
0.11666666666666667
0.10555555555555556
0.1648148148148148
0.0962962962962963
0.15
0.10185185185185185
0.08148148148148149
0.12962962962962962
0.11296296296296296
