0.0
0.05925925925925926
0.13333333333333333
0.10925925925925926
0.11851851851851852
0.07777777777777778
0.10740740740740741
0.12777777777777777
0.13703703703703704
0.06666666666666667
0.11666666666666667
0.1259259259259259
0.07777777777777778
0.13703703703703704
0.1814814814814815
0.21851851851851853
0.18518518518518517
0.15925925925925927
0.17962962962962964
0.2037037037037037
0.2351851851851852
0.2351851851851852
0.21851851851851853
0.1259259259259259
0.17222222222222222
0.15925925925925927
0.17962962962962964
0.1537037037037037
0.19074074074074074
0.2388888888888889
0.2611111111111111
0.2574074074074074
0.17037037037037037
0.10555555555555556
0.15
0.12222222222222222
0.19444444444444445
0.10555555555555556
0.14074074074074075
0.1814814814814815
0.1648148148148148
0.15925925925925927
0.11851851851851852
0.2462962962962963
0.24074074074074073
0.1685185185185185
0.21666666666666667
0.2351851851851852
0.23333333333333334
0.2
0.25
0.1925925925925926
0.21666666666666667
0.23148148148148148
0.1925925925925926
0.21851851851851853
0.15555555555555556
0.17962962962962964
0.23148148148148148
0.21481481481481482
0.18333333333333332
0.2537037037037037
0.22037037037037038
0.1685185185185185
0.16666666666666666
0.1925925925925926
0.17407407407407408
0.17222222222222222
0.12777777777777777
0.07222222222222222
0.10185185185185185
0.09814814814814815
0.13518518518518519
0.20555555555555555
0.16666666666666666
0.1388888888888889
0.20925925925925926
0.17592592592592593
0.2
0.17407407407407408
0.15925925925925927
0.11666666666666667
0.1111111111111111
0.11666666666666667
0.13703703703703704
0.10740740740740741
0.12037037037037036
0.16666666666666666
0.15925925925925927
0.1574074074074074
0.17037037037037037
0.16666666666666666
0.20185185185185187
0.18333333333333332
0.15185185185185185
0.22037037037037038
0.1574074074074074
0.1037037037037037
0.13148148148148148
0.09074074074074075
0.13703703703703704
0.1111111111111111
0.07407407407407407
0.05740740740740741
0.14814814814814814
0.08518518518518518
