0.0
7.75
9.777777777777779
13.4
12.25
14.2
13.583333333333334
14.363636363636363
18.22222222222222
21.25
17.0
16.0
23.375
18.5
12.25
15.375
20.857142857142858
33.0
47.2
35.714285714285715
36.285714285714285
41.833333333333336
35.333333333333336
23.22222222222222
60.0
83.0
55.6
51.166666666666664
54.4
38.166666666666664
27.625
46.5
24.444444444444443
21.0
34.714285714285715
33.375
23.25
31.75
24.875
26.571428571428573
20.22222222222222
18.333333333333332
25.571428571428573
40.0
16.88888888888889
20.714285714285715
35.6
28.857142857142858
44.75
40.4
54.0
59.75
70.75
78.0
84.66666666666667
87.0
65.6
82.5
39.625
92.0
108.66666666666667
