0.0
6.0
5.75
13.0
22.0
12.125
14.125
22.666666666666668
14.818181818181818
20.625
11.7
8.636363636363637
13.625
20.571428571428573
25.0
16.571428571428573
16.363636363636363
15.3
16.363636363636363
17.8
23.166666666666668
30.5
18.857142857142858
22.375
18.9
31.166666666666668
20.77777777777778
39.666666666666664
20.88888888888889
78.0
34.875
58.0
54.5
49.166666666666664
38.714285714285715
33.42857142857143
49.6
62.25
36.285714285714285
27.25
42.5
64.2
90.33333333333333
64.0
48.0
22.333333333333332
21.8
36.333333333333336
35.4
33.57142857142857
42.0
23.833333333333332
48.6
31.375
32.0
30.714285714285715
40.666666666666664
22.555555555555557
