0.0
4.75
7.2727272727272725
18.333333333333332
13.0
9.4
14.727272727272727
25.5
26.0
20.625
26.625
13.090909090909092
13.727272727272727
27.166666666666668
21.5
15.11111111111111
20.375
17.333333333333332
25.0
25.857142857142858
38.333333333333336
46.833333333333336
34.714285714285715
27.125
23.555555555555557
21.2
18.555555555555557
17.7
30.142857142857142
23.25
42.0
33.57142857142857
27.0
58.2
34.333333333333336
26.0
18.571428571428573
17.375
29.428571428571427
27.0
17.88888888888889
12.7
16.857142857142858
24.0
18.9
23.714285714285715
29.571428571428573
24.25
21.375
24.5
20.25
25.571428571428573
38.8
36.8
26.571428571428573
26.666666666666668
20.875
22.125
16.7
27.571428571428573
18.1
34.333333333333336
