1.0
10.0
9.375
12.1
9.333333333333334
10.5
12.272727272727273
13.3
11.8
13.222222222222221
16.125
19.375
18.22222222222222
36.666666666666664
25.285714285714285
17.4
23.625
14.9
25.5
9.615384615384615
7.6
16.0
21.875
21.88888888888889
22.571428571428573
25.428571428571427
19.125
15.444444444444445
39.4
26.0
18.11111111111111
23.428571428571427
17.0
17.88888888888889
20.444444444444443
17.714285714285715
17.5
29.142857142857142
36.666666666666664
40.6
55.0
35.285714285714285
56.4
69.25
70.5
50.666666666666664
51.6
47.5
65.25
33.625
76.75
63.2
45.0
54.0
62.4
125.33333333333333
94.0
59.2
68.0
55.5
118.0
46.666666666666664
40.714285714285715
103.33333333333333
36.5
45.833333333333336
101.66666666666667
61.2
50.42857142857143
90.75
