0.3211805555555556
0.20616319444444445
0.2361111111111111
0.19618055555555555
0.2074652777777778
0.18055555555555555
0.23177083333333334
0.2873263888888889
0.3120659722222222
0.2860243055555556
0.2664930555555556
0.2712673611111111
0.2222222222222222
0.1323784722222222
0.2877604166666667
0.2426215277777778
0.25390625
0.22265625
0.21180555555555555
0.23350694444444445
0.28125
0.3602430555555556
0.2365451388888889
0.21354166666666666
0.2573784722222222
0.2183159722222222
0.1640625
0.26953125
0.1857638888888889
0.2769097222222222
0.2456597222222222
0.2109375
0.2365451388888889
0.2712673611111111
0.2890625
0.22265625
0.22395833333333334
0.2513020833333333
0.2777777777777778
0.2261284722222222
0.2677951388888889
0.2361111111111111
0.2612847222222222
0.2131076388888889
0.24348958333333334
0.2682291666666667
0.18880208333333334
0.2686631944444444
0.18446180555555555
0.23350694444444445
0.2703993055555556
0.25
0.2361111111111111
0.2921006944444444
0.23524305555555555
0.1831597222222222
0.29296875
0.22916666666666666
0.2417534722222222
0.2144097222222222
0.19140625
