0.2734375
0.2990451388888889
0.2703993055555556
0.27734375
0.2400173611111111
0.23133680555555555
0.23307291666666666
0.28125
0.2782118055555556
0.29296875
0.2339409722222222
0.1636284722222222
0.2677951388888889
0.2573784722222222
0.2269965277777778
0.1701388888888889
0.1875
0.2560763888888889
0.2894965277777778
0.2222222222222222
0.2348090277777778
0.23524305555555555
0.21180555555555555
0.19618055555555555
0.2934027777777778
0.2026909722222222
0.3033854166666667
0.2760416666666667
0.2417534722222222
0.1753472222222222
0.2131076388888889
0.18446180555555555
0.2838541666666667
0.23828125
0.15234375
0.17578125
0.2964409722222222
0.22526041666666666
0.21961805555555555
0.2534722222222222
0.2821180555555556
0.1753472222222222
0.23307291666666666
0.2361111111111111
0.19227430555555555
