0.2921006944444444
0.1840277777777778
0.2973090277777778
0.20833333333333334
0.21354166666666666
0.22395833333333334
0.2526041666666667
0.3042534722222222
0.2599826388888889
0.2578125
0.2673611111111111
0.2899305555555556
0.2404513888888889
0.2417534722222222
0.1896701388888889
0.2378472222222222
0.24348958333333334
0.20963541666666666
0.23307291666666666
0.19227430555555555
0.16493055555555555
0.2400173611111111
0.2838541666666667
0.2326388888888889
0.2855902777777778
0.2669270833333333
0.24479166666666666
0.2378472222222222
0.22178819444444445
0.24088541666666666
0.2361111111111111
0.2378472222222222
0.3133680555555556
0.2756076388888889
0.21397569444444445
0.2799479166666667
0.1918402777777778
0.20616319444444445
0.2261284722222222
0.2426215277777778
0.2556423611111111
0.2921006944444444
0.1605902777777778
0.29296875
0.21354166666666666
0.1488715277777778
