0.18663194444444445
0.2191840277777778
0.2547743055555556
0.2790798611111111
0.20399305555555555
0.2387152777777778
0.23177083333333334
0.2703993055555556
0.2560763888888889
0.24739583333333334
0.2092013888888889
0.3016493055555556
0.18055555555555555
0.18836805555555555
0.21571180555555555
0.2547743055555556
0.21744791666666666
0.21354166666666666
0.2365451388888889
0.2782118055555556
0.2686631944444444
0.2760416666666667
0.23828125
0.2903645833333333
0.24739583333333334
0.2786458333333333
0.1879340277777778
0.2322048611111111
0.2599826388888889
0.2243923611111111
0.3094618055555556
0.22526041666666666
0.2730034722222222
0.2934027777777778
0.2248263888888889
0.26171875
0.2035590277777778
0.19791666666666666
0.2599826388888889
0.24609375
0.23307291666666666
0.3059895833333333
0.16536458333333334
0.2717013888888889
0.23914930555555555
0.3233506944444444
0.18359375
0.2404513888888889
0.18836805555555555
0.23307291666666666
0.2230902777777778
0.2417534722222222
0.2482638888888889
