0.5
6.90968896933086
10.593249838871937
12.11172105781208
18.034937737792422
19.146887626586313
16.110587214877153
20.27430639997334
17.533439126517813
21.05252188422923
20.930360723121808
22.666266503070343
17.494540774655956
16.689515895567563
17.141397259266817
18.815948834846346
16.83477716580241
32.98935552348168
27.660441066620756
23.737049100509523
22.130521909796887
26.34703686578066
21.668429415472946
23.52535179058431
27.003745451899853
35.679125549822544
21.576549770526334
26.473798438847393
28.58555206477693
43.49018420153744
38.222825314201984
48.203345319593744
64.69882314434301
25.17495872315986
38.070460990116736
42.16189037507687
58.393117512593086
58.812732465002846
48.41729417264042
37.48247974839235
47.520820423288384
63.20133150890312
70.23416099194334
59.04183022453636
51.05218173120098
87.23370339647666
74.09501336741333
81.7046687317315
17.38129382410872
19.150879166229057
20.88124673069966
17.50775662242634
18.143919478959248
14.5874394062067
15.053344299629055
18.774798415843392
19.2331375559713
34.17955843092289
30.634693226238518
29.575158494926107
23.936165106382433
29.757699191251746
24.507345837523896
23.480676204263194
28.08756957491784
30.258245763311656
30.306306641064367
34.93888412045763
38.68947332622128
37.968180973545586
34.76992234676402
