2.277608394786075
6.7232294367332806
9.32707504647064
16.023182651129833
15.563490039905004
17.190534104847277
15.820259742227174
20.758945961418938
21.584716815376567
24.01124736451649
27.645968725600117
27.47691047804106
22.147976701548117
38.83743066632042
36.38772219486419
34.76712289602233
31.280165496087193
37.50755026032242
36.47007439710827
35.40869257970536
32.72016771045038
34.62393116034833
33.781980732666085
23.33053363345828
21.438442231025224
22.91946280234179
30.140575535792426
31.18068783907191
32.16558720123107
28.58555206477693
35.831940748992864
36.27661891059825
51.26071497408107
54.356115181437765
47.10452987445982
38.39723297322348
38.739053753470614
44.465617455895874
34.198352939140214
50.93874316819719
72.05822475680372
62.479283763932344
66.93767506979907
53.62546037098423
57.88301051754647
51.27970382803861
70.09086166461994
111.90393201313348
106.14384252570872
89.41511337575992
106.71811259367153
105.37803666915084
95.07523882726923
93.50793749730555
88.32231003448105
133.11524570481495
189.5278607487564
215.74039182931568
211.60620855731054
227.77157173117297
226.44324500827253
210.57328742031834
210.5420088723388
179.58245842787653
23.852201156287443
20.970315501475056
24.62185670627622
31.943336258160933
31.05769223418862
29.181900783419394
35.666666666666664
37.51625162249647
32.750954184573004
37.273328776248086
40.12185580963906
34.76626717571694
32.557534912593965
27.430776511065083
30.999944190149563
27.24824985538348
24.59330091360226
32.90821504250801
25.61260510307776
31.05438777371082
30.0386582199392
32.03953582615826
