0.5
9.407959145896559
11.550821944922612
16.901676445449624
13.009903919706709
11.983716762992243
20.643971365001658
23.839980520164318
31.35402354154515
23.314904569534594
17.17787428872866
10.233748091486325
12.247207144497747
16.98548251469733
18.17823828393274
15.060278333121017
20.8649451407807
16.41485607612811
17.447441736268843
19.64180372355704
21.06205064385382
21.387367793484707
19.863292778388985
21.91862915090438
24.862433299441168
25.090834980127703
31.660176594689432
16.09342300099295
21.41638685000074
19.359154410875806
20.441379601191304
25.77568238610058
16.759740119968715
23.921737549981774
36.419015242065704
34.99732132606723
20.404510417273432
26.40940357566263
23.480756711140895
20.407651070670095
21.158676707204542
23.236824223632627
26.34312054408133
16.650617272508413
34.38542479040399
37.83661421163368
37.51952616638435
19.154307609516977
21.801308496376883
21.787611158637837
22.724327530829047
16.383757200349375
12.479883813561727
15.255372824024983
14.972828724058791
20.560332505270257
14.61168659127177
18.39610466013571
18.83656886300189
12.184958526220525
18.687629598212826
18.730212536914912
21.520171202735384
19.80036363302452
19.93733092621095
22.233594023765267
26.388426070361113
35.41517153706869
16.32784125351542
19.843071838805603
19.84596684467653
16.789226198472942
24.263404599688112
