35.46666666666667
67.15
74.71428571428571
86.33333333333333
75.42105263157895
93.48387096774194
98.07407407407408
100.44827586206897
93.80645161290323
97.03225806451613
110.77777777777777
116.6
110.03846153846153
136.6818181818182
97.83870967741936
134.3913043478261
110.07692307692308
122.84
140.4090909090909
95.06060606060606
115.08
110.4074074074074
128.41666666666666
115.57692307692308
102.03333333333333
96.09375
98.36666666666666
125.44
147.21052631578948
164.83333333333334
192.53333333333333
184.9375
207.73333333333332
166.5
260.4166666666667
157.4
208.0
191.46666666666667
215.42857142857142
152.2
152.85
199.53333333333333
222.92857142857142
252.6153846153846
226.5
533.0
230.92857142857142
254.66666666666666
87.21212121212122
98.35714285714286
115.46153846153847
94.46666666666667
113.36
139.8095238095238
103.44827586206897
110.03571428571429
120.95833333333333
134.91304347826087
114.14285714285714
101.03225806451613
104.85714285714286
99.48387096774194
111.57142857142857
116.68
101.25
113.81481481481481
119.46153846153847
129.91304347826087
132.22727272727272
136.8095238095238
131.13636363636363
