29.4
61.65853658536585
69.7
87.9090909090909
99.73076923076923
89.88235294117646
95.40625
135.69565217391303
120.16
198.73333333333332
142.0
130.70833333333334
134.0
132.8181818181818
150.9
120.69565217391305
123.58333333333333
127.8695652173913
137.8095238095238
122.70833333333333
122.54166666666667
120.92
155.8421052631579
188.0625
191.875
174.44444444444446
171.33333333333334
170.27777777777777
272.6363636363636
174.88235294117646
195.5
349.55555555555554
159.55
264.5833333333333
225.07142857142858
200.26666666666668
185.76470588235293
187.64705882352942
251.58333333333334
172.55555555555554
184.58823529411765
239.46153846153845
231.21428571428572
197.0625
222.85714285714286
189.4375
214.28571428571428
203.8
180.2941176470588
198.8125
385.5
214.8
228.78571428571428
276.25
218.93333333333334
247.53846153846155
231.85714285714286
354.0
302.09090909090907
137.85714285714286
128.24
130.82608695652175
122.92
123.34782608695652
120.84
102.89285714285714
129.95652173913044
126.16666666666667
164.94444444444446
126.54166666666667
109.85185185185185
160.10526315789474
120.96
184.7058823529412
236.23076923076923
201.66666666666666
159.57894736842104
227.92307692307693
231.53846153846155
196.5
