31.785714285714285
60.02564102564103
66.05
73.10526315789474
81.3529411764706
107.85185185185185
94.53125
111.77777777777777
110.74074074074075
111.0
122.32
134.1818181818182
106.17857142857143
114.51851851851852
121.42307692307692
175.27777777777777
195.6875
127.92
145.4090909090909
208.6
146.0952380952381
126.0
169.05555555555554
163.6315789473684
160.8421052631579
165.27777777777777
144.1904761904762
146.7
166.66666666666666
174.58823529411765
179.05882352941177
202.33333333333334
226.57142857142858
223.15384615384616
159.16666666666666
199.06666666666666
139.38095238095238
203.73333333333332
120.52
181.41176470588235
271.27272727272725
196.2
241.0
337.6666666666667
302.1
247.15384615384616
181.05882352941177
229.53846153846155
222.64285714285714
208.53333333333333
254.91666666666666
282.27272727272725
316.5
328.8
337.8888888888889
377.5
535.5
550.6666666666666
657.8
660.6
561.5
814.25
486.57142857142856
485.57142857142856
99.63333333333334
98.83333333333333
112.4074074074074
123.875
133.0
156.94736842105263
154.75
152.14285714285714
140.5909090909091
145.6818181818182
180.7058823529412
197.4375
163.94736842105263
196.25
171.26315789473685
172.2941176470588
196.13333333333333
120.92
140.04545454545453
139.72727272727272
170.41176470588235
153.55
