30.375
67.33333333333333
66.95121951219512
71.6923076923077
93.9
104.10714285714286
125.66666666666667
123.56521739130434
108.78571428571429
105.88461538461539
96.58064516129032
100.58620689655173
120.84
143.04761904761904
118.0
146.6
112.21428571428571
94.46875
121.33333333333333
133.82608695652175
134.3181818181818
130.36363636363637
132.83333333333334
118.84615384615384
135.5909090909091
137.0
130.08695652173913
132.82608695652175
160.05263157894737
156.21052631578948
114.52
144.9
146.23809523809524
107.11111111111111
141.95454545454547
140.3181818181818
173.77777777777777
151.35
119.28
113.96296296296296
146.55
139.1818181818182
160.77777777777777
131.22727272727272
146.1904761904762
123.2
155.55555555555554
112.74074074074075
109.0
117.5
101.39285714285714
111.0
97.26666666666667
122.33333333333333
179.41176470588235
121.25
149.8
93.27272727272727
116.62962962962963
101.13333333333334
149.61904761904762
132.13636363636363
147.65
142.86363636363637
112.03571428571429
134.0
131.8695652173913
135.86363636363637
188.1875
134.1304347826087
132.9090909090909
117.70833333333333
163.88235294117646
