43.473684210526315
65.25
78.91304347826087
78.83333333333333
72.28
88.33333333333333
78.26086956521739
96.25
134.84615384615384
101.57894736842105
101.15
90.9090909090909
130.14285714285714
141.78571428571428
89.76190476190476
116.76470588235294
142.21428571428572
123.375
107.2
150.30769230769232
139.92857142857142
121.8125
101.57894736842105
108.77777777777777
171.72727272727272
131.35714285714286
128.93333333333334
167.5
158.5
132.73333333333332
117.88235294117646
331.6666666666667
189.9090909090909
354.8333333333333
256.125
218.66666666666666
192.9
223.11111111111111
232.66666666666666
138.0
222.66666666666666
340.0
326.5
188.27272727272728
126.4375
265.125
257.375
403.8
91.1
110.125
86.3913043478261
85.69565217391305
93.35
138.71428571428572
108.16666666666667
130.86666666666667
125.66666666666667
100.26315789473684
112.0
102.3
92.68181818181819
140.92307692307693
133.78571428571428
98.57894736842105
100.3
99.0
136.6
205.88888888888889
118.72222222222223
136.35714285714286
131.46666666666667
