48.21052631578947
93.5
78.66666666666667
101.26315789473684
84.35
87.15
75.96153846153847
112.76470588235294
98.95
110.72222222222223
127.4375
154.25
132.13333333333333
105.52631578947368
122.6875
155.58333333333334
118.8125
163.72727272727272
113.3529411764706
116.4375
134.92857142857142
103.8
133.46666666666667
161.75
239.5
398.6
241.25
212.11111111111111
251.125
284.2857142857143
134.4
297.7142857142857
233.77777777777777
180.5
284.0
247.0
151.53846153846155
134.2
163.30769230769232
189.36363636363637
252.125
233.66666666666666
257.5
126.1875
194.0
144.28571428571428
185.2
168.1818181818182
190.27272727272728
220.77777777777777
169.91666666666666
228.22222222222223
184.0909090909091
421.0
284.2857142857143
235.55555555555554
210.4
298.7142857142857
263.25
83.625
118.82352941176471
96.4
147.71428571428572
116.52941176470588
132.0
133.57142857142858
139.5
149.3846153846154
111.125
120.66666666666667
123.9375
96.0
115.3529411764706
159.91666666666666
169.08333333333334
150.76923076923077
173.27272727272728
211.77777777777777
318.5
216.33333333333334
