47.11764705882353
80.0909090909091
62.38709677419355
63.24
88.82608695652173
86.85714285714286
102.6
110.8125
88.2
83.08695652173913
96.04761904761905
134.73333333333332
94.68181818181819
153.23076923076923
151.92857142857142
137.6
138.33333333333334
144.06666666666666
148.42857142857142
140.8
216.44444444444446
144.07142857142858
132.0
110.3529411764706
137.14285714285714
140.07142857142858
154.76923076923077
124.70588235294117
158.41666666666666
180.36363636363637
137.71428571428572
179.63636363636363
221.88888888888889
125.6875
221.11111111111111
222.11111111111111
129.2
192.63636363636363
202.6
169.75
223.0
247.625
202.2
405.0
172.72727272727272
160.69230769230768
249.125
225.33333333333334
205.3
494.75
227.0
251.125
295.0
346.6666666666667
258.75
341.5
350.3333333333333
713.0
443.2
450.0
552.5
1096.5
358.6666666666667
368.5
105.10526315789474
83.95652173913044
105.63157894736842
99.3
119.17647058823529
113.94444444444444
114.52941176470588
126.25
121.27777777777777
115.11111111111111
155.3846153846154
115.88235294117646
140.28571428571428
137.78571428571428
125.125
115.6470588235294
151.23076923076923
131.06666666666666
141.28571428571428
102.6842105263158
125.625
117.25
