54.05263157894737
65.51851851851852
79.68
76.73913043478261
67.57142857142857
84.08333333333333
113.88235294117646
88.54545454545455
81.82608695652173
79.0
89.57142857142857
86.19047619047619
96.95
102.21052631578948
98.9
103.84210526315789
115.17647058823529
98.45
96.4
114.3529411764706
111.61111111111111
102.6842105263158
124.125
89.875
144.15384615384616
103.47368421052632
134.2
103.0
156.23076923076923
119.0
100.2
123.14285714285714
105.66666666666667
135.07142857142858
127.6875
147.6153846153846
159.23076923076923
122.0625
115.0
103.78947368421052
115.17647058823529
142.71428571428572
144.57142857142858
126.66666666666667
116.33333333333333
108.72222222222223
125.26666666666667
81.70833333333333
107.52631578947368
79.125
107.8125
88.76190476190476
108.58823529411765
112.83333333333333
115.76470588235294
113.29411764705883
135.92857142857142
115.47058823529412
94.4090909090909
104.05555555555556
103.10526315789474
103.05
99.63157894736842
112.76470588235294
94.68181818181819
82.78260869565217
115.47058823529412
115.6875
111.72222222222223
126.29411764705883
108.70588235294117
114.76470588235294
110.52941176470588
