0.0
0.05740740740740741
0.08148148148148149
0.12407407407407407
0.09074074074074075
0.13148148148148148
0.15092592592592594
0.14629629629629629
0.15185185185185185
0.1574074074074074
0.14166666666666666
0.14814814814814814
0.17314814814814813
0.1712962962962963
0.1361111111111111
0.11388888888888889
0.13518518518518519
0.18333333333333332
0.21851851851851853
0.23148148148148148
0.2351851851851852
0.2324074074074074
0.1962962962962963
0.1935185185185185
0.2777777777777778
0.3074074074074074
0.2574074074074074
0.28425925925925927
0.2518518518518518
0.21203703703703702
0.20462962962962963
0.17222222222222222
0.2037037037037037
0.19444444444444445
0.225
0.24722222222222223
0.17222222222222222
0.2351851851851852
0.18425925925925926
0.17222222222222222
0.1685185185185185
0.1527777777777778
0.16574074074074074
0.2222222222222222
0.14074074074074075
0.13425925925925927
0.1648148148148148
0.18703703703703703
0.16574074074074074
0.18703703703703703
0.25
0.2212962962962963
0.262037037037037
0.28888888888888886
0.2351851851851852
0.24166666666666667
0.3037037037037037
0.3055555555555556
0.2935185185185185
0.25555555555555554
0.30185185185185187
