0.0
0.05
0.04259259259259259
0.10833333333333334
0.10185185185185185
0.08981481481481482
0.10462962962962963
0.1259259259259259
0.15092592592592594
0.1527777777777778
0.10833333333333334
0.08796296296296297
0.10092592592592593
0.13333333333333333
0.1388888888888889
0.10740740740740741
0.16666666666666666
0.14166666666666666
0.16666666666666666
0.1648148148148148
0.1287037037037037
0.16944444444444445
0.12222222222222222
0.16574074074074074
0.175
0.17314814814814813
0.17314814814814813
0.22037037037037038
0.17407407407407408
0.21666666666666667
0.25833333333333336
0.21481481481481482
0.30277777777777776
0.27314814814814814
0.25092592592592594
0.21666666666666667
0.22962962962962963
0.23055555555555557
0.2351851851851852
0.20185185185185187
0.2361111111111111
0.2972222222222222
0.25092592592592594
0.23703703703703705
0.2222222222222222
0.18611111111111112
0.20185185185185187
0.20185185185185187
0.1638888888888889
0.2175925925925926
0.19444444444444445
0.13240740740740742
0.225
0.2324074074074074
0.2074074074074074
0.19907407407407407
0.22592592592592592
0.18796296296296297
