0.0
0.05277777777777778
0.07407407407407407
0.10185185185185185
0.12037037037037036
0.08703703703703704
0.15
0.18888888888888888
0.1925925925925926
0.1527777777777778
0.19722222222222222
0.13333333333333333
0.1398148148148148
0.15092592592592594
0.15925925925925927
0.1259259259259259
0.15092592592592594
0.14444444444444443
0.20833333333333334
0.1675925925925926
0.21296296296296297
0.2601851851851852
0.225
0.20092592592592592
0.1962962962962963
0.1962962962962963
0.15462962962962962
0.1638888888888889
0.19537037037037036
0.17222222222222222
0.19444444444444445
0.2175925925925926
0.175
0.26944444444444443
0.19074074074074074
0.1685185185185185
0.12037037037037036
0.1287037037037037
0.19074074074074074
0.15
0.14907407407407408
0.1175925925925926
0.10925925925925926
0.13333333333333333
0.175
0.1537037037037037
0.19166666666666668
0.17962962962962964
0.15833333333333333
0.1814814814814815
0.15
0.16574074074074074
0.17962962962962964
0.17037037037037037
0.17222222222222222
0.14814814814814814
0.15462962962962962
0.1638888888888889
0.15462962962962962
0.1787037037037037
0.1675925925925926
0.19074074074074074
