0.002777777777777778
0.06481481481481481
0.06944444444444445
0.11203703703703703
0.07777777777777778
0.09722222222222222
0.125
0.12314814814814815
0.10925925925925926
0.11018518518518519
0.11944444444444445
0.14351851851851852
0.15185185185185185
0.2037037037037037
0.1638888888888889
0.16111111111111112
0.175
0.13796296296296295
0.14166666666666666
0.11574074074074074
0.07037037037037037
0.11851851851851852
0.16203703703703703
0.1824074074074074
0.14629629629629629
0.1648148148148148
0.14166666666666666
0.1287037037037037
0.1824074074074074
0.14444444444444443
0.15092592592592594
0.15185185185185185
0.14166666666666666
0.14907407407407408
0.17037037037037037
0.11481481481481481
0.16203703703703703
0.18888888888888888
0.2037037037037037
0.18796296296296297
0.2037037037037037
0.22870370370370371
0.2611111111111111
0.2564814814814815
0.2611111111111111
0.2814814814814815
0.2388888888888889
0.2638888888888889
0.24166666666666667
0.2490740740740741
0.28425925925925927
0.29259259259259257
0.25
0.25
0.28888888888888886
0.34814814814814815
0.34814814814814815
0.2740740740740741
0.3148148148148148
0.30833333333333335
0.3277777777777778
0.25925925925925924
0.2638888888888889
0.28703703703703703
0.27037037037037037
0.25462962962962965
0.2824074074074074
0.2833333333333333
0.32685185185185184
0.33611111111111114
