-2
0.5235202029372833
0.5323734116326445
0.4898045793177767
0.4932567703598718
0.444576073779576
0.490229602852746
0.42925307180866584
0.40105797745141575
0.4555080427422854
0.43965304859373644
0.39946548001328297
0.4926521158243317
0.44044175918399275
0.5047932992009798
0.45694341309231573
0.45767978803939163
0.4293322599997433
0.37836111413757795
0.3749197749332341
0.4667635600982459
0.42769116344509894
0.49332184666107093
0.4460453849935363
0.46183571569984927
0.3615686402048405
0.4679822685780718
0.3759120065103517
0.32500562114414755
0.15788398013727753
0.43505289002972986
0.2870418212944574
0.10908188967430794
0.3895278585503649
0.26685359716346413
0.26049065342126465
0.2046471002214945
0.31479643099597776
0.3604842735320721
0.38473918599454693
0.2834183153988433
0.26294657437872665
0.2918777186223193
0.2661673712525569
0.2681901804024356
0.160248595668575
0.3280782386659399
0.2561049003024336
0.4067769030931773
0.4366523386819865
0.4259752102636126
0.5244526955755974
0.49100257230826444
0.4746339303088653
0.43093762884972275
0.48421990123917036
0.48566300439222443
0.26868635577989053
0.38430161644739813
0.40994421913513157
0.48240880833642913
0.4097061135501345
0.46589780556438676
0.49917766486799836
0.4829886911932347
0.4398904268385855
0.4422855998788348
0.27327175155717026
0.30558683241877144
0.322472533407517
0.2447159775856707
