-2
0.6095813433641755
0.48337360927035933
0.5155558537597195
0.5015261149148281
0.41212495707893776
0.4978321300827216
0.4748065243984807
0.40858672804248314
0.440435304436115
0.3422484782632661
0.320301724109867
0.3781608295084655
0.37516256151337163
0.44756037222481704
0.4279016222025971
0.44301017040079915
0.3639586848402778
0.34476806556675865
0.42500220940311134
0.4269622794608064
0.39938999309565193
0.41401846908712886
0.4793270553944731
0.33439398966213846
0.3480748015423453
0.3852644335600627
0.3252724885812747
0.2504506521682814
0.42363160616742995
0.3667078269338846
-0.010464925028455046
0.13292529378400383
0.36654221625729194
0.1782162252077484
0.14167027477379157
0.15239407164781357
0.3556401747333501
0.28501757895027663
0.3276532395377287
0.3315532972473424
0.33256903044594244
0.27031353585777496
0.24338926012034703
0.313542861938067
0.3113852345157609
0.4002712420987652
0.1908629441433307
0.23859020912390724
0.3010448114153769
0.2270493753407964
0.1794111603889176
0.3576091917822101
0.22702530236637763
0.2923743185186002
0.1762985367244725
0.15745180064182926
0.33330989037857484
0.18695012220373483
0.4423019707212945
0.3473975276947947
0.47637067545138023
0.2695810137051488
0.37197720069863016
0.41352622950453444
0.4404875132809452
0.3724660740731905
0.4234178596832275
0.41308142988360186
0.36071128195155056
0.45785181247068646
0.3984027931694024
0.38196058946567274
0.3929103306247303
0.3975236386163799
0.23273155034297044
0.2619686054729299
0.3435536473595273
0.39973036609641527
0.4207796694258675
