0.7939263962426852
0.6291590440130295
0.5798171995253353
0.5018995881757865
0.4866696424724428
0.415500456965794
0.44998232896679263
0.4387515011450571
0.42886024356639174
0.40033694708264095
0.4158293778983306
0.4953915476848158
0.527093806249427
0.4365862130074194
0.4313169020582036
0.35187136482389736
0.4422756251300458
0.4954182478197601
0.4945312057217511
0.374849880971878
0.4373772513902433
0.3618457969005231
0.40515727065714513
0.4307135599073368
0.40233670448061126
0.47052550181036834
0.4100692349678655
0.3256697708738252
0.3960967323256593
0.40766819086433764
0.3700352579919315
0.363390907202059
0.24230116497148121
0.24316599244778012
0.40988348715720524
0.34582238491975315
0.26667669904864705
0.3159494090504442
0.35169026451477503
0.26694181781013293
0.2976509822399112
0.25795302568969114
0.2129017847202516
0.2831682239945077
0.2734196336222028
0.25988508216870365
0.1620757386852704
0.16064309678125627
0.09448835815230046
0.05413869466952995
0.16198284944624933
0.013543707703991175
0.17113222673103418
0.24650976056822718
0.10526335226568523
-0.016742127793430924
0.028827343499152076
0.14388640785860674
0.024565269835590223
0.08613024129562111
-0.04413517321043218
0.12384253695506019
-0.04245179607964398
0.16460252414567111
0.422802871162632
0.4757480751230123
0.44028958418808556
0.4486210713842388
0.47532793455851186
0.3736422273217195
0.4125547998332997
0.34576441041273903
0.497479458901008
0.4241626947704204
0.4511029323981191
0.3275640135988838
0.39442570417459877
0.40055568971495337
0.3638850766471927
0.3799215550103792
0.4330789916741277
0.3305516207453865
0.42399992868093844
0.4278734337860997
0.4064822724708154
0.33613551378562156
