0.6102405776150284
0.5142673315161964
0.5778683494416519
0.45484368203159276
0.5012797312000477
0.4741517543680985
0.42247086939968714
0.43214859418787394
0.3485421674482594
0.47406241258318205
0.4377674270800636
0.4824724459354775
0.4080019393557111
0.4539447258645802
0.45614875997805815
0.3806479149648276
0.3895970466846667
0.45472375431173584
0.4398670003986159
0.43951594330575455
0.4653588556729061
0.4131718527581242
0.4418515399266198
0.46896933358019116
0.3733762077765421
0.42346952049206876
0.3941324084661684
0.4861326786733227
0.41324353482232834
0.41870999504700374
0.5136824222513726
0.400154500163387
0.3631109026430038
0.479887874086339
0.3768542433048685
0.41001665448801106
0.3997932746341497
0.4333909680563722
0.4755196339509712
0.4532975980360288
0.39543551478261924
0.4151927046088794
0.3280823028568054
0.43820254493497274
0.1989815330181091
0.2684943653221135
0.21599403444722493
0.4559179792661271
0.4161644908531778
0.4299003895206913
0.5303109134952663
0.4493134868654488
0.44882192176531593
0.40417065671205404
0.44658567933257787
0.43287227146084073
0.44946973449778577
0.45363236349116776
0.4393133296550495
0.47500916118688163
0.4682099424157229
0.4653722666724781
0.4609543501772429
0.4265034636634749
0.41994652850838393
0.4154391796149842
0.39973846463115065
0.35135166039820065
0.460042496971788
0.39355294395113116
0.4011042806306103
0.47249019601040154
0.4144788736600445
