13.5
23.0
12.5
24.5
0.0
0.0
16.5
0.0
0.0
11.5
0.0
16.0
11.5
0.0
23.5
0.0
0.0
0.0
0.0
0.0
0.0
22.5
0.0
0.0
0.0
24.5
18.5
33.0
11.5
24.0
16.5
0.0
17.5
0.0
0.0
16.0
11.5
13.0
0.0
11.5
14.5
0.0
0.0
28.5
13.0
0.0
0.0
19.0
0.0
23.5
17.0
0.0
0.0
16.0
0.0
12.5
16.0
11.5
0.0
0.0
24.0
11.5
13.5
0.0
0.0
14.0
15.5
0.0
0.0
11.5
11.5
33.0
0.0
0.0
0.0
16.0
22.0
0.0
20.5
11.5
16.5
11.5
16.5
11.5
0.0
0.0
21.5
0.0
35.5
0.0
0.0
0.0
17.0
11.5
24.0
0.0
0.0
12.0
12.0
0.0
11.5
23.0
0.0
0.0
0.0
21.0
0.0
11.5
11.5
0.0
31.5
11.5
20.5
14.0
12.5
11.5
0.0
0.0
