19.0
0.0
0.0
11.5
0.0
0.0
0.0
34.0
0.0
11.5
0.0
13.5
26.5
22.0
0.0
0.0
11.5
16.0
0.0
18.0
17.0
0.0
17.5
0.0
11.5
14.5
16.5
0.0
18.0
0.0
0.0
0.0
12.0
31.0
21.0
20.5
0.0
0.0
0.0
25.5
16.5
0.0
20.0
0.0
14.5
12.0
11.5
19.0
0.0
12.0
12.0
21.0
0.0
18.0
16.5
21.0
17.0
0.0
13.5
14.5
18.0
0.0
0.0
0.0
13.5
0.0
0.0
20.5
11.5
11.5
23.5
12.0
32.0
0.0
11.5
11.5
23.0
12.0
0.0
20.0
13.5
13.0
0.0
0.0
24.5
20.5
0.0
0.0
11.5
0.0
11.5
0.0
16.0
0.0
0.0
0.0
0.0
0.0
0.0
0.0
11.5
30.5
15.5
12.0
0.0
0.0
0.0
14.5
0.0
0.0
0.0
0.0
0.0
0.0
17.5
14.0
0.0
0.0
11.5
24.5
12.0
20.0
11.5
