19.4
22.11111111111111
38.1
20.95
29.125
22.555555555555557
31.733333333333334
29.2
43.0
34.285714285714285
19.083333333333332
19.428571428571427
20.526315789473685
26.823529411764707
38.84615384615385
27.4375
25.941176470588236
36.15384615384615
28.176470588235293
30.933333333333334
59.1
47.45454545454545
47.54545454545455
38.75
50.90909090909091
32.0
27.4375
36.46153846153846
28.875
24.77777777777778
29.176470588235293
28.428571428571427
36.833333333333336
28.266666666666666
22.894736842105264
31.142857142857142
27.5
37.61538461538461
60.125
47.27272727272727
46.18181818181818
51.18181818181818
43.72727272727273
45.36363636363637
41.166666666666664
