5.533333333333333
13.35
15.3
20.444444444444443
21.736842105263158
23.055555555555557
19.61904761904762
21.444444444444443
29.266666666666666
25.625
21.529411764705884
28.1875
29.333333333333332
30.0625
52.7
21.68421052631579
49.111111111111114
34.642857142857146
55.4
38.76923076923077
56.7
57.8
34.86666666666667
53.166666666666664
53.25
64.88888888888889
50.416666666666664
72.125
46.25
26.8125
28.470588235294116
38.23076923076923
35.5
48.333333333333336
57.333333333333336
61.6
43.666666666666664
56.0
36.142857142857146
57.45454545454545
60.8
52.09090909090909
38.857142857142854
43.0
44.46153846153846
73.375
