6.5
20.875
15.88888888888889
19.894736842105264
42.72727272727273
27.785714285714285
29.41176470588235
34.07142857142857
26.41176470588235
26.6875
24.055555555555557
36.76923076923077
29.375
30.785714285714285
35.53333333333333
40.0
48.09090909090909
26.0
19.77777777777778
33.142857142857146
50.90909090909091
48.916666666666664
58.22222222222222
42.30769230769231
68.22222222222223
40.07692307692308
48.0
31.785714285714285
33.2
34.214285714285715
25.235294117647058
34.92857142857143
53.2
31.071428571428573
29.1875
27.066666666666666
36.63636363636363
49.9
48.90909090909091
41.30769230769231
35.53846153846154
58.55555555555556
51.63636363636363
34.76923076923077
30.2
35.61538461538461
24.473684210526315
