5.416666666666667
21.8125
25.1875
21.9375
24.27777777777778
33.714285714285715
29.714285714285715
35.642857142857146
62.125
50.4
43.75
50.72727272727273
53.18181818181818
57.0
62.888888888888886
63.3
58.0
77.75
72.75
49.416666666666664
77.0
51.54545454545455
60.6
78.375
41.416666666666664
60.77777777777778
56.36363636363637
50.4
88.85714285714286
70.44444444444444
47.23076923076923
70.0
56.4
85.42857142857143
41.84615384615385
63.1
47.333333333333336
49.0
76.5
51.916666666666664
65.66666666666667
70.77777777777777
87.28571428571429
52.27272727272727
34.142857142857146
48.0
51.72727272727273
48.09090909090909
56.27272727272727
71.77777777777777
91.57142857142857
