0.0
3.0
2.0
0.5
0.5
8.0
3.0
7.5
2.0
3.0
2.5
3.5
0.5
0.0
9.5
0.5
2.5
0.5
7.0
5.5
8.0
2.0
4.5
6.5
4.5
4.0
1.0
5.5
6.0
7.5
0.5
1.0
1.0
2.0548046676563256
13.0
5.5
1.5
11.0
8.5
0.5
5.0
7.0
7.0
3.5
3.0
4.5
0.5
1.0
3.0
0.816496580927726
2.0
0.0
1.5
0.0
1.4142135623730951
6.0
4.0
5.5
3.0
3.5
4.0
8.5
6.5
7.5
5.5
2.5
0.5
5.0
5.5
11.5
7.5
14.0
4.0
1.5
3.5
5.5
4.0
5.5
13.5
9.0
1.5
2.0
13.5
0.5
6.944222218666553
4.5
10.0
1.0
6.0
4.0
0.5
0.0
2.5
13.0
2.5
0.0
4.5
5.5
2.6246692913372702
8.5
13.5
0.0
2.0
1.0
0.5
6.0
0.5
4.0
14.0
2.0
4.5
2.5
0.5
7.5
17.0
8.0
6.018490028422596
2.0
4.5
3.559026084010437
1.699673171197595
2.0
8.5
2.0
8.0
6.5
3.5
1.0
4.0
2.5
