0.0
3.5
2.5
3.0
3.0
1.0
1.5
0.0
4.5
0.5
0.5
7.5
6.0
4.0
5.5
9.0
15.5
6.5
8.5
0.816496580927726
3.299831645537222
2.0
9.0
2.5
5.5
0.0
4.0
8.5
11.5
0.0
2.5
1.5
6.0
4.0
8.379870059984357
6.5
4.0
8.0
3.0
1.0
4.5
4.0
1.0
1.0
0.5
6.0
0.5
2.0
6.5
6.0
1.0
0.0
1.0
1.8856180831641267
4.5
3.0
5.436502143433364
2.5
12.0
2.5
5.5
0.0
8.0
10.0
0.5
5.0
10.5
16.0
2.5
4.5
3.0
1.5
0.5
1.5
5.5
1.5
1.5
4.0
9.0
11.0
3.0
0.5
8.5
2.5
5.5
1.0
2.5
5.5
7.5
4.0
12.0
7.5
1.5
3.5
0.5
11.0
4.5
9.0
1.5
6.5
0.5
1.5
5.0
4.5
9.0
6.0
9.5
12.0
13.0
7.0
12.5
8.5
8.5
5.9066817155564495
1.247219128924647
0.5
4.0
5.5
4.5
9.5
2.0
1.5
4.0
3.5
1.4142135623730951
0.0
1.0
1.0
