31.076923076923077
37.2
31.25
26.8
32.75
31.8
24.666666666666668
28.6
28.88888888888889
31.833333333333332
34.42857142857143
36.0
37.0
27.4
35.5
31.714285714285715
31.0
29.77777777777778
36.0
28.166666666666668
29.25
30.25
35.5
30.166666666666668
35.5
29.0
30.75
27.25
28.0
37.0
25.4
24.0
24.285714285714285
36.333333333333336
12.5
26.5
35.333333333333336
37.0
30.0
32.75
32.75
30.6
33.0
34.3
24.333333333333332
27.666666666666668
32.0
25.8
33.25
24.2
29.333333333333332
27.285714285714285
20.6
28.833333333333332
28.666666666666668
34.333333333333336
36.42857142857143
32.2
33.333333333333336
33.6
35.75
