29.545454545454547
37.166666666666664
28.0
25.5
31.5
24.0
28.0
27.25
30.0
26.833333333333332
29.77777777777778
33.833333333333336
35.77777777777778
30.2
26.75
35.57142857142857
35.333333333333336
25.833333333333332
27.333333333333332
32.75
24.25
32.0
26.5
22.2
28.428571428571427
28.0
29.0
28.4
28.428571428571427
50.0
29.0
25.571428571428573
28.5
35.5
35.25
28.857142857142858
30.625
28.857142857142858
24.5
24.4
36.0
31.333333333333332
29.8
45.0
27.2
28.0
29.0
24.333333333333332
28.0
28.333333333333332
28.125
26.333333333333332
34.857142857142854
