6.491447364716816
26.464312981668268
42.22553203401415
49.60017656009804
123.49919028074638
51.304060917890965
125.94288387995569
118.70833432852663
88.37539250266447
60.40784007773447
73.58033926621033
73.70468211239539
115.45962766194386
93.14204206479477
122.0455288452269
98.69481580441126
57.4398235837588
138.1551284106849
71.20095778069906
117.27078706992633
125.85646586488912
237.0221508635849
102.83899734536504
166.93453474008572
196.36333670010805
271.30835265841375
154.73073385723987
136.30201759328438
125.86732432737789
85.79173749389986
86.37064830652186
104.47127314999203
139.40403285055996
132.14190998695304
98.60868861001933
104.82656807794481
183.71317484667478
184.901958818721
92.05674578456728
151.10224647201275
157.23767837258345
115.96224840677915
66.54754983385105
174.11414180071645
212.58506100680103
163.21414504526604
116.0754331150201
165.02987418949334
74.63276483406507
201.17775671261066
149.67995857829465
230.586691338035
212.14774725805285
239.93818648421376
157.14521082091753
162.36112774451013
261.7678360685285
249.6179859082452
208.85554816666948
177.23846146427198
252.8664469636096
