12.708265027138834
35.401926485601976
29.30348860535968
60.268093180019854
68.4683118108094
64.03105755304176
72.59538552828272
47.337922353368704
88.84592074561496
131.95001157845937
82.43656338208503
82.49227361766414
71.23606101469177
47.745503831195194
86.1809723778979
102.975725294848
110.82546649425228
75.38485280915424
183.92780513016513
115.35252091581117
171.4746366679579
90.99565923713065
104.76335237095078
176.25283323819164
145.62695449862025
86.92677644322212
162.9088209723994
87.94543763038536
99.12638397520611
145.73584836957585
234.7926745024214
213.01023449590397
204.6781445517397
226.09669233696073
175.68575461601887
198.56104803288676
182.1667762655968
181.6602254209765
190.0065788334709
177.07868131144414
224.75486646566745
269.294188574503
196.92525372728497
176.86752796649697
204.92574264840422
126.92206221356163
135.06983147616643
116.07815853505296
160.65617997221676
114.87266165220396
122.33651222027797
68.34149544749515
146.32038245230106
118.0441019280506
62.92138421646473
114.77750887351527
70.4936876606693
98.04942631142724
