11.313708498984761
15.834568639967458
37.91254339589422
32.600504588246544
47.277081646180235
52.682739814669524
79.85306754717826
112.85960304732603
108.17874097991712
109.78529007729303
157.16311557728545
123.14954323910422
83.0535026204233
131.93455677997053
109.7415600399411
48.68799348976266
84.45596436815681
38.40703830961164
93.94505558776234
89.99687494574465
123.55037116446083
83.73416268166775
88.74794841069533
92.12605494646995
117.02715140798166
124.51512570336834
97.5907301811189
108.4065697962997
109.84825897573434
116.34633271316493
184.3155014686303
126.66120647021248
97.99443720039531
149.5439325252016
120.29038938243477
136.5910027813557
104.32358181265738
167.6059664809102
161.61330197418775
95.25923045907058
61.637324433443816
104.09149821190971
93.54143466934853
119.93772488770858
152.9859062136117
79.58795798081238
80.04273549906226
48.27620237732388
120.44403443964654
118.7082680042211
122.02165361368155
168.37106736767635
127.67640857308936
122.61627135091003
89.68865901302993
107.77261943555051
98.13668996535073
118.3658275677675
155.7758724866582
139.90825918313158
141.85198051137672
229.28911879982442
