2.160246899469287
42.030412269635846
69.48428834298163
52.8107904867626
69.86579700995857
46.56558994221663
58.841176260070114
54.463103031655606
48.1592410654487
71.68914376203229
68.10798943480913
59.69329896084151
95.65007841084083
109.44585447484246
77.23750807128117
59.49515500767903
111.68843071489346
112.18065786934929
68.43366617876517
68.63345409061213
93.68083456840091
133.14184165768475
131.59965477083315
84.14855668302776
124.83115126654329
131.23886619443186
80.43096726925374
177.86507351079356
132.00177701759347
98.77874265245534
86.90044591370058
145.17422483194306
100.69342911365501
72.44479636737243
59.68574163987611
45.887495270740395
129.48256398063796
165.54239853972672
120.64165947134514
209.6627583101544
205.1959063919161
186.75681881794839
240.67820840283815
239.29218541356505
239.75370695778614
250.02499875012498
191.61941446523628
197.70024723075596
213.1739639095002
156.04290357174864
275.78660228517265
264.22187645991767
237.99304086464377
107.6473835430916
279.2700485193498
259.4677243897591
215.0891908023274
242.9476395348503
246.08990227150724
65.0
273.35416587277393
194.83755661932264
228.82671755428095
255.93327255360913
177.9626193265064
227.1538881218829
197.19390837447287
235.93831585583737
281.37552754281955
201.76340654891368
