0.32722135997462626
0.6104915101181096
0.5863824021885308
0.5510549778706344
0.6245857380203645
0.6464257352837429
0.449155663153761
0.5706382443309692
0.5643127270420036
0.5494988317691553
0.6039236001616912
0.4975304102378072
0.5067138612221495
0.6426448294101023
0.4916598976397326
0.5124157536684948
0.5677399029272718
0.5513129397438306
0.6630762109897032
0.41131889854361525
0.5695688514250232
0.49708796990743287
0.5788702375706467
0.4752379895451069
0.549075461852881
0.6103326233290947
0.454831685790999
0.5441856684144005
0.5344976973916804
0.5963662975094064
0.6260282616992654
0.612972211373522
0.5857693011757377
0.5716378148175636
0.4087524382971049
0.6049623687163819
0.5305828585795082
0.5454003705056696
0.5857457660324318
0.33297508262992087
0.5424523981592458
0.5748900987060136
0.4888709521446603
0.5273025551384216
0.5569471376328022
0.5918215284089726
0.6330834869604782
0.5147803505692947
0.6174394052889105
0.589583281278794
0.5509570980901358
0.54886676308987
0.6083063944979245
0.41251667624073546
0.5055101710544786
0.559453966581606
0.5083387968262431
0.541269465900912
0.5216243806453634
0.5918289780637535
0.5883179184774605
