0.4299650176239371
0.5425965515092877
0.47422077904028875
0.4867065618704866
0.40737851108564094
0.5083880227943411
0.6430989565247818
0.5308078162166142
0.5195469656641047
0.5591824139407008
0.5970773221848218
0.6998261447785153
0.4930506175222669
0.5313077414907381
0.5247976209630707
0.705219512729191
0.6291937418221499
0.5685140203323427
0.5786991850069658
0.5256381295949324
0.5591879462105356
0.6294061193583634
0.5190754267894392
0.6065986079219973
0.5430202591799353
0.5334617753161529
0.5108321615920213
0.4866333269233552
0.4966478774828647
0.6719508773959023
0.6197383939767933
0.5998039386736153
0.5934008993802135
0.5577984243437798
0.591244878525827
0.5654814331942886
0.49820352669440865
0.6165754047766685
0.4678007554213802
0.5827609173467249
0.5860696225918699
0.5784765342944115
0.5206259415071616
0.4917249764705472
0.5880819723644012
