0.5136122518591925
0.581966047817126
0.5481240032549728
0.5671783310520314
0.5731627077931087
0.536384578681324
0.5458923637421085
0.3672547860358862
0.5647891600210249
0.5497789959600003
0.5416000269221035
0.5589325226064884
0.5694842421379118
0.5145686062978196
0.49081762809261753
0.5868431963434196
0.5948098763634826
0.556196678606033
0.5509338483609989
0.6103825613340643
0.6398888002394945
0.5676831283084893
0.5529186270688521
0.3132942176389889
0.5616361240371445
0.5005677070318416
0.6466275245183299
0.6135313732045004
0.6155573421094644
0.6059110615747338
0.6165233334276534
0.5718210914120789
0.6073898104090613
0.5767382796876832
0.5466127361664037
0.6052332130519565
0.5341646585273417
0.5834665241546153
0.5848054571362269
0.572470258515647
0.6179243195527109
0.5237253885805052
0.5390229991767121
0.4640746986735091
0.5467756427864698
0.6116392030659442
