0.6165581574546054
0.553734144280997
0.46201177301821067
0.5108737287207163
0.5796334235058792
0.5924287648489631
0.5907649769000256
0.5162862921514793
0.47413604906382995
0.5497559707436827
0.5532650563569753
0.5376079352310438
0.6046542012195184
0.6389699902968006
0.40265941619359363
0.6047317236221662
0.5486314688518651
0.5931100841120365
0.504781437670929
0.5317245359824443
0.4957732886607141
0.47986840871455116
0.5263372985198823
0.47092884299060506
0.5007772680324155
0.5344587380575063
0.6326098215011672
0.4657087515312199
0.5847054062188464
0.6234484788642646
0.5006780651196538
0.6237120770261795
0.44720743005043084
0.474324084227775
0.5467166469689418
0.4010146705234518
0.6038004999832175
0.5285791111912668
0.5519572203216825
0.5905694998924775
0.576440659990046
0.34927212637096894
0.636151300177904
0.5464308924274033
0.5425508761717411
0.45674783034883004
0.6254570300153094
0.6133102406116483
0.6434745464762229
0.600394090092697
0.5926346171740081
0.533417496479278
0.4375537785422932
