0.5
2.0
11.5
6.5
4.5
1.0
12.0
12.5
9.0
11.5
3.5
1.5
7.0
2.5
6.0
8.0
8.0
11.0
10.5
11.0
16.0
9.0
1.5
8.0
8.0
9.5
7.5
3.0
8.5
10.0
8.0
9.5
14.5
1.0
10.5
14.5
17.0
11.5
9.5
10.0
0.5
11.0
10.5
4.5
16.0
18.0
13.0
10.0
4.5
15.0
2.5
4.0
11.0
8.5
1.0
9.5
6.0
6.5
10.5
4.5
7.5
8.333333333333334
8.5
6.5
6.0
4.0
2.0
3.5
13.0
6.0
13.0
9.0
8.5
8.0
4.5
11.5
11.5
12.5
9.5
8.0
6.5
12.0
3.5
9.0
5.0
16.5
24.0
7.0
11.5
4.0
14.5
14.5
3.5
3.3333333333333335
7.0
15.5
8.5
18.5
15.5
3.5
18.0
15.5
28.0
6.0
22.0
12.5
16.5
14.5
5.0
1.0
8.5
15.5
1.5
12.0
14.0
8.5
0.0
9.0
6.5
10.5
6.0
