0.0
0.0
0.0
1.0
0.5
3.5
0.5
0.0
0.5
0.0
0.5
0.0
0.0
0.5
1.0
0.0
0.0
0.0
0.0
0.5
1.5
0.5
0.5
0.0
0.0
0.0
0.5
0.0
0.0
1.0
1.0
0.5
0.5
0.0
3.559026084010437
1.0
0.0
0.0
1.0
0.5
2.5
0.5
0.0
4.5
0.5
0.5
0.0
0.0
0.0
0.0
0.5
0.0
0.0
0.0
0.5
3.0
0.0
0.5
0.5
0.0
0.0
0.4714045207910317
0.0
2.0
0.0
1.5
0.0
1.0
0.0
0.0
0.0
0.0
0.5
0.0
0.0
1.0
0.0
0.5
0.5
0.0
0.0
2.0
2.5
0.0
0.0
0.0
0.0
0.0
0.0
0.5
0.0
0.0
0.5
0.0
0.0
0.0
1.5
0.5
2.0
0.0
0.0
0.0
0.0
0.0
0.0
0.5
1.0
0.0
0.0
2.5
0.0
0.0
2.0
0.0
0.0
1.0
0.5
0.0
0.0
0.0
0.5
1.0
0.0
0.0
0.5
0.0
0.0
0.0
0.0
0.0
0.0
0.0
0.0
0.5
0.5
0.0
0.0
0.0
0.0
0.0
0.5
0.5
0.5
0.5
0.0
0.0
0.0
0.0
0.5
0.0
0.0
0.0
0.0
0.0
0.0
1.0
0.0
0.0
0.5
0.5
0.0
1.0
0.0
0.0
0.5
