2.5
0.5
0.5
0.816496580927726
0.5
0.0
0.0
0.0
0.0
2.5
0.0
0.0
0.5
0.0
0.5
0.0
0.5
0.0
0.0
0.0
0.0
0.0
0.0
0.0
0.0
1.0
1.5
0.5
1.0
1.0
0.5
0.0
1.247219128924647
0.0
0.5
0.5
1.5
0.5
1.0
0.0
0.0
0.0
0.0
0.0
0.0
0.5
0.0
0.0
0.0
0.5
0.0
0.0
0.5
1.5
0.0
0.5
0.0
0.0
0.0
0.0
0.0
0.0
0.0
0.0
0.0
0.0
2.5
0.5
0.0
0.5
0.5
0.5
1.0
0.5
0.5
1.0
1.0
0.5
0.0
0.5
0.0
0.5
0.5
0.0
0.0
0.5
0.5
1.0
2.0
0.5
1.0
3.559026084010437
0.0
0.0
0.0
0.5
0.0
0.0
0.5
0.0
2.0
0.0
0.0
0.0
0.0
2.0
0.816496580927726
0.0
0.5
3.5
1.699673171197595
0.5
1.5
1.5
0.0
3.5
0.0
0.5
0.0
0.0
1.0
0.5
0.5
0.5
1.0
0.0
0.0
0.0
0.0
0.5
0.0
2.0
2.5
0.0
0.5
0.5
2.0
1.0
0.5
0.0
0.0
0.0
0.5
0.0
0.0
0.0
6.0
0.5
0.5
0.0
0.0
2.5
1.0
0.0
2.0
0.5
0.5
2.5
0.4714045207910317
0.0
