2.5
0.5
0.0
0.0
0.0
0.5
0.5
0.0
0.0
0.0
0.5
0.0
0.0
0.0
2.160246899469287
0.0
1.0
0.0
0.0
3.0
0.0
0.0
0.0
0.0
0.0
0.0
0.4714045207910317
1.0
1.0
0.0
1.0
0.0
0.0
1.0
0.0
0.0
2.0
0.0
0.5
0.0
0.0
0.5
0.5
0.0
0.0
1.5
0.0
0.5
0.0
0.0
0.5
0.5
0.0
0.0
0.5
0.0
0.0
0.0
0.5
0.5
0.0
0.0
2.0
0.5
1.0
1.0
1.0
0.0
0.5
2.5
1.0
0.0
0.0
0.0
0.0
0.0
2.0
0.0
0.0
0.0
1.0
0.5
0.0
0.0
0.0
0.5
0.0
0.0
0.0
0.0
0.0
0.5
0.5
0.0
0.0
1.247219128924647
0.5
2.0
0.5
0.0
1.5
0.0
0.0
0.0
0.5
1.0
0.5
0.0
0.5
0.0
0.0
0.0
0.5
1.0
0.0
0.0
0.0
0.5
1.0
1.0
0.0
0.0
0.0
0.0
0.0
0.0
0.0
1.0
0.0
0.0
0.0
0.0
1.5
1.5
0.5
0.0
0.5
0.5
0.0
0.0
0.816496580927726
0.0
0.0
2.0
0.0
0.5
0.5
0.0
0.0
0.0
0.0
0.0
0.5
0.816496580927726
0.5
0.5
0.5
0.5
0.5
3.0
0.0
0.0
0.0
0.0
0.0
0.5
0.5
