1.462494064565354
0.5
0.9428090415820634
0.0
0.5
0.4714045207910317
0.816496580927726
1.8856180831641267
0.0
0.0
0.4330127018922193
0.7071067811865476
0.4714045207910317
0.816496580927726
1.247219128924647
3.5619517121937516
1.5
0.4714045207910317
2.0
0.5
0.8
0.8000000000000002
2.0548046676563256
1.0
1.699673171197595
1.4142135623730951
1.0
0.4714045207910317
0.4714045207910317
0.4714045207910317
1.0
1.7204650534085255
1.0
3.0
0.5
0.0
1.5
0.4
0.8
0.8660254037844386
0.0
0.0
2.48746859276655
0.0
0.0
1.224744871391589
3.0912061651652345
1.6000000000000003
2.0463381929681126
3.0
0.0
0.5
2.29128784747792
1.299038105676658
0.5
1.5
1.6393596310755
1.7435595774162693
0.5
1.299038105676658
0.0
0.816496580927726
0.4330127018922193
0.4714045207910317
0.0
1.299038105676658
2.5
0.5
1.0
0.4000000000000001
