1.6583123951777
0.4714045207910317
0.816496580927726
0.0
2.165063509461097
1.5
1.699673171197595
0.4330127018922193
0.4714045207910317
2.8284271247461903
0.5
0.9428090415820634
0.0
0.0
2.449489742783178
0.0
0.4330127018922193
3.091206165165235
2.0
0.5
0.0
1.247219128924647
0.8
0.4330127018922193
0.0
0.4330127018922193
1.5
1.247219128924647
1.299038105676658
1.4142135623730951
0.4714045207910317
2.3570226039551585
2.165063509461097
1.8547236990991407
0.8
0.4330127018922193
0.4714045207910317
0.4714045207910317
0.816496580927726
1.0
0.4714045207910317
0.5
1.0
1.247219128924647
1.0
0.5
0.5
1.699673171197595
1.4142135623730951
5.436502143433364
1.8856180831641267
0.0
1.0
0.5
2.8674417556808756
0.0
1.247219128924647
0.5
1.0
1.5
1.5
0.0
0.4714045207910317
0.0
2.0615528128088303
3.0
0.0
