0.4714045207910317
1.0
0.0
0.4714045207910317
0.816496580927726
0.5
2.924988129130708
0.7071067811865476
0.5
1.8856180831641267
0.4714045207910317
0.4714045207910317
2.5
0.5
0.7453559924999299
0.4714045207910317
0.4714045207910317
0.0
2.0
1.247219128924647
0.4714045207910317
0.0
1.5
0.82915619758885
1.299038105676658
0.0
1.0
8.07465169527454
0.9428090415820634
0.5
5.5
1.1547005383792515
0.4000000000000001
0.4330127018922193
0.4714045207910317
4.0276819911981905
0.5
2.48746859276655
1.247219128924647
0.4714045207910317
1.699673171197595
1.0
1.6393596310755
0.4714045207910317
1.0
0.82915619758885
3.059411708155671
0.0
2.160246899469287
0.7483314773547883
0.0
1.479019945774904
0.4714045207910317
2.7938424357067015
0.4714045207910317
0.0
0.0
0.0
0.5
1.469693845669907
0.5
0.816496580927726
0.0
0.4714045207910317
0.0
2.0
0.9428090415820634
0.9797958971132713
5.0
0.5
1.4142135623730951
1.5
0.5
1.699673171197595
1.0
0.0
1.5
2.0548046676563256
1.7320508075688772
