0.4714045207910317
2.3570226039551585
0.0
0.4714045207910317
0.82915619758885
0.0
0.0
2.5
0.5
0.4898979485566356
0.816496580927726
0.0
1.0
0.5
0.5
1.224744871391589
0.8
1.920286436967152
0.4714045207910317
0.4714045207910317
2.0615528128088303
2.48746859276655
1.4142135623730951
0.0
0.5
0.9428090415820634
0.4330127018922193
4.714045207910317
0.5
0.5
1.0671873729054748
0.0
0.4714045207910317
1.224744871391589
0.5
1.699673171197595
0.816496580927726
0.4898979485566356
1.0
0.5
0.5
1.8856180831641267
0.4714045207910317
0.0
