1.0
12.25
14.714285714285714
38.8
27.142857142857142
15.625
15.777777777777779
32.2
15.571428571428571
17.5
14.5
16.75
26.0
25.5
29.666666666666668
18.666666666666668
24.8
40.2
22.25
39.0
87.66666666666667
84.66666666666667
59.0
86.66666666666667
40.2
45.4
133.5
56.25
43.4
58.75
83.66666666666667
54.0
61.5
51.75
37.5
58.0
118.5
139.0
64.75
69.0
118.5
84.33333333333333
82.0
92.0
89.66666666666667
26.0
17.285714285714285
16.428571428571427
36.5
44.6
49.0
27.8
17.571428571428573
32.0
18.375
17.875
27.666666666666668
23.714285714285715
22.857142857142858
39.75
66.33333333333333
38.2
62.666666666666664
92.0
45.25
37.166666666666664
126.5
51.25
37.57142857142857
49.0
23.142857142857142
26.666666666666668
39.2
46.5
16.7
48.75
34.2
24.285714285714285
24.714285714285715
27.0
37.0
34.666666666666664
32.833333333333336
25.0
17.555555555555557
41.0
50.25
28.285714285714285
59.5
44.25
62.5
43.666666666666664
49.0
47.2
50.0
22.625
43.8
54.0
53.666666666666664
38.5
54.25
29.5
62.0
20.5
26.0
34.5
43.8
41.4
62.25
76.66666666666667
50.75
25.857142857142858
36.8
51.0
113.5
63.0
67.33333333333333
83.66666666666667
39.6
65.0
