1.5
9.11111111111111
15.0
15.8
45.25
18.875
23.714285714285715
31.0
29.0
29.666666666666668
46.25
60.0
43.6
61.25
64.75
92.33333333333333
93.33333333333333
89.33333333333333
101.33333333333333
140.0
65.0
84.33333333333333
40.0
62.25
33.5
37.833333333333336
44.2
84.0
65.0
71.75
122.5
49.4
38.2
39.6
39.0
33.0
25.0
59.75
44.0
47.0
45.8
41.8
79.33333333333333
70.66666666666667
61.5
77.66666666666667
55.5
86.33333333333333
60.5
58.5
41.2
47.5
57.5
53.75
59.75
47.4
38.833333333333336
36.833333333333336
28.833333333333332
43.6
68.25
39.0
43.0
77.0
77.66666666666667
54.0
80.33333333333333
81.66666666666667
83.0
73.66666666666667
82.66666666666667
127.0
65.25
106.0
82.66666666666667
76.66666666666667
59.25
88.33333333333333
123.5
69.75
47.75
54.0
44.6
56.5
84.33333333333333
66.75
90.0
34.5
38.4
26.0
64.66666666666667
21.285714285714285
31.833333333333332
24.142857142857142
105.0
107.5
50.333333333333336
22.714285714285715
52.0
31.666666666666668
22.285714285714285
50.25
42.75
27.5
35.2
38.75
32.2
24.428571428571427
26.285714285714285
38.4
30.2
39.0
42.0
44.75
45.0
75.33333333333333
23.571428571428573
106.0
23.77777777777778
38.2
