2
-2
2
-2
0.6372204154579663
-2
2
-2
-2
-2
2
2
-2
-2
-2
2
-2
-2
-2
2
-2
-2
-2
2
2
2
0.4728583664843082
-2
2
2
-2
-2
-2
-2
-2
2
-2
2
-2
-2
-2
-2
-2
0.5887177851615735
-2
0.5369453967833117
-2
2
2
2
-2
-2
2
-2
0.44608668831709564
-2
-2
-2
-2
2
-2
-2
0.5415844411329427
-2
-2
0.5849792810570872
2
-2
-2
-2
2
2
0.690722401127777
2
0.6823242945046668
2
-2
-2
-2
2
0.6314522617282227
-2
2
2
-2
-2
0.4582130022113238
-2
-2
2
-2
-2
2
-2
-2
-2
-2
2
2
-2
-2
2
-2
0.5502630427952498
2
-2
2
-2
-2
2
-2
-2
-2
2
-2
-2
0.53418249223505
2
-2
-2
-2
2
-2
2
-2
-2
2
2
-2
0.5631192782413973
-2
2
2
-2
-2
-2
2
-2
-2
-2
0.5134394949912837
2
-2
0.4987593357027684
-2
2
2
-2
2
2
-2
-2
-2
-2
2
-2
-2
-2
-2
-2
2
-2
0.5954501821918734
-2
0.571473431823379
