2
-2
-2
2
-2
0.4649039321007717
-2
2
-2
0.5386744000562688
-2
-2
-2
-2
-2
2
-2
-2
-2
2
0.4982290864221719
-2
-2
-2
2
2
-2
-2
-2
2
-2
2
-2
-2
2
-2
-2
0.3470191671268782
0.5735905044646682
0.5309496278688154
-2
-2
-2
-2
-2
2
2
-2
2
2
2
0.45291190839663326
2
0.4986762913718516
-2
0.5380967115686623
-2
-2
-2
-2
2
2
-2
-2
2
-2
-2
2
0.5706174348850164
-2
-2
0.5668314192609348
-2
2
2
0.5628729336987166
0.450079314202155
2
-2
-2
-2
2
-2
-2
-2
2
2
-2
0.5166008918458596
2
2
-2
-2
-2
2
-2
-2
2
-2
0.4018071640451399
2
-2
-2
0.6702270016086648
0.5987708812735276
2
2
-2
-2
-2
0.458776207954607
-2
-2
0.4428349980788829
-2
-2
-2
2
2
2
2
2
-2
2
2
2
-2
2
-2
2
-2
-2
-2
0.5021102971475465
2
2
0.4906231095087691
2
-2
-2
0.5815524352788997
2
0.5854622810376007
-2
0.5384366827888417
-2
0.5734922709043092
-2
-2
-2
0.584514528908499
-2
2
-2
-2
2
2
2
0.5275119662738443
2
