2
-2
0.3953642945150631
-2
-2
-2
0.5392965591614148
2
2
-2
2
0.46870822855575217
-2
-2
-2
2
-2
-2
-2
-2
2
-2
-2
-2
-2
-2
2
2
-2
2
-2
2
-2
0.4113842726625059
-2
0.5690975974704179
2
2
-2
2
2
2
2
2
2
0.57216006551637
2
2
-2
-2
-2
-2
2
2
0.4684701775374217
2
-2
0.44044370375331354
2
-2
-2
-2
-2
-2
-2
-2
2
2
2
0.5366231969629864
2
-2
-2
-2
-2
2
2
-2
-2
-2
0.565169548575425
2
2
2
0.47659013501954295
0.4949953898446711
-2
2
-2
2
2
2
0.5373453551518214
-2
2
-2
-2
-2
2
2
2
-2
-2
-2
-2
0.6280727339831147
0.5822361180274415
2
-2
0.3780889006896929
-2
0.4789435648089653
2
-2
-2
2
-2
-2
-2
2
2
-2
-2
-2
-2
2
-2
-2
-2
2
-2
2
0.5322424712523101
2
0.5302319946553935
-2
0.4579362096109943
-2
-2
0.5188088450898013
-2
-2
-2
-2
2
2
0.49599935791012334
2
-2
-2
0.5199054048770851
