-2
-2
2
-2
2
-2
2
-2
-2
-2
2
-2
-2
0.43635372959899327
-2
2
2
-2
0.46052207975480614
2
-2
2
2
-2
-2
-2
2
2
0.5273062578504878
2
-2
-2
0.5593790090496976
-2
2
-2
2
2
-2
-2
-2
-2
-2
-2
2
2
-2
0.37013946550027793
2
-2
-2
-2
0.5845744804272692
2
2
-2
2
2
-2
-2
-2
2
-2
-2
-2
0.42067391715087693
-2
-2
-2
-2
-2
-2
2
-2
0.6128189788851116
2
-2
0.645923479588745
-2
2
-2
-2
-2
2
2
-2
0.5671770739198445
2
-2
-2
-2
2
-2
-2
2
2
-2
-2
0.5435120502323733
-2
-2
-2
-2
-2
-2
2
0.36522770828704026
-2
2
0.46618053030680656
-2
-2
-2
0.6496191626344507
2
-2
2
-2
-2
-2
2
-2
2
-2
-2
0.5495216560502693
-2
-2
-2
2
-2
-2
2
-2
2
2
2
2
2
2
-2
2
2
-2
-2
-2
-2
-2
-2
-2
-2
2
0.4961757636921491
2
-2
-2
-2
-2
-2
2
2
0.3989370420746719
-2
0.45290132437206254
0.545590193646235
0.4548156477193356
-2
