0.12354853692522062
0.6237807710171853
0.6072921504876916
0.6616349280074315
0.6655829075708314
0.6730143985137018
0.6149558755225267
0.6764979098931723
0.6753367394333488
0.6985601486298189
0.694612169066419
0.6769623780771017
0.6644217371110079
0.6983279145378541
0.7043660009289364
0.717835578262889
0.6646539712029726
0.713190896423595
0.7173711100789596
0.7285183464932652
0.6681374825824431
0.692289828146772
0.7157454714352067
0.6978634463539247
0.710868555503948
0.7141198327914537
0.685322805387831
0.7282861124013005
0.6495587552252671
0.6890385508592661
0.6706920575940548
0.6871806781235485
0.7236414305620065
0.6960055736182071
0.7257315373896888
0.7310729215048769
0.7245703669298653
0.6669763121226197
0.7004180213655364
0.706920575940548
0.7099396191360892
0.6950766372503484
0.72480260102183
0.7626567580120762
0.736414305620065
0.7426846261031119
0.7508128193218765
0.7097073850441245
0.6683697166744078
0.6395726892707849
0.6971667440780307
0.658151416627961
0.658151416627961
0.6818392940083604
0.6967022758941013
0.715513237343242
0.6741755689735253
0.7206223873664654
0.7422201579191825
0.7273571760334417
0.6818392940083604
0.716209939619136
0.725499303297724
0.6774268462610311
0.6583836507199257
0.7136553646075244
0.7213190896423595
0.6939154667905248
0.6755689735253135
0.6672085462145843
0.6699953553181607
