0.06827682303762192
0.5870877844867627
0.6474686483975848
0.673711100789596
0.6021830004644682
0.7097073850441245
0.7090106827682304
0.72480260102183
0.69763121226196
0.692289828146772
0.725499303297724
0.7285183464932652
0.6846261031119368
0.6785880167208547
0.7008824895494659
0.6446818392940084
0.6888063167673014
0.683000464468184
0.672085462145843
0.6839294008360427
0.683000464468184
0.7020436600092894
0.687645146307478
0.6987923827217836
0.7129586623316303
0.7292150487691593
0.716209939619136
0.7117974918718067
0.6964700418021366
0.6904319554110543
0.7264282396655829
0.7306084533209475
0.741058987459359
0.7373432419879238
0.731769623780771
0.69763121226196
0.7333952624245239
0.7408267533673943
0.7011147236414306
0.7213190896423595
0.7287505805852299
0.7229447282861124
0.7517417556897352
0.7322340919647005
0.7245703669298653
0.703901532745007
0.6967022758941013
0.7099396191360892
0.7117974918718067
0.738736646539712
0.716209939619136
0.7482582443102648
0.7438457965629355
0.7698560148629819
0.7626567580120762
0.7473293079424059
0.7538318625174175
0.7398978169995355
0.7717138875986995
0.6723176962378077
0.7445424988388295
0.6987923827217836
0.7136553646075244
0.6588481189038551
0.70157919182536
0.6690664189503019
0.6941477008824896
0.7032048304691129
0.6895030190431956
0.7052949372967952
0.6888063167673014
0.7064561077566187
0.702275894101254
0.7292150487691593
0.713190896423595
0.7025081281932187
0.7041337668369717
0.6881096144914073
0.6990246168137483
0.7301439851370181
