0.10334417092429168
0.5436600092893636
0.6135624709707385
0.6451463074779378
0.6423594983743613
0.6762656758012077
0.7025081281932187
0.7008824895494659
0.6943799349744543
0.7217835578262889
0.7101718532280539
0.6855550394797957
0.6904319554110543
0.7180678123548537
0.7331630283325592
0.7326985601486298
0.727124941941477
0.7426846261031119
0.7429168601950766
0.7266604737575476
0.7124941941477009
0.7315373896888063
0.7066883418485834
0.7220157919182536
0.7097073850441245
0.6908964235949837
0.7032048304691129
0.681374825824431
0.6967022758941013
0.6892707849512308
0.706920575940548
0.7048304691128657
0.7366465397120298
0.673711100789596
0.6653506734788667
0.6934509986065954
0.6797491871806781
0.7097073850441245
0.6997213190896424
0.716209939619136
0.692986530422666
0.6834649326521133
0.7275894101254065
0.7057594054807246
0.70157919182536
0.7461681374825825
0.7148165350673479
0.692986530422666
0.7238736646539712
0.7264282396655829
0.7104040873200186
0.7210868555503948
0.7350209010682768
0.763585694379935
0.706223873664654
0.7013469577333953
0.7461681374825825
0.7673014398513702
0.7638179284718997
0.7670692057594055
0.7823966558290757
0.7563864375290292
0.7909893172317696
0.7893636785880167
0.6941477008824896
0.6885740826753367
0.7048304691128657
0.6904319554110543
0.6795169530887134
0.6925220622387367
0.7187645146307478
0.7419879238272178
0.7183000464468184
0.7443102647468648
0.7134231305155597
0.7336274965164886
0.7234091964700418
0.7292150487691593
0.7556897352531352
0.6802136553646075
0.6832326985601487
0.7020436600092894
0.715513237343242
0.713887598699489
0.6727821644217371
0.713190896423595
