0.11286576869484441
0.6098467254993033
0.6374825824431026
0.6493265211333024
0.6542034370645611
0.6769623780771017
0.7004180213655364
0.6600092893636786
0.7073850441244774
0.6393404551788202
0.695308871342313
0.6774268462610311
0.70157919182536
0.69763121226196
0.7124941941477009
0.6809103576405017
0.7296795169530887
0.7020436600092894
0.6762656758012077
0.7148165350673479
0.6862517417556897
0.6660473757547608
0.7403622851834649
0.7176033441709243
0.6927542963307014
0.699953553181607
0.6948444031583837
0.7094751509521597
0.706223873664654
0.6892707849512308
0.6648862052949372
0.6730143985137018
0.713190896423595
0.6716209939619137
0.7252670692057595
0.7169066418950302
0.7264282396655829
0.7029725963771482
0.6925220622387367
0.7145843009753832
0.680678123548537
0.7111007895959127
0.672085462145843
0.6704598235020901
0.7129586623316303
0.7152810032512773
0.6502554575011612
0.706920575940548
0.6834649326521133
0.7094751509521597
0.6593125870877845
0.6960055736182071
0.6776590803529958
0.6818392940083604
0.7083139804923363
0.6758012076172782
0.6957733395262424
0.7148165350673479
0.7313051555968416
0.704598235020901
0.7296795169530887
0.6751045053413841
0.6857872735717603
0.7299117510450535
0.7285183464932652
0.6846261031119368
0.7043660009289364
0.6941477008824896
0.699256850905713
0.7164421737111007
0.679052484904784
0.6560613098002787
0.6470041802136554
