0.6948376926314109
0.8291878071862687
0.8526342426076763
0.7334035102587901
0.6903110598481363
0.806930491611133
0.7632339390569398
0.8292096747796764
0.6382052205449628
0.719662418248276
0.7263591448531483
0.8597672866559963
0.6809393677056859
0.8663829319887922
0.8482674762468554
0.7056362987853222
0.6900220687532421
0.781214091942235
0.7849193165684113
0.7244842620810878
0.7651554116145342
0.7929425580061972
0.6947337931944156
0.6646654971473897
2
0.7590821475509281
0.8409562118916427
0.7810444606435532
0.8968437215578741
0.7263149193486904
0.8718895676529693
2
0.6464661054414175
0.7303997057870522
-2
0.7642648493431979
0.8675451400192171
0.8207365611709907
0.8458706306209989
0.8798157823548322
0.8727575020831995
0.7671123357069144
0.7130694058200501
0.7149529384001727
-2
0.8549166282977416
0.7901731563262169
0.8824860962034623
0.7631526545609282
0.8331587075381646
0.7124004076950552
0.7353589559529127
-2
0.6811378433032657
0.8855355216984071
0.7507140135899419
0.6732191033706548
0.7744998471731118
0.7375740841775941
0.5539418583388919
0.7338399075613614
