0.6868602731140204
0.7721477941942546
0.6231529622417811
0.7888053630683094
0.9223113967837537
0.7262125539142285
2
0.7149357243221287
0.7228878888911228
0.6939052187096749
0.7554743812982115
0.8162523083182597
-2
-2
2
0.8063784917953871
0.8163867412275239
0.7302189357171722
0.6981628767976685
0.7388747981076117
0.8100760143800428
0.7064646534036406
0.6918269392454041
0.8211966122828527
0.7729123672978131
0.8038297004677089
0.8354568892651116
0.7574394955456591
0.8555673327817783
0.8553356656283576
-2
0.8236753802261008
0.8706953836919107
-2
0.8201219673461518
0.6436107450980487
0.7750695125108316
0.7322505136782868
0.8644335813319887
0.8885540327527615
0.778213926287902
0.7983553691328027
0.6859165458721047
0.7546625661070467
0.6441600409404563
