0.6953446587796984
-2
2
0.7648097857698001
0.6974405570754193
0.5811186486663799
-2
0.8176860953557084
0.7316136430358319
0.8356062134197177
0.8313592562882371
0.6410603365352691
0.8385467354142803
0.702287234021314
0.844986845423428
0.7564165922358154
0.7990727221382496
0.8143698433909914
0.7613848400229681
0.7889225816153831
0.8048635028758881
0.5143437657503451
-2
0.8731535231312815
0.8438614802455519
0.7999838897486118
0.7482565478680874
0.5695738512074099
2
0.7629658871019402
0.8772981932178022
0.7918560798380776
0.6402078000075221
0.8505687778938417
0.7659623341029504
0.7732389222992845
0.6747178150869545
0.7304897517851999
0.7636055214446155
-2
0.7777645851085722
0.77986603838446
0.8004002518057219
0.8383121653061207
0.8041454671379255
0.8898624503036516
