0.6855092136695662
0.7563725290949748
0.47983516648037355
0.8774433604468831
0.6987703890258524
0.7620145147542781
0.7499347675974223
0.87227540020672
0.8696324459990882
0.7322489545238146
0.6749655568498769
0.7997073223245205
0.6978524243749047
0.76078611210815
0.7438374255360646
0.791952155834104
0.8490102042215002
0.8433043142551567
-2
0.759008469860141
0.9078369415787736
0.8098803173198299
-2
-2
0.7621005001320871
0.7422354561548566
0.8546088876197645
-2
0.7306899139574706
0.7252626424056879
0.8239674794113554
0.7833121251483279
0.6316733526133279
0.6523849945927563
0.852885740377135
0.765071463622791
0.6692000444875265
0.7538553686135874
2
0.8504415823200807
2
0.8533171238594218
0.7449383442865096
2
0.7658129677956712
0.7205098526812856
0.771342082485964
0.8735538207549842
2
0.7430626140215402
0.7310043230356195
-2
0.6059074243673314
