2.945259956781023
22.115732502964065
21.708861623961845
39.261904748257535
55.92966565249608
36.71457476261982
54.195086843887694
40.086815052094046
47.85148593181149
46.21374254483184
38.54131409603891
37.007715244990756
42.82248936555578
49.92782290466909
103.363678340121
78.76434613594034
50.484923492068404
61.345107565495574
75.25716004745533
50.21155860241694
65.60475878318584
81.81325175828977
57.22843116260775
55.63741988400865
59.91950850933275
37.97482003277618
39.32272426970097
41.90453436085408
45.63326152953709
38.89203003187157
46.381037259681364
42.26698396957485
73.09810759064378
70.18974284038944
63.772024381777314
51.691458872963004
53.65109504940231
64.13971384845729
54.837193296111
61.11410848613733
73.98920439404593
81.37509032525732
62.69790887882768
88.04116601670066
62.08924860427744
