3.847076812334269
11.277743568639961
19.259516974286772
26.559412020297163
52.652540299590484
38.6288859327106
21.473497877875207
33.20913851498368
44.44999965282117
40.36765413050404
35.6068462518095
49.24606180370775
25.13591852310156
83.7227383306366
91.04566162096907
69.42458672999348
62.41183905575118
58.54423541220775
94.03066219111066
68.27441362293459
93.88719590847069
74.42984931555218
68.32706810111289
87.74876724972354
118.39091250288303
124.92922687824121
106.77226285745976
159.90622251807463
130.0168748859241
70.3221289073287
72.01099453092793
88.6407778621104
119.76927223386043
62.01447859617587
55.72966009092838
58.81823261144988
99.30030725233514
117.29978546195848
79.39576500040792
71.66608333095928
86.25978205397925
102.07520236950553
113.66920207338485
126.5252253626178
140.20431519750025
118.56317584590363
