2.527625148017183
19.27311682382062
14.295648133455003
28.001548790984362
33.724768346128045
53.84360488347779
49.83041183142304
68.63661103959024
44.52235393597244
70.27750234349637
43.616129237687275
63.749921326506765
54.98092709067391
41.3757972397176
70.26504444308162
68.26380812700094
68.16744839296953
39.20726973406845
54.896629124170055
57.081741910312886
53.94086840189558
84.8801719992126
64.65407953099324
73.50879681967692
143.97711027807046
61.227081880125205
79.0531185694502
90.3404397915374
76.48821804696459
63.52031977982123
53.18360737811981
40.36777992353098
47.52115726507125
38.64179354813619
59.409842717892346
47.42335995321375
63.30898435451322
70.68155808314658
69.61720732373252
84.78423663634014
101.60516411580663
83.87814526201181
117.45735222554924
64.6083585923679
75.05793680585032
97.10167029974305
94.36656658419278
