1.6211413181933645
26.64707613729256
24.89941716245034
36.39312893658656
34.9672992686108
80.47933566691363
85.18622259952383
87.71056297358292
105.0988659610444
102.2404488204155
166.66287048018287
85.32562465181384
97.23207489758146
82.88278202109021
144.6024473119146
111.56958199391794
144.0821593364468
128.90595627095817
97.7880701653666
89.15425954187401
113.2688836353568
98.24002490367556
154.28569729203315
118.2907860282093
113.05090298916973
134.29146788648725
160.04741033118597
107.41677539548297
181.94947100774985
191.74163388963458
152.751134499581
97.9237231499883
92.523913428978
115.42886217156531
110.94374838683993
122.77144783037652
149.1792421250079
80.33205309417443
91.93344214956343
92.6162600535002
118.7985131838521
114.66036804406308
164.3359059974417
131.66554722679206
117.27405544975689
159.22714577174736
131.56018713971443
146.98717892806422
205.62964528590757
183.7133951845862
198.83633973698068
