-2
2
0.41455007654902054
0.4488361414767166
0.4840007364571852
0.507173058856383
0.3705352074557698
0.5225143298425131
0.5392967111942152
0.5218090158139608
0.6563194195216163
0.41583556834711405
0.5122319817989156
0.5072922738837589
0.5561019092083492
0.43985644147915487
0.5270305793888853
0.4411658892709558
0.614693511881566
0.5392145188414602
0.43142802815839065
0.4895560730229645
0.49753082353028594
0.3571634500943307
0.41172297857021317
0.43835262730314334
0.4590991888528928
0.34680862827835124
0.49939548913454895
0.4099076396291495
0.4117276830063066
0.42538081675598144
0.25516703848600514
2
0.4424515749827803
0.3595955975816689
0.42158063632388654
0.4397054010706589
2
0.43348673358513395
0.454594474911687
0.3961482316593886
2
0.5012578834990317
0.5298498577265996
0.46312677162896654
0.43568456588033655
0.4596830150241469
0.46420400788377775
0.45394400255480083
0.6147037337079345
0.4552444708917454
0.4973735746427134
0.4952610415575748
0.48300493370567854
0.5143424925469643
0.46127110765486873
0.5716185314568555
0.4129361837016629
0.4932873103756322
0.48937814318231554
0.4598185868396895
0.4700333066224016
0.37426764323974554
0.4592328138048741
0.3427820766665525
0.306472858916897
0.408202495175916
0.4187133786889187
0.45180501667043577
0.407827271642777
0.4295348012936526
0.5073334932609341
0.4780477250533819
0.4187874593787517
0.4232024991016646
0.5232958545688833
0.41893444831448756
0.5486661258612499
0.4751518173924425
0.5350511992908688
0.5115047436063196
0.5266855166989469
0.28119790708107345
0.4212113460829085
0.4694013127861867
0.43994289258569486
0.4765841198411416
0.45280181268677294
0.49926909087068977
0.4771881723238662
0.3599279765955541
0.4092821113475208
0.3582351030709953
0.4893761810808148
0.4832889956880069
0.43168794384816045
0.4202467815478016
0.3455369117270366
0.4699639092626535
0.471559787958128
0.469740406908582
0.4749858068514808
0.5309421497912126
0.37186858181263827
0.5303768025024245
2
0.5440284758993745
0.3586265946218575
0.40047414010525895
0.2849455629623128
0.6269052731322883
0.5332242031481876
0.40530253945428113
0.35036274140548584
0.33381122171426525
0.3574518820211817
0.37418224722669347
0.2417007414927453
0.35635422206785
