-2
0.5427557197333589
0.5353090258630568
0.5971934469092551
0.4554351234200976
0.5315806860571454
0.4464782193928924
0.5720974204508434
0.2822026005592787
2
0.33639754360665747
0.4838370529717848
0.3875665070807415
2
0.33910266126322514
0.28611915466331733
2
2
0.3523423812947849
2
0.38607669892405755
0.3759474272199539
0.43286903167467733
0.47165151109192965
0.4265372931812553
0.2101320767873768
0.5387566931428103
0.2827978444502316
2
2
2
0.39360577192901625
0.3911507610573644
0.4752754585958125
0.4333306170762258
0.4270475788556511
0.4200738134435725
0.48295549494893153
0.516989135579626
0.31098159342619813
0.5237012469890286
0.424893354817451
0.3407068781669538
0.45216084776964466
0.43732998145190316
0.369665655773786
0.45488450010095893
0.487203436071105
0.41538441306127355
0.4284916977643401
0.2864539739260943
0.393390846911966
0.45149532832793493
0.4847890128899237
0.24075464449427314
0.5719654682077107
0.45569144118135446
0.45910640118366197
0.4386994110218881
0.46321974024852947
0.33446692915533266
0.45133057313036395
0.6188084948165663
0.3670437753692587
0.40799670160537294
0.3821094000435711
0.38720354964006715
0.3725218865564835
0.3063326473096873
0.27675550011476063
0.4805272261039029
0.33078527372324656
0.33151386653266396
0.47519016268633774
0.39739831748749715
0.35314328011654417
2
0.3470366975610034
2
2
0.35158772433116336
2
2
0.32767849994821874
0.4709812448440633
0.37232552304058786
0.3615623736476157
0.3603852188280929
2
2
0.38896320491270603
0.39081119812794113
2
2
0.2640222643688716
0.47309577728512464
0.5182942680598686
0.3396508712951336
0.5245767372361044
0.3808476898221153
0.3399041632657084
0.4068116390405169
0.6151439261283067
0.4315323139461797
0.4006665407949097
0.4935372952256823
0.4820146445552178
0.3332512935311729
0.48945446312245666
0.4816008119878163
0.5524777962156399
0.4289196321655172
-2
0.28170859298694834
0.3343765378164272
0.36561544194504053
0.5314617146674429
0.39550870730112436
0.5034266451444145
0.5639759666016809
