-2
0.5670083476001744
0.44296416074148864
0.38496819336184634
0.4736502244923998
0.5688684036504179
0.4684595212535678
0.5064562565534035
0.5157494841868934
0.5261666236091683
0.587201213628375
0.43701933248161234
0.35090479901799854
0.47353336071741375
0.34344334269121507
0.4784184612720906
0.5260208455664983
0.23671620539777002
0.5537841027420469
0.5466757059847064
0.39114096755064953
0.45221523433079835
0.4672820497278651
0.4766554502336016
2
0.27872348887208787
0.4910644697526368
0.4481457786430739
0.40685974381953166
0.3522818583552433
0.3419101909282349
0.3467169858658747
0.44586920073109493
0.3971651542911917
0.3743955659478532
0.41595851280791474
0.46602888676624316
0.4797520031188211
0.39250696812956243
0.5146461728797354
0.5225661522864653
0.5123152126816325
0.41209804640285264
0.239604578542586
0.4014174343534142
0.42264908964756204
0.3791713338857447
0.28130533351694653
0.360933968493228
0.49043628131274924
0.4230521625439704
0.4812414167508792
0.41290860011872554
0.356795566039664
0.3642347276241688
0.513308011152596
2
0.41322146230179974
0.38299058595760876
0.21632441427439877
0.4140236272285672
2
0.36899410537649513
0.39629888851260814
0.415352755850085
0.45773277022198783
0.5097155097999948
0.594200096342585
0.4125057654189042
0.5676053986218366
0.5823699058343089
0.4762030632964467
0.46778115401543335
2
0.4096966834363856
0.2875570479357053
0.38039255158349305
0.46553190558078783
0.36404941930801155
2
2
0.43468548880309416
0.500367293919431
0.4124621034384815
0.4679223621747646
0.4657327744915641
0.3978873733437517
0.40742011343307316
0.4550213080609135
0.3586504455250817
0.42199190511244017
0.3795920791632456
0.3244933321848179
0.42686802530907486
0.4956646196616136
0.4195030159707573
0.46995110616706215
0.40040684246055186
0.5162320139697363
0.5225582349403612
0.45460415394856246
0.46366211798116486
0.47311108535033464
0.5365597625694698
0.4185718288742793
0.47938597855062476
