-2
0.5278456345221487
0.584279199763427
0.5342341411756119
0.46762950432000583
2
0.4124605580967316
0.4427984033387509
0.4813165309289764
0.4170440838215673
0.29928206988441375
0.43223184055584113
0.43702071615192806
0.48615897895572274
0.38506838345429617
0.3323732447939844
0.37106467892258094
0.5226864750329496
0.44895909303579135
0.369112994446303
0.50405968585656
0.5322577725365571
0.3993847894465657
0.25777282521350375
0.38661292328613134
0.31456562030990515
2
0.35875986898980033
0.4001505081266405
2
2
0.38824108761955345
2
0.38761136435011023
0.26775303686078383
0.3641826997491217
0.4100513050939171
0.3213021855258537
0.47299626367452646
0.2754661575232725
2
2
2
2
2
0.3178376731846213
0.24394496842505925
0.4008765671973536
2
2
2
0.3378512041385008
2
0.3917950686820165
0.44291300795908994
2
0.4442886557112307
2
0.4002226751362554
0.37920864944910593
0.4405648112863368
0.4593576382532054
0.3656761936807183
0.4375996358671853
0.4763556674953649
0.37947404614625446
2
0.40054983541873956
2
0.37483362026621314
2
2
0.46670050950602254
0.3016083944401462
0.4508886461762357
0.46241141250895595
0.3256340495793758
0.44369179909306644
0.5195234160255431
0.4805953600081903
0.5256117170391443
0.4564598781481731
0.4783841585535422
0.5103282742602601
0.48060084056516
0.3891923477437881
0.45768227471951406
0.3911664096392752
0.44631435313223955
0.4103467675387815
0.49606443924436605
0.3732892121504108
0.31335423217667574
0.4642000631880793
0.41556832119740844
2
0.29685766172759737
0.4960579723248016
0.5433816757372316
0.2341982512996948
0.3870777699166204
0.47986011605841544
0.4974159236447015
0.5039821962772564
0.4224161675069961
0.45557132026587915
0.5129183656947086
0.4663688983769444
0.6273801541750907
0.469126427192447
0.23488105560957975
2
0.4703233554037996
0.4808533643341135
