84.42274575018276
14.964652632198547
22.826300620118012
31.579265349276255
12.83117505353418
21.786234185833955
53.965009239526886
23.196146759533054
17.665006910154393
23.937490683185917
13.568690983289434
29.121751130192855
26.26910953387037
15.687873501529772
33.41349335914368
35.90247420890359
11.946246388224466
12.419682794260858
18.208667044996883
33.326249247235864
19.43579172557681
24.86016254293
22.72109006813488
42.13027415054405
16.867581513733644
14.604449350400115
22.194482226948075
28.224811779709
16.937794687883333
18.8630942989376
17.96094528569016
17.305773485122455
10.44137070610091
16.92434913815004
34.53960588947129
14.300884802083015
16.60403196669473
14.38888459888396
14.29063407348401
55.994279841783836
7.998269709074604
17.43050444499816
29.954798293902805
22.65851460320532
18.637621810348072
13.407378023578213
15.37923383440584
22.2491687531036
12.60788157011123
18.603817909674525
15.22115612396115
17.112229614134563
16.225357383497666
36.35349211408567
37.309737722552
22.26922466874271
35.247392786202674
8.782084035125148
26.898230293077056
17.62428394617451
14.457552812745778
