38.16979608713326
16.9240314200303
16.82405684990659
40.32394863270874
30.19071529362675
36.197279670654204
33.75262463011562
21.479314391887886
14.762414737734776
21.401573394262396
21.207146332204992
10.410579488638287
27.25270737324271
15.388586476671598
28.946231145360898
14.772657342491826
10.419308205014111
13.108097582113974
39.29049574077114
14.515447800604397
14.980311152383393
22.821164640647847
14.72537723434879
21.296948138172286
21.77154105707724
15.126170050880798
22.354119679975472
24.646614804101905
34.87305804650337
8.695370461091425
14.863494521402265
8.90448992522325
13.01705753933079
17.781381127260598
10.049464440316713
11.741131404880308
14.969630715218061
19.99808664317052
16.548013013467134
13.433622825664797
20.994504775517587
25.194551635200128
19.18887744896713
45.6162251835901
17.848708325503246
