11.282976360675208
16.39346095643557
20.985941061153827
31.859343236785186
10.004443457228836
39.476114757706796
13.016912076218386
16.625067131980465
37.36854510501187
15.740958604156793
11.525633895208998
32.64403676163037
27.94709287206811
29.15901119524285
28.01326570672466
16.07600291809146
11.112123556765756
16.285180397886784
40.005863767733715
12.925114844750897
30.048456236922092
24.344198487524704
21.405314760591587
28.22657960005724
23.89688733893592
18.007368106484886
24.527739398485135
47.43047543510396
20.621422248612134
10.762891978924623
23.274501544508503
15.025997878507038
28.54830848158544
31.88346837399525
22.04477766325218
25.098276223433256
16.35877340926334
20.54263858417414
14.491241967133114
14.353425839615202
15.757326338352371
41.324175732856425
15.332644912082195
17.84963234915498
28.089249138411716
31.33617008435389
16.17722100173089
22.135316176242483
20.27700729381406
12.880424117387864
15.853925027434379
24.008534362226744
25.85759819889281
