0.0
0.9428090415820634
0.5
0.0
0.5
0.0
0.5
1.0
2.8674417556808756
2.5
0.0
1.0
1.0
0.0
0.5
1.5
0.5
0.4714045207910317
0.5
0.5
6.5
1.0
1.247219128924647
0.5
0.0
0.5
0.0
1.0
0.5
0.0
2.0
0.9428090415820634
0.0
0.0
1.247219128924647
0.0
2.0
2.0548046676563256
3.5
0.5
0.0
0.9428090415820634
0.0
1.0
0.5
0.4714045207910317
0.5
0.0
0.4714045207910317
0.0
0.4714045207910317
0.5
0.0
0.5
0.0
0.0
3.0
0.0
0.0
0.0
0.0
1.8856180831641267
0.5
2.160246899469287
1.0
0.0
0.0
1.0
0.5
0.5
1.5
0.0
0.5
0.0
4.0
0.5
0.5
1.0
0.0
0.0
0.0
1.0
0.0
0.5
0.0
1.0
2.5
0.0
2.5
0.0
0.0
3.0
0.816496580927726
0.5
0.0
0.0
0.0
0.0
0.5
0.5
3.091206165165235
1.5
3.5
4.5
0.5
0.5
3.0
2.0
1.0
5.0
0.5
0.0
0.0
0.5
1.299038105676658
0.0
4.0
1.0
