0.8660254037844386
0.5
0.5
0.816496580927726
0.0
2.943920288775949
2.0548046676563256
2.6246692913372702
5.5
0.5
0.5
0.5
0.5
0.0
0.5
0.0
0.0
0.0
0.5
0.0
0.0
1.5
1.0
2.6246692913372702
1.0
0.0
3.0
0.0
1.5
0.0
0.5
0.0
0.0
0.0
0.816496580927726
0.0
0.0
0.0
0.5
0.816496580927726
0.0
0.5
0.5
0.0
0.5
0.9428090415820634
0.0
1.5
1.247219128924647
1.0
0.0
0.5
0.5
0.0
3.0
0.5
1.8856180831641267
0.0
0.5
0.5
0.5
1.632993161855452
2.0
1.0
0.5
0.0
0.0
1.0
0.8660254037844386
0.0
1.0
1.5
0.5
0.4330127018922193
0.0
1.5
1.0
0.5
0.0
0.5
0.0
0.0
0.5
0.5
0.0
0.5
0.5
0.5
1.247219128924647
0.5
0.5
0.816496580927726
5.436502143433364
0.0
0.5
0.0
0.5
3.5
0.0
1.4142135623730951
0.5
0.0
0.0
0.5
1.0
0.816496580927726
0.0
