3.3823069050575523
0.0
0.5
1.5
1.0
0.4714045207910317
0.5
0.0
0.0
1.5
2.0
0.5
0.5
1.0
0.0
3.0
1.247219128924647
0.4714045207910317
2.5
0.0
0.5
0.5
0.0
1.0
0.5
0.816496580927726
0.5
0.5
0.816496580927726
1.0
0.4714045207910317
0.0
0.0
0.5
0.0
0.5
1.0
1.247219128924647
0.5
1.5
0.4714045207910317
1.0
0.5
0.0
0.5
2.5
0.5
1.5
1.0
0.5
0.5
0.0
0.0
0.0
0.5
1.4142135623730951
7.0
0.816496580927726
0.4330127018922193
1.247219128924647
0.5
0.0
1.0
0.5
0.4714045207910317
1.247219128924647
0.0
1.5
0.0
4.0276819911981905
0.0
0.0
1.0
1.5
0.5
0.9428090415820634
0.0
2.5
3.0
0.0
2.160246899469287
3.0
1.5
3.0
0.5
0.5
1.0
0.0
0.0
0.816496580927726
1.0
0.0
0.816496580927726
3.0
0.4714045207910317
0.0
0.0
0.5
1.0
0.0
0.5
0.0
1.247219128924647
0.816496580927726
0.5
0.0
0.5
0.0
1.699673171197595
1.0
0.5
0.4714045207910317
0.5
3.5
1.247219128924647
0.5
0.0
0.0
1.0
