1.299038105676658
0.5
0.5
0.0
1.0
4.0276819911981905
4.0
0.5
0.0
0.0
0.0
0.816496580927726
0.5
2.6246692913372702
0.0
1.699673171197595
0.0
0.0
0.5
1.0
0.5
0.0
0.0
0.0
0.0
0.5
0.5
0.0
0.5
1.299038105676658
0.5
0.5
0.0
2.494438257849294
0.4714045207910317
0.0
0.5
0.5
0.816496580927726
0.0
0.0
2.6246692913372702
0.0
1.0
0.5
0.816496580927726
0.5
2.5
0.0
0.0
0.5
0.4714045207910317
1.0
0.5
0.0
0.0
0.4714045207910317
0.5
1.0
0.4714045207910317
0.5
0.5
0.0
0.5
1.5
2.0
0.0
0.0
0.5
0.0
0.4714045207910317
0.5
1.0
0.0
0.5
0.0
0.5
0.0
0.0
0.0
0.5
0.5
0.0
1.5
0.0
0.0
0.0
0.0
1.5
0.5
0.5
0.0
1.247219128924647
0.0
0.0
0.5
0.816496580927726
0.0
2.0
1.247219128924647
0.0
1.920286436967152
0.5
0.0
0.5
0.0
0.0
0.816496580927726
0.5
0.5
2.5
0.0
3.0066592756745814
1.0
1.247219128924647
0.5
