0.0
0.09903381642512077
0.178743961352657
0.20531400966183574
0.26811594202898553
0.27294685990338163
0.2246376811594203
0.22705314009661837
0.22705314009661837
0.3188405797101449
0.27053140096618356
0.15942028985507245
0.20531400966183574
0.13285024154589373
0.22705314009661837
0.1497584541062802
0.16666666666666666
0.24879227053140096
0.2463768115942029
0.27053140096618356
0.21497584541062803
0.19082125603864733
0.18115942028985507
0.13285024154589373
0.1497584541062802
0.2632850241545894
0.30917874396135264
0.17391304347826086
0.2028985507246377
0.15458937198067632
0.23671497584541062
0.13526570048309178
0.20048309178743962
0.1570048309178744
0.19806763285024154
0.23429951690821257
0.15942028985507245
0.2028985507246377
0.2028985507246377
0.11594202898550725
0.1642512077294686
0.19082125603864733
0.2536231884057971
0.2584541062801932
0.14251207729468598
0.15458937198067632
