0.016908212560386472
0.10144927536231885
0.13043478260869565
0.3309178743961353
0.2560386473429952
0.28019323671497587
0.21739130434782608
0.1956521739130435
0.15942028985507245
0.14492753623188406
0.1570048309178744
0.1932367149758454
0.15458937198067632
0.19082125603864733
0.21739130434782608
0.19082125603864733
0.14009661835748793
0.18115942028985507
0.12318840579710146
0.09903381642512077
0.16666666666666666
0.1570048309178744
0.2246376811594203
0.23429951690821257
0.2898550724637681
0.2753623188405797
0.30676328502415456
0.3743961352657005
0.34299516908212563
0.3647342995169082
0.2826086956521739
0.35507246376811596
0.3502415458937198
0.30676328502415456
0.3357487922705314
0.26811594202898553
0.2391304347826087
0.17149758454106281
0.2584541062801932
0.21739130434782608
0.18115942028985507
0.27294685990338163
0.2946859903381642
0.30193236714975846
0.35507246376811596
0.27053140096618356
0.2995169082125604
0.20048309178743962
0.19806763285024154
0.22705314009661837
0.19082125603864733
0.15942028985507245
0.16908212560386474
0.19082125603864733
0.27053140096618356
0.1570048309178744
0.16183574879227053
0.20772946859903382
0.1280193236714976
0.1111111111111111
0.1570048309178744
0.2995169082125604
0.27294685990338163
