0.0
0.033816425120772944
0.15458937198067632
0.16183574879227053
0.22946859903381642
0.20531400966183574
0.30434782608695654
0.2753623188405797
0.22946859903381642
0.22705314009661837
0.26570048309178745
0.1956521739130435
0.14492753623188406
0.22946859903381642
0.1956521739130435
0.178743961352657
0.35507246376811596
0.27294685990338163
0.25120772946859904
0.30193236714975846
0.2946859903381642
0.21980676328502416
0.2584541062801932
0.2608695652173913
0.24154589371980675
0.2753623188405797
0.16666666666666666
0.2391304347826087
0.1956521739130435
0.37922705314009664
0.28019323671497587
0.22946859903381642
0.30193236714975846
0.3140096618357488
0.26570048309178745
0.23671497584541062
0.20531400966183574
0.2463768115942029
0.17391304347826086
0.28019323671497587
0.24154589371980675
0.2536231884057971
0.2028985507246377
0.19082125603864733
0.17391304347826086
0.20048309178743962
0.2584541062801932
0.34782608695652173
0.3743961352657005
0.2922705314009662
0.1956521739130435
0.2246376811594203
0.1932367149758454
0.20531400966183574
0.20531400966183574
0.17632850241545894
0.20048309178743962
0.2632850241545894
0.20531400966183574
0.19806763285024154
0.17632850241545894
0.30193236714975846
0.2826086956521739
0.2028985507246377
0.24154589371980675
0.2222222222222222
0.1956521739130435
0.16183574879227053
0.20531400966183574
0.13526570048309178
0.17391304347826086
0.21980676328502416
0.1956521739130435
0.36231884057971014
