0.016908212560386472
0.1497584541062802
0.17391304347826086
0.13043478260869565
0.11594202898550725
0.21980676328502416
0.07729468599033816
0.24154589371980675
0.2584541062801932
0.1859903381642512
0.14492753623188406
0.18357487922705315
0.13285024154589373
0.1473429951690821
0.21980676328502416
0.28019323671497587
0.3285024154589372
0.32367149758454106
0.30676328502415456
0.3115942028985507
0.32608695652173914
0.16183574879227053
0.27294685990338163
0.21739130434782608
0.15217391304347827
0.18357487922705315
0.18840579710144928
0.16908212560386474
0.20772946859903382
0.1570048309178744
0.16666666666666666
0.15217391304347827
0.25120772946859904
0.1497584541062802
0.15458937198067632
0.17632850241545894
0.2608695652173913
0.24396135265700483
0.1111111111111111
0.1570048309178744
0.15217391304347827
0.24396135265700483
0.21980676328502416
0.18840579710144928
0.2536231884057971
0.21014492753623187
0.20772946859903382
0.14251207729468598
0.2222222222222222
0.1859903381642512
0.18357487922705315
0.2608695652173913
0.17632850241545894
0.1859903381642512
0.18840579710144928
0.2028985507246377
0.28743961352657005
0.2391304347826087
0.2246376811594203
0.2222222222222222
0.1859903381642512
0.23671497584541062
0.16666666666666666
0.25120772946859904
0.2632850241545894
0.24879227053140096
0.28019323671497587
0.321256038647343
0.28743961352657005
0.17632850241545894
0.18115942028985507
0.17391304347826086
0.20772946859903382
0.1473429951690821
