# ../../src/prob2kcalPerMol.py --suffix freeEnergyLandscapes/10110 --dat_file ../../data/auxCoords/stdcoredppc/10110.dat
# # column 0: midpoint of bin
# # column 1: delG of the bin in kcal per mol
5.000000000000000000e+00	1.378616587942592231e+00
1.500000000000000000e+01	0.000000000000000000e+00
2.500000000000000000e+01	1.426774473199168947e+00
3.500000000000000000e+01	4.426683704905850725e+00
4.500000000000000000e+01	2.318720121900115227e+00
5.500000000000000000e+01	1.741917755114056110e+00
6.500000000000000000e+01	1.086310836150336412e+00
7.500000000000000000e+01	1.224388378868266569e+00
8.500000000000000000e+01	1.222283814110595834e+00
9.500000000000000000e+01	1.253839378155006345e+00
1.050000000000000000e+02	1.189236043529468434e+00
1.150000000000000000e+02	1.315738984917642629e+00
1.250000000000000000e+02	1.423121111218595303e+00
1.350000000000000000e+02	2.646556781222572319e+00
1.450000000000000000e+02	1.956096493105663914e+00
1.550000000000000000e+02	2.528363874857733062e+00
1.650000000000000000e+02	2.738345990169174016e+00
1.750000000000000000e+02	3.166346545065323870e+00
1.850000000000000000e+02	3.574676646367913602e+00
1.950000000000000000e+02	4.218786082455892483e+00
2.050000000000000000e+02	4.067945567500895976e+00
2.150000000000000000e+02	inf
2.250000000000000000e+02	1.513875624034912981e+01
2.350000000000000000e+02	inf
2.450000000000000000e+02	inf
2.550000000000000000e+02	inf
2.650000000000000000e+02	inf
2.750000000000000000e+02	inf
2.850000000000000000e+02	inf
2.950000000000000000e+02	inf
3.050000000000000000e+02	inf
3.150000000000000000e+02	inf
3.250000000000000000e+02	inf
3.350000000000000000e+02	inf
3.450000000000000000e+02	inf
3.550000000000000000e+02	inf
3.650000000000000000e+02	inf
3.750000000000000000e+02	inf
3.850000000000000000e+02	inf
3.950000000000000000e+02	inf
4.050000000000000000e+02	inf
4.150000000000000000e+02	inf
4.250000000000000000e+02	inf
4.350000000000000000e+02	inf
4.450000000000000000e+02	inf
4.550000000000000000e+02	inf
4.650000000000000000e+02	inf
4.750000000000000000e+02	inf
4.850000000000000000e+02	inf
4.950000000000000000e+02	inf
5.050000000000000000e+02	inf
5.150000000000000000e+02	inf
5.250000000000000000e+02	inf
5.350000000000000000e+02	inf
5.450000000000000000e+02	inf
5.550000000000000000e+02	inf
5.650000000000000000e+02	inf
5.750000000000000000e+02	inf
5.850000000000000000e+02	inf
5.950000000000000000e+02	inf
6.050000000000000000e+02	inf
6.150000000000000000e+02	inf
6.250000000000000000e+02	inf
6.350000000000000000e+02	inf
6.450000000000000000e+02	inf
6.550000000000000000e+02	inf
6.650000000000000000e+02	inf
6.750000000000000000e+02	inf
6.850000000000000000e+02	inf
6.950000000000000000e+02	inf
7.050000000000000000e+02	inf
7.150000000000000000e+02	inf
7.250000000000000000e+02	inf
7.350000000000000000e+02	inf
7.450000000000000000e+02	inf
7.550000000000000000e+02	inf
7.650000000000000000e+02	inf
7.750000000000000000e+02	inf
7.850000000000000000e+02	inf
7.950000000000000000e+02	inf
