0.024305555555555556
0.024305555555555556
0.06597222222222222
0.07465277777777778
0.010416666666666666
0.015625
0.010416666666666666
0.04513888888888889
0.041666666666666664
0.036458333333333336
0.019097222222222224
0.005208333333333333
0.046875
0.06944444444444445
0.019097222222222224
0.036458333333333336
0.019097222222222224
0.041666666666666664
0.050347222222222224
0.020833333333333332
0.036458333333333336
0.013888888888888888
0.036458333333333336
0.017361111111111112
0.012152777777777778
0.04861111111111111
0.03819444444444445
0.03125
0.04513888888888889
0.04513888888888889
0.0798611111111111
0.010416666666666666
0.027777777777777776
0.010416666666666666
0.034722222222222224
0.03993055555555555
0.03819444444444445
0.001736111111111111
0.034722222222222224
0.06076388888888889
0.026041666666666668
0.012152777777777778
0.03125
0.010416666666666666
0.008680555555555556
0.05381944444444445
0.09027777777777778
0.022569444444444444
0.005208333333333333
0.046875
0.03125
0.027777777777777776
0.043402777777777776
0.06597222222222222
0.022569444444444444
0.03819444444444445
0.024305555555555556
0.050347222222222224
0.017361111111111112
0.034722222222222224
0.03125
0.05555555555555555
0.05381944444444445
0.05381944444444445
0.04861111111111111
0.001736111111111111
0.003472222222222222
0.03819444444444445
0.026041666666666668
0.005208333333333333
0.05381944444444445
0.03125
0.036458333333333336
0.050347222222222224
0.06944444444444445
0.005208333333333333
0.06597222222222222
0.03125
0.020833333333333332
0.026041666666666668
0.03298611111111111
0.013888888888888888
0.0798611111111111
0.0642361111111111
0.001736111111111111
0.03298611111111111
0.052083333333333336
0.03298611111111111
0.015625
0.05555555555555555
0.005208333333333333
0.03819444444444445
0.005208333333333333
0.08506944444444445
0.050347222222222224
0.03819444444444445
0.036458333333333336
0.020833333333333332
0.052083333333333336
0.012152777777777778
0.022569444444444444
0.008680555555555556
0.050347222222222224
0.06076388888888889
0.029513888888888888
0.06597222222222222
0.019097222222222224
