0.019097222222222224
0.03125
0.027777777777777776
0.03819444444444445
0.005208333333333333
0.005208333333333333
0.036458333333333336
0.003472222222222222
0.026041666666666668
0.08333333333333333
0.013888888888888888
0.03819444444444445
0.03298611111111111
0.03298611111111111
0.020833333333333332
0.003472222222222222
0.006944444444444444
0.017361111111111112
0.03125
0.03819444444444445
0.010416666666666666
0.027777777777777776
0.09375
0.003472222222222222
0.034722222222222224
0.027777777777777776
0.010416666666666666
0.001736111111111111
0.026041666666666668
0.024305555555555556
0.03298611111111111
0.029513888888888888
0.006944444444444444
0.043402777777777776
0.015625
0.024305555555555556
0.012152777777777778
0.05555555555555555
0.019097222222222224
0.04513888888888889
0.052083333333333336
0.010416666666666666
0.006944444444444444
0.0763888888888889
0.017361111111111112
0.036458333333333336
0.03993055555555555
0.017361111111111112
0.05555555555555555
0.03993055555555555
0.020833333333333332
0.008680555555555556
0.036458333333333336
0.078125
0.0642361111111111
0.022569444444444444
0.04513888888888889
0.008680555555555556
0.022569444444444444
0.027777777777777776
0.010416666666666666
0.010416666666666666
0.008680555555555556
0.020833333333333332
0.029513888888888888
0.04513888888888889
0.010416666666666666
0.052083333333333336
0.0642361111111111
0.008680555555555556
0.0
0.012152777777777778
0.024305555555555556
0.008680555555555556
0.07465277777777778
0.017361111111111112
0.005208333333333333
0.026041666666666668
0.020833333333333332
0.0625
0.012152777777777778
0.029513888888888888
0.03993055555555555
0.06076388888888889
0.034722222222222224
0.006944444444444444
0.03819444444444445
0.015625
0.052083333333333336
0.046875
0.020833333333333332
0.006944444444444444
0.022569444444444444
0.019097222222222224
0.034722222222222224
0.029513888888888888
0.024305555555555556
0.008680555555555556
0.046875
0.006944444444444444
0.020833333333333332
0.034722222222222224
0.034722222222222224
0.03298611111111111
0.013888888888888888
0.005208333333333333
0.041666666666666664
0.03298611111111111
0.026041666666666668
0.006944444444444444
0.03993055555555555
0.05381944444444445
0.03125
0.0625
0.0642361111111111
0.003472222222222222
0.06076388888888889
0.03993055555555555
0.036458333333333336
