0.026041666666666668
0.013888888888888888
0.06770833333333333
0.041666666666666664
0.020833333333333332
0.06076388888888889
0.020833333333333332
0.036458333333333336
0.015625
0.03298611111111111
0.034722222222222224
0.041666666666666664
0.027777777777777776
0.05381944444444445
0.06076388888888889
0.041666666666666664
0.043402777777777776
0.006944444444444444
0.019097222222222224
0.019097222222222224
0.05555555555555555
0.022569444444444444
0.052083333333333336
0.015625
0.017361111111111112
0.043402777777777776
0.013888888888888888
0.10243055555555555
0.005208333333333333
0.003472222222222222
0.010416666666666666
0.003472222222222222
0.017361111111111112
0.04861111111111111
0.015625
0.019097222222222224
0.020833333333333332
0.006944444444444444
0.078125
0.017361111111111112
0.041666666666666664
0.027777777777777776
0.04513888888888889
0.029513888888888888
0.020833333333333332
0.041666666666666664
0.041666666666666664
0.052083333333333336
0.05555555555555555
0.0642361111111111
0.015625
0.017361111111111112
0.001736111111111111
0.041666666666666664
0.09375
0.005208333333333333
0.010416666666666666
0.022569444444444444
0.03819444444444445
0.043402777777777776
0.024305555555555556
0.05555555555555555
0.07118055555555555
0.010416666666666666
0.03298611111111111
0.0625
0.026041666666666668
0.03298611111111111
0.005208333333333333
0.008680555555555556
0.0625
0.06770833333333333
0.017361111111111112
0.059027777777777776
0.019097222222222224
0.019097222222222224
0.022569444444444444
0.008680555555555556
0.017361111111111112
0.029513888888888888
0.015625
0.1076388888888889
0.003472222222222222
0.08159722222222222
0.03298611111111111
0.06944444444444445
0.029513888888888888
0.010416666666666666
0.052083333333333336
0.03125
0.012152777777777778
0.026041666666666668
0.024305555555555556
0.013888888888888888
0.059027777777777776
0.06944444444444445
0.001736111111111111
0.05555555555555555
0.017361111111111112
0.0763888888888889
0.03819444444444445
0.027777777777777776
0.07291666666666667
0.010416666666666666
0.013888888888888888
0.04861111111111111
0.020833333333333332
0.05555555555555555
0.012152777777777778
0.026041666666666668
0.1076388888888889
0.005208333333333333
0.07465277777777778
0.09375
0.006944444444444444
0.003472222222222222
