7.0
9.384615384615385
8.076923076923077
5.222222222222222
7.714285714285714
6.894736842105263
7.0
8.0
7.928571428571429
7.05
5.2
8.7
9.722222222222221
10.5
5.125
11.157894736842104
8.071428571428571
10.923076923076923
6.0
9.0
10.571428571428571
4.846153846153846
11.176470588235293
8.533333333333333
4.086956521739131
6.315789473684211
8.133333333333333
9.0
8.9375
13.470588235294118
8.944444444444445
6.529411764705882
9.866666666666667
6.764705882352941
9.1
11.933333333333334
8.764705882352942
5.875
7.133333333333334
6.153846153846154
12.375
5.235294117647059
12.4
7.466666666666667
7.142857142857143
8.222222222222221
4.333333333333333
9.933333333333334
5.3125
6.875
7.684210526315789
5.611111111111111
5.2631578947368425
6.7
9.588235294117647
6.333333333333333
6.333333333333333
9.538461538461538
4.2105263157894735
5.642857142857143
8.714285714285714
5.222222222222222
7.3
5.111111111111111
6.944444444444445
7.133333333333334
4.809523809523809
10.6875
