9.473684210526315
10.285714285714286
12.461538461538462
4.866666666666666
7.0588235294117645
7.266666666666667
5.083333333333333
14.846153846153847
6.095238095238095
6.833333333333333
10.75
10.294117647058824
12.357142857142858
7.8125
8.052631578947368
6.6
7.315789473684211
18.1875
9.222222222222221
6.352941176470588
6.380952380952381
13.214285714285714
5.444444444444445
5.0
8.444444444444445
11.285714285714286
11.0625
8.88888888888889
5.333333333333333
9.142857142857142
8.277777777777779
5.956521739130435
9.722222222222221
5.866666666666666
11.4
4.7272727272727275
5.888888888888889
15.0
8.23076923076923
7.0
6.125
6.1875
8.0
7.857142857142857
4.5
8.5625
8.4375
8.761904761904763
8.529411764705882
8.0
4.666666666666667
12.6875
14.384615384615385
9.642857142857142
8.235294117647058
7.2
4.933333333333334
5.705882352941177
6.769230769230769
8.545454545454545
6.526315789473684
7.944444444444445
11.307692307692308
7.75
9.071428571428571
7.833333333333333
13.5
11.0625
3.6666666666666665
5.954545454545454
6.35
11.882352941176471
7.615384615384615
8.8
13.0625
7.0
8.529411764705882
11.142857142857142
9.214285714285714
6.9411764705882355
6.705882352941177
9.636363636363637
10.764705882352942
12.9375
11.75
4.714285714285714
9.5
9.0
