8.470588235294118
7.666666666666667
13.1875
7.055555555555555
9.375
6.521739130434782
6.769230769230769
6.666666666666667
9.0
8.789473684210526
9.904761904761905
6.4
5.105263157894737
8.9375
6.35
7.6923076923076925
5.333333333333333
7.882352941176471
10.5
4.75
5.333333333333333
7.782608695652174
4.8
7.1
8.0
4.470588235294118
11.4375
11.571428571428571
9.263157894736842
6.363636363636363
7.0
7.842105263157895
9.333333333333334
7.222222222222222
7.166666666666667
7.0625
11.529411764705882
6.0588235294117645
7.1875
8.066666666666666
6.826086956521739
7.857142857142857
5.636363636363637
12.2
6.523809523809524
10.4375
6.5
8.5
9.25
12.533333333333333
3.125
9.0
6.5
7.7894736842105265
6.5
4.777777777777778
10.772727272727273
5.555555555555555
8.117647058823529
7.3076923076923075
8.0
8.0
8.333333333333334
6.6875
7.764705882352941
5.666666666666667
6.928571428571429
10.666666666666666
5.631578947368421
8.5
6.411764705882353
8.214285714285714
4.0
7.157894736842105
7.357142857142857
8.0
9.0
7.133333333333334
6.625
