0.0
0.0
0.018115942028985508
0.0
0.0036231884057971015
0.018115942028985508
0.0
0.0036231884057971015
0.0
0.0
0.0
0.0
0.0036231884057971015
0.0
0.0
0.0
0.0
0.0
0.0
0.0
0.0
0.0
0.0
0.0
0.0
0.007246376811594203
0.0
0.0036231884057971015
0.0
0.0
0.0
0.0036231884057971015
0.0
0.0036231884057971015
0.0
0.0
0.0
0.010869565217391304
0.0036231884057971015
0.0
0.0036231884057971015
0.0036231884057971015
0.0
0.0
0.0
0.0
0.0
0.0
0.0
0.0
0.0
0.0
0.0
0.0036231884057971015
0.0
0.0
0.0
0.0036231884057971015
0.0
0.0036231884057971015
0.0
0.0
0.0
0.0
0.0
0.0
0.0
0.0
0.0
