7.164728420068226
6.98212002188447
16.117071694324622
9.429563439877091
6.343500610861482
4.4651427748729375
5.363341504954298
9.219544457292887
3.0066592756745814
6.79869268479038
5.539629951540085
16.822603841260722
2.664965443739661
6.99714227381436
15.203252575974949
2.610809554642438
10.02796090937734
14.065560778013793
5.906775770248943
8.782874750836932
2.078698548207745
1.4142135623730951
8.861749953869042
7.335227028221794
19.45989465541887
3.4960294939005054
4.6303347611160905
11.264496832477201
5.446711546122731
4.578209256903839
8.610394235392993
6.18465843842649
6.2915286960589585
5.885575587824865
6.48074069840786
4.257046978786097
11.9501278468289
5.443588252359329
2.9553976043842223
6.334228364970103
10.671873729054749
8.685620300243386
4.919764387920732
6.0941684329274075
4.865538961693257
5.497474167490214
6.032831982443657
3.9293765408777004
4.435478484645721
5.756983337031396
6.863626956646173
5.1536394906900505
9.246621004453464
17.781661902083282
15.471243485899898
6.433331570970115
7.338894671542848
12.754901018824098
6.2599920127744575
1.7888543819998317
5.3030603409344526
2.871393034605969
7.039570693980958
4.445222154178574
9.728309205612247
2.1147629234082532
10.365326815879952
