8.513775601928911
6.942915931555924
4.14578098794425
16.100379567644428
2.8613807855648994
9.23158828275082
8.332380897952964
11.903255857117413
8.13157112614726
6.527585694573454
6.54217089351845
1.9507833184532706
7.365250408522911
6.121455890735652
5.238320341483518
7.980444849756184
6.377042156569663
0.9035079029052513
11.399013115177997
8.814051281902097
1.632993161855452
5.585696017507576
3.4840908267278117
7.174414416676962
19.601124499187616
4.02919036532155
4.810289896553937
4.337778985911136
8.189091798838009
7.790218225441442
2.85657137141714
21.029080394116672
6.716351316004844
7.664854858377946
1.7320508075688772
4.65109159888563
8.532291603080617
7.284313590846835
6.339361166552983
5.855400437691199
8.299933065325822
7.835033829029764
1.0
3.0776975521032313
11.760994331021548
10.5
8.616263691415208
5.233331166861201
3.614031611621005
6.040678431961707
4.336537277085895
5.774680837545067
3.515590277606308
3.531603350069515
6.06217782649107
1.2133516482134197
10.815710417570113
4.403152859263555
4.454211490264017
3.653346243584121
12.983065893693986
2.9485382057928993
3.299831645537221
2.3323807579381204
5.7534373044577904
8.341662504161466
5.816935163286381
7.053367989832942
3.9434782119549316
4.025429372458678
4.836088822803074
9.579144011862438
2.449489742783178
4.409081537009721
8.455767262643882
10.111874208078342
6.033917737697965
2.9393876913398134
6.505458297024199
