5.588772226527039
8.616843969807043
5.513171657802346
4.705198071164368
5.054801717986895
4.210510071443648
5.337602458033007
2.4743582965269675
7.201345360417038
5.607138307550475
6.157651067303722
2.4206145913796355
4.412734098291242
6.651683843898751
16.06618962229663
5.230489909306587
11.979148550710939
2.23606797749979
2.1469455046647083
4.831867007225076
7.652450587883596
5.024937810560445
4.6785562825394
4.9216076867444665
4.7549316504025585
13.592277219068187
10.609429767899876
9.830564581955606
4.919349550499537
7.171994143890526
5.195583012544087
27.453369556395078
3.325841921949376
1.713913650100261
2.7585095613392387
9.879271228182775
3.197221015541813
0.6871842709362768
0.7071067811865476
3.867815921162743
4.985917668794783
8.284926070883191
10.750968948580091
9.832980219648569
