31.076923076923077
77.14814814814815
77.6896551724138
103.04347826086956
109.65
109.3
97.0
105.0
141.47058823529412
121.05
107.08695652173913
132.55555555555554
102.6086956521739
116.45
232.6
160.4
111.15
138.61111111111111
130.76470588235293
131.55555555555554
147.25
170.0
149.26666666666668
134.58823529411765
112.05
97.73913043478261
112.57142857142857
121.0
114.66666666666667
120.4
132.05555555555554
108.22727272727273
130.27777777777777
113.0
152.9375
130.1764705882353
123.5
111.9090909090909
110.5
135.88235294117646
187.3846153846154
171.76923076923077
124.27777777777777
124.94444444444444
120.0
