36.8
60.15625
80.34615384615384
82.5
109.1
83.15384615384616
79.37037037037037
96.91304347826087
127.27777777777777
115.3
109.1
112.85714285714286
84.64
135.61111111111111
132.6875
104.0
128.11111111111111
111.55
127.83333333333333
156.93333333333334
186.75
129.83333333333334
129.58823529411765
174.3846153846154
176.85714285714286
132.0
108.0
197.0
171.5
110.9047619047619
126.94444444444444
110.9
164.21428571428572
151.46666666666667
123.10526315789474
119.26315789473684
157.07142857142858
207.9090909090909
143.5625
120.4
147.9375
170.5
144.75
165.71428571428572
192.75
153.26666666666668
