29.666666666666668
70.58620689655173
66.86666666666666
82.0
88.4
112.04761904761905
101.30434782608695
147.25
118.95
140.23529411764707
106.0
128.94444444444446
127.625
96.58333333333333
133.7058823529412
116.15
159.0
107.9
119.47368421052632
130.2941176470588
127.61111111111111
145.1764705882353
115.65
128.5
191.30769230769232
151.6
150.4
129.38888888888889
114.8
127.47368421052632
130.625
97.65217391304348
118.52631578947368
102.76190476190476
122.29411764705883
115.42105263157895
117.4
161.07142857142858
124.27777777777777
146.1764705882353
144.3125
135.58823529411765
175.92857142857142
148.93333333333334
160.92857142857142
145.9375
148.86666666666667
