29.545454545454547
69.73333333333333
72.0
117.26315789473684
110.0
168.35714285714286
119.84210526315789
115.85714285714286
138.11764705882354
153.375
211.27272727272728
157.6
187.08333333333334
130.33333333333334
217.36363636363637
144.35294117647058
183.23076923076923
172.76923076923077
154.73333333333332
128.26315789473685
148.73333333333332
132.78947368421052
189.58333333333334
166.92307692307693
155.6
204.0909090909091
210.27272727272728
214.9090909090909
236.1
209.41666666666666
220.63636363636363
197.33333333333334
179.30769230769232
162.6
165.57142857142858
178.76923076923077
212.36363636363637
133.94117647058823
137.58823529411765
137.05882352941177
166.07142857142858
141.625
223.0
169.78571428571428
163.5
249.22222222222223
179.3846153846154
188.46153846153845
337.7142857142857
217.54545454545453
234.1
