12.0
12.364824660660938
32.06633748964793
7.5
6.5
24.0
27.806249297594956
7.949056547792323
35.0
18.5
1.0
9.0
36.03701800463888
15.542057635833023
2.0
24.41823089414956
26.975683494584526
17.224619008848933
17.5
6.5
21.0
37.2588542795162
11.5
8.5
9.5
18.445866745696716
16.688319268278637
11.098986440211556
19.0
23.0
10.0
29.87752778706208
18.5
3.5
39.160637833870325
31.899146627387317
12.5
4.5
21.323402636539974
4.5
16.0
24.0
24.5
13.5
25.578311124857326
18.05547008526779
27.796882319185844
13.0
11.0
21.5
4.5
11.5
3.5
17.0
8.5
19.096247449870006
4.5
34.72751070837067
24.913600703230355
29.0
6.5
17.5
28.859814429217813
32.5
9.392668535736913
5.408326913195984
30.12566274052001
22.866763848189994
11.5
21.5
6.0
39.50527390952589
23.21398046197353
8.0
30.684777260973487
20.5
22.69116323349001
32.78549814916481
21.0
29.0
1.5
26.0
17.0
30.011109054259666
15.0
33.1436268383531
7.5
16.0
14.0
7.0
33.50953429829918
2.0
35.78058132562969
25.0
15.5
12.5
15.107025591499546
24.055491403558285
14.0
16.5
15.5
12.0
29.5
9.5
16.0
9.759610647971568
15.0
24.716166549222166
27.0
7.0
21.076579946049648
13.619838471876236
1.5
12.119772641798562
41.5
19.5
19.136933459209764
15.5
5.5
22.0
7.5
28.577380332470412
15.627610892974722
20.07209228976613
35.014282800023196
39.65686153324121
0.0
6.5
10.497023387608508
9.5
