0.0
12.229290885229428
39.43207943906698
4.5
11.0
34.96982826507572
16.5
2.5
9.0
17.0
8.339997335464536
31.255221785949445
14.0
34.41253001774532
7.5
21.0
5.5
3.0
2.0
23.18404623873926
8.5
16.0
35.424410918022176
24.21130934088448
1.5
20.016659728003237
13.5
39.5
7.5
13.474255287605157
6.5
1.0
13.5
33.699962907991456
10.5
16.0
17.326921891156033
5.5
25.090945688745084
19.0
2.0
11.5
10.0
33.075670817082454
27.329267990359508
38.5
29.542342493444895
4.5
15.122417134836613
3.5
16.779617264870957
36.16935473881477
7.22841614740048
23.5
6.5
37.81827894315422
30.771559740918057
14.165686240583852
22.0
25.0
6.548960901462833
14.0
23.200215516240362
9.5
1.5
9.5
3.5
11.0
8.5
24.166091947189145
30.070288030250428
22.983085567917602
34.5
11.379806676741042
2.5
6.599663291074444
24.00462918318511
33.169597860423664
28.003348014121453
45.5
21.483844059096022
36.5
42.94440850939994
26.419689627245813
33.7441352929167
14.0
1.5
2.0
5.5
3.0
6.0
17.0
3.0
34.1272129929572
7.5
9.41629792788369
9.807522622966516
4.5
13.0
11.5
11.0
34.081601422990026
1.0
2.5
6.0
18.0
30.0
8.5
2.5
14.0
24.0
4.0
10.034316120194738
