0.0
8.728545125048045
15.107025591499548
32.341923257592455
33.47635981803677
30.00370347510824
5.5
18.5
24.143091949642425
25.368396787253932
22.0
28.178005607210743
22.55363976538303
17.0
23.5
25.664502073226878
8.215838362577491
9.797958971132712
12.355835328567093
17.0
23.697163449568293
14.49784466739798
16.0
17.96910929592474
24.5
35.5
2.5
14.5
35.798820588890294
22.095751225568733
20.531818125912658
23.22833518691246
17.5
10.0
18.0
33.793490497431605
15.5
31.591137997862628
8.5
1.0
4.5
32.96799795087486
2.5
0.5
14.0
32.12475680841802
26.695817400234567
13.67073110293992
13.0
2.5
1.0
1.0
7.5
35.19785346990479
31.03045099396541
6.0
1.5
1.5
5.5
29.5
7.0
21.9291789378647
4.5
11.55662388223981
10.5
2.5
24.5
16.498105951896417
27.010286106510527
21.24983660067897
