0.0
16.73983937265296
4.0
28.600699292150182
24.859605789312106
8.0
6.0
33.436506994600975
8.5
11.5
12.459935794377111
17.93197020841702
11.5
26.54555832275273
17.0
28.39013913315678
19.0
29.5
19.0
1.5
28.331372481167705
27.0
8.5
22.5
13.224556283251582
10.5
6.5
4.5
6.0
15.5
6.0
29.31817790306136
17.5
13.5
16.0
41.52910625894406
1.5
10.5
5.0
5.0
16.21384867602041
23.790754506740637
4.5
22.37558192911788
8.5
26.587382136812362
1.5
4.5
17.5
1.0
20.531818125912658
24.567367696917707
20.33606539022619
32.16623488483952
21.5
1.0
12.5
21.95449840010015
13.0
1.0
8.0
1.5
34.988887124660344
9.0
8.5
36.778616975991184
36.914315199752345
56.0
25.703436864876
24.355440870573457
30.3021818063027
8.0
13.198011213815512
25.590796956892312
13.095800853708795
33.5
11.5
4.5
13.5
4.5
3.0
2.5
44.81319250201019
32.36027657483786
4.5
6.0
13.5
33.5
23.0
12.0
19.06567596493762
39.96943276499625
19.79898987322333
24.589970855343985
35.0
34.30581421404962
23.54118731075389
33.436506994600975
0.5
6.0
11.0
20.98147330914162
14.0
4.0
9.0
7.5
5.5
14.439529078193651
40.32369030731191
12.5
6.0
31.899146627387317
12.5
14.5
14.0
14.0
29.709706606876257
38.16047984790315
15.848895860595462
22.395436042987765
19.510680835549195
24.91318258807306
14.5
2.5
12.083045973594572
27.796882319185844
6.5
3.0
