0.0
25.20385635175697
25.382019493733097
33.03346787729075
29.470058958203662
31.447734417601534
20.752509888364507
30.637038028725193
35.64017707899642
32.63601346672108
20.973233971180424
38.318272403645764
53.5
55.45890370355332
24.25329301810833
38.81607270191048
41.48124729984647
57.856143436400366
46.4
53.22037357314684
53.32380867331751
66.73829485385434
46.98492666093386
53.88877434122992
117.00358968852196
127.50563713028534
87.55935129956137
105.29126269543926
105.77220806998406
112.16171361030466
47.98290711284592
94.71800251272194
54.90215764048119
37.69363341467628
36.266586634565556
33.44188055417936
75.2877812131557
50.002499937503124
41.39972825997775
87.70148813109252
44.10537326241876
34.522134606333054
60.25151365699607
59.111241645636994
25.298221281347036
33.58935691493935
60.88218130126417
68.35202996254024
39.73270063813936
77.68294536125674
88.70310028403742
101.3961907568524
116.56328753085167
117.22707665040531
126.5130647623223
103.34516061346183
131.0856208742973
110.3936139457351
113.52285012278365
139.6853607218738
108.55515751092724
