0.0
9.503735457930265
12.409673645990857
22.871622397877925
39.53428891481419
32.94858684374794
27.19719654670312
42.93955700232078
33.2970601536537
55.27827330877838
30.508359510140824
18.99021061424948
34.80099675296672
20.102797043685037
18.882678717691395
28.64276807966203
30.611400674253204
26.686326086593485
39.943762119152034
54.79963503528103
56.576398691405664
52.338640919815006
42.49369701160733
53.076448402281024
32.0337322208949
37.39615250560172
30.10393518429521
61.678602448499106
57.11543433701763
113.36960203981782
87.81052044032081
98.60020283954795
71.99305522062528
65.35650099433278
77.83630127336708
69.68588414434872
90.42433300832249
126.67157336987648
65.2674247591697
60.12681909930044
104.14319735611902
131.03068342949297
118.27181499504529
113.89770629823938
103.44737792713741
51.37900805908773
68.84039511798287
72.74937953152744
66.49691722177803
57.56203397294124
87.25136102090327
61.42113280911998
89.54015858819997
71.82345978160618
82.16533853847896
78.9445685146178
77.26523582224199
60.57339186861783
