0.0
12.48415662616689
8.689311378435287
39.32944896074131
23.057536728800844
21.629609335353237
27.00107129799981
45.93949825585822
36.196512262923896
15.514106484100203
33.73031833528999
31.200497982887477
36.14571062649364
34.346275877694026
38.76511801865177
23.805280045080153
60.97117659189463
49.780505877623405
49.71499016306429
58.20021740614418
52.319531088622476
89.5116379770437
81.55954379270075
37.66214943414675
39.99166579843022
39.170907571819164
42.44938889176087
30.41726483430093
77.06662900453378
73.07006483506088
77.07814216754319
59.65821017107641
58.65360089507876
122.21718373453055
84.09914783555578
87.86097552615816
73.00377401482861
34.2634553861691
62.86363602826262
40.015274861260444
45.42827748288205
19.23122460999299
41.95819104678331
82.67691468736737
30.154435826259462
35.76054147423683
35.2368082133048
36.94231144636188
39.4715087119811
34.77584470577243
37.97285214465724
52.59005881071332
48.9448669423056
42.60328625822191
42.2524000042891
63.381779716256
44.91032732011647
38.50142042834264
62.439170398076236
51.74584672281655
32.52752680423152
88.965661290685
