0.4714045207910317
17.694689621926873
21.230873745562146
15.760710643876436
28.11484384527939
21.81284025522582
33.360292128653356
42.71580503747999
28.030162325609176
20.44927479169305
39.613760235554516
51.58230680184825
40.30470364365019
50.33692040198284
42.99786420894196
35.219454850976895
37.47311536288383
27.06824708029687
72.86688777032633
17.392101859769326
11.977061409210524
63.72156228467723
39.41367148591971
58.386536584395785
39.27818109592247
60.7497375487738
30.04995840263344
43.104524124504614
34.18537699075439
42.524502740576914
31.82591536608003
51.70362952561888
38.781438859330635
41.466035484061315
24.689178916188272
53.84103586352275
38.70930120784926
74.73381334538507
66.99170761287466
103.30653415926797
101.51970252123476
68.34934274052111
25.70136183162285
72.94689849472697
73.12104690169582
95.0
104.3888882975578
53.26558196642765
97.45864507574483
77.70296004657737
81.17996982014714
109.78998132798822
76.82230578853168
138.01739020862553
135.5566302325342
142.772546380598
164.0990554512731
80.4721069688125
91.05734456923285
132.71115250799383
139.9150535940369
107.89501069712786
104.2283599621915
94.8976056365784
51.134626233111355
71.57203053955892
88.68045005649341
124.30060337745752
94.303245123465
131.64535692533937
