0.06510416666666667
0.033854166666666664
0.04861111111111111
0.028645833333333332
0.050347222222222224
0.024305555555555556
0.024305555555555556
0.021701388888888888
0.018229166666666668
0.03993055555555555
0.03819444444444445
0.05555555555555555
0.049479166666666664
0.05295138888888889
0.04774305555555555
0.042534722222222224
0.06076388888888889
0.041666666666666664
0.033854166666666664
0.030381944444444444
0.022569444444444444
0.028645833333333332
0.06336805555555555
0.050347222222222224
0.03993055555555555
0.07118055555555555
0.03819444444444445
0.05295138888888889
0.059027777777777776
0.07118055555555555
0.049479166666666664
0.03819444444444445
0.028645833333333332
0.0703125
0.013020833333333334
0.050347222222222224
0.0642361111111111
0.05381944444444445
0.03211805555555555
0.042534722222222224
0.014756944444444444
0.06163194444444445
0.04861111111111111
0.041666666666666664
0.03211805555555555
0.0234375
0.019097222222222224
0.0763888888888889
0.035590277777777776
0.035590277777777776
0.05381944444444445
0.015625
0.030381944444444444
0.044270833333333336
0.021701388888888888
0.04079861111111111
0.03819444444444445
0.050347222222222224
0.029513888888888888
0.028645833333333332
0.03125
0.04079861111111111
0.050347222222222224
0.04079861111111111
0.051215277777777776
0.04513888888888889
0.042534722222222224
0.03211805555555555
0.041666666666666664
0.020833333333333332
