0.046875
0.059027777777777776
0.05555555555555555
0.044270833333333336
0.04600694444444445
0.03298611111111111
0.04774305555555555
0.04861111111111111
0.028645833333333332
0.043402777777777776
0.043402777777777776
0.07291666666666667
0.015625
0.06770833333333333
0.06163194444444445
0.027777777777777776
0.05555555555555555
0.059027777777777776
0.051215277777777776
0.04079861111111111
0.024305555555555556
0.024305555555555556
0.052083333333333336
0.04774305555555555
0.07725694444444445
0.028645833333333332
0.028645833333333332
0.059027777777777776
0.046875
0.044270833333333336
0.04079861111111111
0.041666666666666664
0.0390625
0.036458333333333336
0.041666666666666664
0.025173611111111112
0.05642361111111111
0.03211805555555555
0.025173611111111112
0.041666666666666664
0.07118055555555555
0.06336805555555555
0.04079861111111111
0.05295138888888889
0.03993055555555555
0.043402777777777776
0.05642361111111111
0.027777777777777776
0.033854166666666664
0.042534722222222224
0.0546875
0.022569444444444444
0.024305555555555556
0.0546875
0.0685763888888889
0.04513888888888889
0.04774305555555555
0.04774305555555555
0.04079861111111111
0.017361111111111112
0.029513888888888888
0.020833333333333332
0.0390625
0.018229166666666668
0.03732638888888889
0.021701388888888888
0.06684027777777778
