0.07378472222222222
0.050347222222222224
0.022569444444444444
0.0642361111111111
0.013020833333333334
0.04513888888888889
0.0546875
0.046875
0.06597222222222222
0.042534722222222224
0.021701388888888888
0.014756944444444444
0.050347222222222224
0.05642361111111111
0.03211805555555555
0.057291666666666664
0.015625
0.014756944444444444
0.07118055555555555
0.058159722222222224
0.0234375
0.021701388888888888
0.019965277777777776
0.035590277777777776
0.06510416666666667
0.025173611111111112
0.030381944444444444
0.026909722222222224
0.03819444444444445
0.06770833333333333
0.013888888888888888
0.09027777777777778
0.0546875
0.04861111111111111
0.020833333333333332
0.034722222222222224
0.026041666666666668
0.034722222222222224
0.03732638888888889
0.036458333333333336
0.06076388888888889
0.0642361111111111
0.010416666666666666
0.019965277777777776
0.06163194444444445
0.019965277777777776
0.036458333333333336
0.026909722222222224
0.034722222222222224
0.03819444444444445
0.026909722222222224
0.028645833333333332
0.028645833333333332
0.016493055555555556
0.041666666666666664
0.019965277777777776
0.05555555555555555
0.03298611111111111
0.019097222222222224
0.03211805555555555
0.0685763888888889
0.03732638888888889
0.017361111111111112
0.011284722222222222
0.03993055555555555
0.0390625
0.043402777777777776
0.059027777777777776
0.025173611111111112
0.03211805555555555
0.033854166666666664
0.051215277777777776
0.027777777777777776
0.049479166666666664
0.041666666666666664
0.026041666666666668
0.035590277777777776
0.019097222222222224
0.04600694444444445
