0.04600694444444445
0.044270833333333336
0.04079861111111111
0.030381944444444444
0.03732638888888889
0.029513888888888888
0.042534722222222224
0.019097222222222224
0.049479166666666664
0.027777777777777776
0.0390625
0.028645833333333332
0.016493055555555556
0.051215277777777776
0.06770833333333333
0.051215277777777776
0.0625
0.026041666666666668
0.021701388888888888
0.034722222222222224
0.06770833333333333
0.0234375
0.029513888888888888
0.03125
0.04079861111111111
0.03298611111111111
0.044270833333333336
0.03732638888888889
0.052083333333333336
0.057291666666666664
0.057291666666666664
0.09635416666666667
0.019965277777777776
0.015625
0.026909722222222224
0.043402777777777776
0.027777777777777776
0.009548611111111112
0.010416666666666666
0.022569444444444444
0.042534722222222224
0.049479166666666664
0.049479166666666664
0.058159722222222224
