17.30767331432956
23.0
0.0
13.0
13.0
0.5
0.0
0.0
0.0
26.71246067953223
13.299958228840001
15.5
10.825317547305483
0.0
13.0
0.0
0.0
13.0
13.0
0.0
0.0
0.0
25.5
15.0
4.5
13.0
0.0
13.0
0.0
2.160246899469287
13.0
0.0
0.0
0.0
13.0
0.0
0.0
3.5
13.0
16.5
0.0
19.5
0.0
13.021349989749739
13.0
13.5
13.0
12.498888839501783
13.0
0.0
0.0
0.0
0.0
15.990231392947383
7.5
17.5
13.0
0.0
13.0
15.0
12.256517540566822
13.0
12.498888839501783
0.0
7.0
5.2493385826745405
13.0
14.0
13.0
4.898979485566356
0.0
0.0
13.0
12.727922061357855
13.0
13.0
1.247219128924647
13.0
13.0
24.5
0.0
5.0
13.0
19.0
17.0
22.0
13.0
13.5
