6.53356717268599
13.0
19.5
2.5
13.589211407093005
13.0
2.5
0.0
0.0
0.0
13.0
0.0
13.02134998974974
13.0
1.7853571071357126
0.0
21.5
16.0
0.0
0.0
13.0
0.0
16.0
0.9428090415820634
0.0
13.0
16.5
0.0
13.5
19.0
0.0
16.5
0.0
0.0
0.0
0.0
13.0
13.0
13.0
1.0
19.5
13.0
0.0
13.0
0.0
0.0
0.0
0.0
0.0
18.457157599876172
0.0
0.0
0.0
13.0
0.0
13.5
5.5
4.5
18.5
16.027753706895076
0.0
1.5
0.0
16.21384867602041
3.559026084010437
13.0
2.5
0.0
14.0
14.0
13.0
14.99166435056495
13.0
14.5
13.0
0.0
11.947803145348521
0.4714045207910317
16.0
