4.085033659592048
13.0
0.0
13.0
16.0
0.0
0.0
14.197026292697903
0.0
13.0
13.0
17.0
0.0
13.0
0.0
0.0
18.0
0.0
13.0
0.0
13.0
9.741092797468305
0.0
0.0
19.618585292749547
16.0
13.0
12.256517540566822
2.0
13.5
14.197026292697903
17.30767331432956
13.0
3.2691742076555053
15.0
13.5
0.5
5.5
13.0
13.5
12.256517540566824
14.5
0.0
13.0
18.5
13.0
9.285592184789412
4.109609335312651
12.027745701779143
15.763882770434446
0.0
0.0
13.0
13.5
0.0
13.767917618708921
0.0
14.0
16.0
13.589211407093005
0.0
2.48746859276655
0.0
13.5
0.0
10.231690964840562
16.5
16.32993161855452
16.0
14.0
13.0
15.0
15.0
13.0
6.599663291074443
11.258330249197702
0.4330127018922193
4.0
