11.5
20.01993466356766
35.188277078453275
27.773833053238004
23.90947977561402
29.36860969567786
42.38972621861208
52.043827683981895
59.241956205041035
51.483879455126534
59.58884501168813
51.786960456821575
91.54882577073286
52.551016878838794
75.90394116265418
44.233204596647624
89.93643301505277
101.2586073158996
59.95610373431549
59.795484779371094
65.44558808659298
63.713764501732655
43.870354736329155
41.76214061669838
59.35837486544478
31.448550648137676
32.70535124410071
49.53708144080685
48.356571680500245
51.05362104907175
59.83249934474854
54.952588494524264
53.91490154861215
49.78781644806958
47.19943836793527
70.7969214135237
102.2974919511917
78.14074693372817
69.15027114914301
50.8760442849694
42.040484580342316
39.395431207184416
36.67478697961312
62.393767705762976
51.65096790193869
