13.5
19.77743194665152
16.439206185214662
17.282376263134857
42.109933951457606
24.72989824152156
40.333169264716695
45.24831181626804
68.1692012568726
61.56739704338836
60.882495026830505
80.73101073162654
43.17787499274239
54.17808880093916
42.70254003227158
68.43310488170181
63.14711864962644
67.01708737329606
54.2521984629405
71.98741209405989
62.8679465087325
59.33460672790842
58.344315675116405
74.3434185220926
76.80791379344824
62.14588571346547
87.70012100612972
44.022878606815915
59.27043424001548
64.26459146577511
39.51720353213268
41.20080306061408
58.22786643065109
47.00360457427926
52.648671902159364
70.60392043114118
64.51032647741152
73.62522305153144
51.290025021115625
55.057142033426416
56.93066477493457
61.03040274462882
123.57939864150107
40.468930984151285
58.420501686488784
36.81329700753651
39.844594307154516
