2.8674417556808756
16.241236953439778
30.59801018280134
33.96557080338854
40.52686351874108
51.31055771801095
40.644992706344105
49.71420048742417
69.06330281646228
60.767245809443324
89.71002669093845
65.71798967304666
92.71691683110836
96.25637610479839
104.54949516270037
128.5318881872967
82.36390289441121
110.96941019938782
86.26156647800728
138.80589464748567
87.29903260489202
94.04812007099817
63.25592857590504
80.70581497902472
109.15841699108687
86.79261879725689
90.29794575882921
117.27663876493051
95.51141163267411
189.7328205922121
84.42005426514591
63.82353630896872
99.50617714464178
98.58209650877848
96.28255594089926
125.08541081996734
79.51452697463527
85.95251427819784
73.79005503604279
121.8196241716963
99.54449830531642
135.66627747150434
84.28967908350346
75.78086695148299
97.36311616258432
91.96352505655926
156.10602166476474
125.9740934566398
127.23954112793034
83.71422224399602
81.62940646605242
