18.525178061822302
46.90391774681514
57.30199269961681
70.91209524845006
46.007797725206814
81.12788429893916
90.58122032736429
107.67050190180211
79.97677862771802
97.33297815661776
89.20900690838481
114.72506264979766
107.56911222709539
119.77569428790116
92.19827749219947
165.70475030068306
131.71616426617533
122.83018521519863
182.58663176468738
92.66294064689325
99.23584836136587
83.61607999672793
160.85446752335548
112.10886641561443
135.11266492162096
97.07837020128376
131.0212408564182
143.20309493862206
206.4470312968969
240.39094316457835
190.00767235971173
186.45859753240128
241.56171514174636
265.5433109682863
400.7533444096949
203.0880104782161
258.6387441973843
174.71495515712314
267.77114810057867
173.0620120072571
160.15563524272258
249.91595031574562
346.2157593767452
393.94875466458217
336.76035353688195
581.9103596488609
393.06187522462926
419.6945979585102
80.21363806650398
84.91517376001698
116.71834302127982
87.53389184894169
104.44515498576273
149.29472897518264
99.39110700761796
160.3813495887797
104.81947941050313
130.2519007767435
124.27237202604445
97.62220922316202
95.2199387454848
104.56634596081216
163.09625303820454
96.92954967397714
119.31130499663475
124.39811747921716
156.06069597564394
189.68576143384414
199.41116313654828
206.34982295390168
136.79323994944986
