7.748548251124206
36.552407919146525
52.19588106354754
76.22906613238797
80.28006635058567
77.42045812083612
86.6540749817197
173.16451960682255
74.11109498583866
216.82326648422418
183.93427679967152
146.440397194748
158.89991132213328
135.6706025515263
240.20093671757405
180.42641153970894
127.01145508269018
185.5816483496113
206.27711805507312
194.8669373287549
165.16582050741883
174.889203783424
281.83295970222366
307.20605233906116
304.79478239464663
331.0654890270071
298.1459374199152
196.74625665097884
412.08720893591817
240.87582408734542
281.7782816329179
344.4596770825324
212.9423572237332
349.6342036884963
349.3736158747362
307.41426266341136
321.11744771175773
296.085826423685
394.4560512768044
296.0030446957189
231.5286944034798
350.4222980665593
385.39574809935465
245.744142542096
203.1149769897607
229.32590584962267
228.25406539062328
268.8506896649762
255.3707258329677
263.54582588944567
535.2592829648077
254.7537896348813
297.2414070778711
446.85868851349414
344.18027575998923
366.80231846105113
341.4583967845774
530.4819611552415
420.218007174513
126.73830770313994
149.38414373687723
102.93208067708619
175.98929967472455
139.513006623086
147.45160019477578
145.22945866202664
202.15028379914682
195.86638019039637
259.44437901498105
193.58029754399652
130.66998400089008
235.99774636230882
204.30476842208063
291.55420537402694
354.6756164432625
351.60482868634716
309.27782022495967
378.9845666714516
351.94462313193435
311.5708185950668
