9.228670941524504
32.6406127232327
38.996121602026015
56.31059985926003
61.23622647196635
68.10868422558914
90.06004398975996
84.95154755564354
112.49941319767706
91.76522839756431
131.1087243473904
105.35983207501819
138.6795003831879
126.45988102523394
119.04174221899032
158.28483662743201
232.47599842510624
124.3906491662456
168.20351825606684
295.7536812957702
216.71638362086338
158.54059417070442
199.25401772673723
237.4339155763725
238.57499387159382
230.26743040684855
220.95046181432554
169.21350418923427
289.2019671056505
294.6675212792985
315.610048037361
349.5892192591502
306.02677620610586
367.7791657950453
227.57739831148047
277.84851188292436
191.34448520440975
353.60155856871194
217.25784128541827
252.99408475380451
347.0528099476534
306.8615757416797
375.6051527458466
417.0896519667897
467.50239571578675
454.0531731236647
331.7512304313785
377.0812227103201
457.17917824460045
332.17422470076684
405.16796071368833
504.5349057046303
473.73288887304415
556.3284641288814
541.5960865697373
574.8706376220654
578.304922452968
649.932731561933
773.4032324732035
763.4777272455301
726.2723892131198
632.5880867515606
607.2822024968193
585.0420881423483
79.07105805680244
87.90793795531526
134.08185981077196
108.37831598156524
186.32303327091026
154.06098371619308
176.16607931154056
185.64104783009543
161.5227704439867
196.86437102358667
268.6114107133164
251.11625015866656
239.06142652249346
304.1731620311036
287.86068306245926
223.59594984911362
296.37743203932075
182.4554564818493
170.70428371701408
255.0214218841913
310.94657358828954
280.8213800621313
