10.86206126847018
48.1084956159237
45.35494230175711
45.674519545367936
63.58215158360088
79.8227229041752
115.4652424854433
124.03429612916375
98.32866067532946
97.17997851847917
91.03412128588623
96.90006129366385
125.61422849343143
208.4711870443117
106.41573047396561
109.21190411305903
90.05409372104283
58.70263216788069
121.08181347979371
91.33533635618136
90.55605314019918
85.65976325744961
109.58583647331234
121.81596848326083
121.44346200108888
108.21485362672975
139.9645647836804
128.620321666359
168.90248625019066
171.7245588135925
91.83468625742672
173.380189179733
167.44036742670787
121.45211930613075
150.12342718053617
223.42710553467614
156.49549356506353
217.18846078924176
131.91770768172103
110.82401179898177
224.13087136760078
154.2588251088635
164.1082148243637
219.56670798688572
181.71815409678987
170.54360146308625
158.8801862418562
112.51982297539516
89.75439739562543
106.74385228199327
98.72267769786602
110.13426149729953
68.66728155064503
124.5741635421335
174.1395852634011
112.85914894238748
141.2737059753159
73.67384007056916
71.55321673963199
82.39851670725363
105.42994794128704
112.83910325388312
113.7028033955188
135.3830577068253
99.9891001712748
113.24711515490843
127.79205403202505
150.20328511555311
230.46046807153283
158.35301903955417
155.7153314956813
116.96918367910223
235.00535221763408
