1.0
0.0
30.0
0.0
23.0
16.5
0.0
4.4969125210773475
4.642796092394706
21.0
29.5
11.5
15.0
16.5
11.5
0.0
15.0
28.5
27.5
4.189935029992178
28.5
18.5
0.0
18.5
0.0
0.0
23.5
0.0
16.0
0.0
19.5
20.0
14.0
11.5
2.0
12.0
15.0
17.5
12.0
11.5
3.5
28.0
11.897712198383164
14.0
18.0
20.5
35.5
13.0
0.0
17.326921891156037
11.5
20.5
0.0
22.0
20.5
11.5
21.0
0.0
38.5
30.5
44.5
11.5
12.814921857827391
26.0
21.0
22.5
11.5
9.0
21.5
27.0
2.0
12.083045973594572
0.0
0.0
14.5
0.0
11.5
13.0
11.5
3.0
22.0
0.0
18.0
11.5
2.5
23.5
0.5
9.0
11.343133018115703
13.0
31.5
11.5
13.0
0.0
20.5
18.5
4.5
4.0
17.0
0.0
2.0
11.5
11.5
5.0
10.842303978193728
22.0
6.0
11.5
0.0
14.055445761538676
22.0
0.4714045207910317
12.0
11.5
3.0
17.5
0.0
4.0
0.0
28.5
2.5
0.0
0.0
0.0
11.5
2.5
11.5
24.5
4.96655480858378
16.21384867602041
0.0
18.5
0.0
11.5
9.0
15.0
20.5
16.5
4.5
15.0
0.0
30.0
8.0
28.5
16.0
11.5
18.0
11.5
12.0
0.0
14.5
28.5
15.0
34.0
23.0
23.0
5.5
20.0
1.5
11.5
0.5
1.0
12.0
20.5
22.5
12.5
18.0
0.5
0.0
4.0
22.0
0.0
9.463379711052259
11.5
19.5
0.0
15.0
12.027745701779143
19.0
16.0
19.5
18.5
11.5
5.5
22.0
17.0
22.0
1.0
12.5
