0.0
0.4895833333333333
0.6145833333333334
0.5104166666666666
0.9583333333333334
0.6979166666666666
0.8958333333333334
0.7916666666666666
0.7708333333333334
0.4791666666666667
0.3020833333333333
0.4895833333333333
0.7083333333333334
0.6458333333333334
0.8125
0.8333333333333334
0.3541666666666667
0.9166666666666666
0.3333333333333333
0.5625
0.875
0.23958333333333334
0.9375
0.75
0.84375
0.8333333333333334
0.5625
0.4583333333333333
0.6875
0.7604166666666666
0.4270833333333333
0.7708333333333334
0.4895833333333333
0.65625
0.84375
0.8333333333333334
0.5104166666666666
0.7708333333333334
0.9583333333333334
0.8229166666666666
0.4583333333333333
0.23958333333333334
0.3854166666666667
0.84375
0.4166666666666667
0.78125
0.8645833333333334
0.6979166666666666
0.0
0.6041666666666666
0.4479166666666667
0.8333333333333334
0.65625
0.5104166666666666
0.7395833333333334
0.8333333333333334
0.53125
0.6875
0.8541666666666666
0.4791666666666667
0.8958333333333334
0.6354166666666666
0.875
0.4583333333333333
0.9375
0.8541666666666666
0.6770833333333334
0.78125
0.875
0.625
0.7708333333333334
0.96875
0.65625
0.9270833333333334
0.8125
0.5104166666666666
0.7395833333333334
0.65625
