0.28125
0.4479166666666667
0.9270833333333334
0.5
0.78125
0.7916666666666666
0.90625
0.23958333333333334
0.7604166666666666
0.8020833333333334
0.9270833333333334
0.75
0.9479166666666666
0.4895833333333333
0.46875
0.5
0.8541666666666666
0.4270833333333333
0.7708333333333334
0.9270833333333334
0.8229166666666666
0.8645833333333334
0.4166666666666667
0.5625
0.5
0.75
0.5208333333333334
0.90625
0.9583333333333334
0.3541666666666667
0.7395833333333334
0.3229166666666667
0.4791666666666667
0.5416666666666666
0.84375
0.8333333333333334
0.5416666666666666
0.9479166666666666
0.6875
0.5208333333333334
0.8020833333333334
0.23958333333333334
0.5520833333333334
0.625
0.7916666666666666
0.8958333333333334
0.78125
0.7708333333333334
0.9270833333333334
0.9375
0.46875
0.4895833333333333
0.4895833333333333
0.34375
0.4895833333333333
0.875
0.4270833333333333
0.4270833333333333
