0.3958333333333333
0.6354166666666666
0.8333333333333334
0.4375
0.5520833333333334
0.71875
0.8020833333333334
0.9375
0.4375
0.8125
0.8020833333333334
0.5
0.34375
0.40625
0.78125
0.5208333333333334
0.7708333333333334
0.4791666666666667
0.7708333333333334
0.4791666666666667
0.5208333333333334
0.5104166666666666
0.6666666666666666
0.6354166666666666
0.5416666666666666
0.4270833333333333
0.7708333333333334
0.7291666666666666
0.6666666666666666
0.78125
0.4375
0.5520833333333334
0.7708333333333334
0.34375
0.5416666666666666
0.90625
0.875
0.9479166666666666
0.7395833333333334
0.9375
0.25
0.5520833333333334
0.7395833333333334
0.6145833333333334
0.875
0.4166666666666667
0.4166666666666667
0.84375
0.4270833333333333
0.90625
0.3229166666666667
0.4895833333333333
0.4479166666666667
0.3125
0.25
0.3854166666666667
0.40625
0.4895833333333333
0.5416666666666666
0.5208333333333334
0.5416666666666666
0.7291666666666666
0.8333333333333334
0.6979166666666666
0.875
0.3229166666666667
0.46875
0.6666666666666666
0.8958333333333334
0.8645833333333334
0.8333333333333334
0.375
0.8541666666666666
0.75
0.6770833333333334
0.8125
0.8541666666666666
0.9583333333333334
0.71875
0.7916666666666666
0.5
0.8645833333333334
0.46875
0.5104166666666666
0.5104166666666666
0.53125
0.8541666666666666
0.7916666666666666
0.6041666666666666
0.53125
0.75
0.96875
0.34375
0.3333333333333333
0.8645833333333334
0.71875
0.8125
0.8020833333333334
0.9375
0.7291666666666666
0.7708333333333334
0.8541666666666666
0.8333333333333334
0.4791666666666667
0.4479166666666667
0.84375
0.8229166666666666
0.6979166666666666
0.7083333333333334
0.625
0.23958333333333334
0.5520833333333334
0.5
0.9166666666666666
0.8541666666666666
0.8125
0.4895833333333333
0.375
0.53125
0.4583333333333333
0.5
