16.55369117018995
16.601204775557708
15.30372770381952
21.787324296480282
21.61789382278795
14.613540144521982
10.573814617041267
16.029971927611104
18.742073154335113
42.97310205233036
15.998724438950418
12.828539611796371
14.51436070471816
15.468203067016187
12.482085928874326
18.567023859520404
16.4030858221798
29.081512598212633
26.339324213046925
19.022092419079453
8.302860952707807
12.707172078091261
18.180847336594166
19.33405171079139
11.54068888758379
21.16659375898788
18.676188047886004
16.716384178404134
16.353243452861925
27.789294664657895
16.74979270186815
11.742657280190034
7.046275611981127
27.21470190907848
5.280993172584953
12.12995475956674
35.99565946055163
14.768526500636412
11.32406177129037
10.257788368952745
24.055491403558285
37.182396537137
41.91956583744636
24.72047816722659
29.88243631299162
14.177446878757825
14.893137868010069
22.460850293752625
12.172099243762352
17.320508075688775
17.135712796998686
15.504837954651444
14.573949361789344
10.603655030224248
11.712706775122479
13.424687043734846
16.55294535724685
46.37930573003438
14.724684259114431
13.618818679394415
11.385633625812158
11.382048164024052
26.12948526090784
11.94518731540029
27.386858162264613
20.801234531264996
22.02586862961116
15.01110699893027
13.196169477878378
6.899954709996291
