27.39018477889885
11.519006033508273
30.447331574376104
19.872510326243805
12.37739875741264
11.659223816361019
19.154988390675513
27.340446228984632
12.188519188154071
20.73175235129813
14.326548781894402
30.44975369358511
7.464200272921789
16.316862443496913
31.430699783633337
9.31752791949733
27.636208133533803
34.41162594240499
11.694443124834974
24.1039415863879
8.831760866327848
5.276052946462682
19.919224638626915
15.954797258365758
48.97129261107981
18.201207394491277
12.435433245367852
31.18047822311618
14.712995011968918
18.356470248934027
18.827432703962117
21.192200805956894
11.939663125714878
18.02664694279
29.139511168019123
11.731694381513034
20.097678141185032
19.998979565804586
11.85788239948432
18.581316049258973
30.527310177391435
16.267759526130202
20.632844828435214
15.571519586161855
16.368212099888574
21.584459430082767
16.69405157607617
7.222188034107115
16.0966468811466
21.51885741599205
19.1829188342129
14.277254638059798
34.44198019858905
42.27587964785594
30.677506010104537
13.39509505112119
17.116786351415385
30.597181242722343
13.793114224133722
5.5641710972974225
15.28771682476771
7.669180303696885
12.027745701779143
12.432216214336043
16.211107303327555
6.497862896539309
32.288697712976905
