17.832554500127006
14.993876301030772
20.67267217850658
36.16935473881477
16.263455967290593
22.442519169350547
24.380487346755523
33.35579972058832
28.74021572639983
14.115594213493104
18.022208521710095
7.745966692414834
17.416467303484175
15.954797258365758
19.5509590557599
25.548972582082435
22.83759084394752
5.924697529522206
24.320773014030618
22.982330169066845
7.212814385385547
13.347658970770867
14.186260959111108
17.272328544042153
44.335916246173994
11.362630637312822
15.377653339252456
9.149551120917666
28.05461146567167
17.417214903652077
10.131140113531151
41.8983558415151
16.0312195418814
20.010934510911778
7.347406004842798
18.242135571365587
24.872474746192825
20.739393650239435
15.880412463157246
21.686071896166773
27.47979055394871
26.329931753091365
5.185449728701348
7.831560082980487
24.704675420946558
24.5
17.738094598913378
11.691615694634358
10.52499454651078
12.325516920070282
18.089284734953512
12.899928808536352
11.20755883321609
10.745800213209915
14.704909894317613
7.164728420068226
36.272213461377774
15.737644975909042
16.4851448279959
12.345370114553315
25.796123739817965
11.598733217248252
16.59986613065164
7.756287771866127
14.879104647190328
14.590712418826193
16.183892218713606
22.9891278651453
13.44831375515692
10.067121672827353
13.782568108791242
22.190087877248256
8.771402396424417
13.876599006961325
19.300259065618782
23.155722834755128
20.965472100769954
8.546344247688598
14.255170168861888
