14.705441169852742
22.76266436269904
18.239828892418135
8.576453553512405
10.94699660609601
9.142223302544094
10.192644406629714
10.249937779801197
25.073641538476217
11.706408501329518
16.397831834998456
10.391553060057962
11.513277359447029
18.802952438597597
36.72845752052125
23.76739129330118
23.824554035700228
7.371114795831994
9.373333185158842
12.187313577852093
21.49046300106166
16.974654308376618
13.97318861248212
14.221354140174098
15.394804318340652
32.44514601600677
26.904274753280376
22.023623680039577
19.50615287543907
16.658331248957683
13.187316840198651
69.6921803361037
8.398250546685183
6.708203932499369
8.926785535678562
20.86528216919196
14.730919862656235
1.9790570145063195
5.31360282670807
13.836184445142381
16.822139429929834
27.691153822114384
26.587904518157625
27.820855486487112
