6.278711828251255
18.858535865755858
22.703663284382376
31.520716291917537
20.919778180314758
36.67944784018104
33.599962440373545
45.406971969602594
37.03807417517303
40.49907181526538
41.16066416311115
46.673915627467984
47.3401545908586
54.1554427871389
44.947234644472
67.17116921369593
61.563564591461905
59.833983654775984
79.21188501274747
43.68835286788161
42.93075354568098
41.20762777818719
77.00161208629913
61.879965881655046
69.15333204794497
49.79708826829135
69.9396644735065
73.76991256603196
99.49846530644557
115.49951899851742
86.12972128649255
89.11430510866367
121.75136777693939
132.13022009263588
194.47514836948534
100.82969552666515
119.91589645339864
85.99958656231371
139.63955056370187
88.46291595917467
83.80947142179099
129.2919177675078
168.29330870567028
180.63009375303653
177.92792624761157
318.72855047655975
223.37783722488072
244.2203439291839
36.43964278879307
39.50154995667375
52.39016405720475
36.25624850361046
41.94758634295899
65.57116920791115
43.98362034327988
68.02775543999729
48.299682969974036
58.45024381378027
55.11651619199872
44.37917221083136
42.62213842210958
52.73513816314857
82.15608589130566
53.9873170290949
58.731662357414216
59.36474407850314
76.66425688692004
98.7087139412702
92.82250012214509
100.67137439998903
71.01123179696515
