2.4576411454889016
15.117269141411509
21.766243934128827
30.792233049287223
36.56371596875497
33.13383785607493
36.520488684435755
67.88793167081056
33.405388786840966
91.91000429163785
84.62952809033847
71.06803029883096
69.18320689085235
65.43662949250093
106.29086273052825
84.87925372354194
65.21098237430733
91.13927106181309
105.61921937381372
90.20343520189363
88.11935561120119
92.56931673076129
143.0074867768755
156.0749018900861
147.89448043706702
175.94679505850064
162.12337170908145
107.59757271574944
207.79145616747178
129.30535732337603
151.82000032933738
194.27192346531595
125.95673860496706
194.57623113376982
185.37046470156318
183.74564545104798
178.88766264824096
160.9976251194956
204.37837662857913
152.72932565025042
122.2690040139387
196.37113153866366
214.88862801223237
142.10202100955496
108.79181110389378
131.0395783484898
121.70715941579289
140.44969047867477
167.81890057738866
169.4848352360765
307.7165903879737
161.80666103580396
162.23315610187552
242.36405123972767
192.7571875010977
205.08015462858714
179.67846849529946
289.313662072375
220.15419089491584
61.34412800599846
68.13311676416984
49.96081640449246
80.05414167924106
70.25589198898724
75.74382087008814
71.76217631161691
93.58368170809261
97.41060716825909
119.31570581579355
93.3146465668112
72.74473851879154
119.61758086071431
105.44878567342538
154.60038899309603
175.7007946219061
175.7264793807568
162.39325068190493
204.38381922777106
178.51206181381065
168.1712297035376
