2.1440472885433763
11.692195231128068
15.952350923923408
21.630186278642018
26.359259352895673
27.187556663138846
40.93287187579195
39.62821042803213
46.990002730931494
43.01582231444326
58.79923809030181
49.50022956787905
60.78500083516174
55.187695692336206
55.84823316747804
79.04772741753266
111.39581385200253
59.438707926737436
79.48237758841539
146.32450998456213
114.27561463310204
78.24832266572875
107.22521584767384
123.71715126855104
125.31107000551856
117.13045381059761
124.4783947048616
100.7234332218675
166.94210573329505
163.57360807757337
172.34818303008484
179.72158715326572
155.50352709432514
189.702133378315
121.3738739760358
144.56595572801902
105.06518870468477
180.31064552291107
112.69517114765834
147.9763377699029
193.68364766262746
164.42700508128218
225.25963980581116
252.11373094961195
256.1531573102311
224.56556349470037
190.84575920420232
212.23555073098106
257.29963474676043
203.11306101665537
239.22264153340967
278.48465393866655
270.3513454747359
291.82434785329343
280.5581738051645
297.30487298394553
357.9276773626513
395.820982263447
470.38622428808435
496.7742344365295
467.50151514905986
427.1342733848456
387.9995266144809
381.85556624120034
35.264650225906905
39.3006219911198
56.07622677995144
49.8800644880631
85.09916432371733
73.47556927155034
81.50760700695365
90.91988948439652
79.91039661773246
92.06444248594532
124.9705570860925
114.93197716475602
120.13526540720603
150.30540523796873
139.53730425867624
125.20629343988671
149.91375298261775
95.78746473312674
93.77290353837044
135.20318349227682
170.327630553894
162.68309684782866
