2.8695600708122493
17.419675711867896
18.87061049652608
20.23345014897278
25.32203695510208
32.10887092123818
56.3071777297432
53.59584104847839
40.51385502491206
44.19552107216564
40.26442257485087
39.47316552635005
55.22555930001977
86.65345268180607
44.47126923061954
48.12005818782849
40.211986105272295
28.470104934825933
52.67108367553829
39.513056873849536
40.34840519342608
36.63974719318032
49.90929272189699
49.81789322328977
56.08635976836183
49.601802819808945
70.47647719224558
59.8555286504004
73.64209322620347
77.4576642475909
44.38370872290868
77.16838730983044
81.98158080835435
60.46568254334105
72.44433599793581
103.98745355026138
73.43362250073359
95.63549288836232
58.86323130783766
55.298838968108996
105.71891978260086
67.23618479252481
76.52460670986011
100.5722983235575
95.19577631210535
81.47195836605378
76.41660103393927
55.64521160674965
43.76267208208453
43.24164932893276
42.666525496683974
45.450767769195366
31.714087300966636
55.35058716942396
70.61406390203898
49.22635853889662
61.51390086801519
30.645519118737948
32.19914030666565
36.38839863961529
45.038053952795025
51.697087374195526
49.06974628016737
55.282893801857355
45.2440660220109
48.531322423753785
55.015756464464594
73.05246897361167
93.71491009972746
69.66731638038466
68.8590007440645
53.11581619965522
98.94337970548233
