0.3637152777777778
0.18663194444444445
0.2534722222222222
0.1501736111111111
0.28125
0.1996527777777778
0.1831597222222222
0.1875
0.2013888888888889
0.2074652777777778
0.2282986111111111
0.2977430555555556
0.2994791666666667
0.2743055555555556
0.2934027777777778
0.2456597222222222
0.2960069444444444
0.3012152777777778
0.1875
0.19270833333333334
0.2065972222222222
0.20225694444444445
0.3350694444444444
0.2664930555555556
0.24479166666666666
0.3394097222222222
0.1953125
0.3142361111111111
0.2734375
0.3003472222222222
0.2534722222222222
0.3046875
0.2560763888888889
0.2404513888888889
0.1545138888888889
0.2847222222222222
0.22135416666666666
0.2855902777777778
0.2612847222222222
0.2204861111111111
0.12760416666666666
0.2890625
0.2942708333333333
0.23958333333333334
0.203125
0.13541666666666666
0.1623263888888889
0.3055555555555556
0.2048611111111111
0.1996527777777778
0.2690972222222222
0.1345486111111111
0.16927083333333334
0.2725694444444444
0.24131944444444445
0.2890625
0.2673611111111111
0.24131944444444445
0.21006944444444445
0.2144097222222222
0.2144097222222222
0.2604166666666667
0.2065972222222222
0.24131944444444445
0.3246527777777778
0.3090277777777778
0.2387152777777778
0.1875
0.20399305555555555
0.2092013888888889
