0.2725694444444444
0.3072916666666667
0.2282986111111111
0.2421875
0.1996527777777778
0.24479166666666666
0.3237847222222222
0.2152777777777778
0.1875
0.23524305555555555
0.2743055555555556
0.2387152777777778
0.18229166666666666
0.34375
0.2673611111111111
0.2282986111111111
0.23524305555555555
0.2769097222222222
0.3315972222222222
0.22395833333333334
0.2578125
0.2074652777777778
0.265625
0.22569444444444445
0.2751736111111111
0.2673611111111111
0.19270833333333334
0.2309027777777778
0.2456597222222222
0.23524305555555555
0.20399305555555555
0.2699652777777778
0.2222222222222222
0.1875
0.3359375
0.20225694444444445
0.24739583333333334
0.2456597222222222
0.23697916666666666
0.2604166666666667
0.3098958333333333
0.2890625
0.2855902777777778
0.2439236111111111
0.2508680555555556
0.2673611111111111
0.3394097222222222
0.1684027777777778
0.2526041666666667
0.265625
0.2942708333333333
0.16319444444444445
0.16145833333333334
0.21006944444444445
0.3272569444444444
0.23697916666666666
0.2595486111111111
0.18489583333333334
0.1684027777777778
0.15711805555555555
0.2248263888888889
0.17881944444444445
0.2630208333333333
0.15538194444444445
0.16493055555555555
0.1684027777777778
0.2508680555555556
