0.3472222222222222
0.23958333333333334
0.23697916666666666
0.2673611111111111
0.09722222222222222
0.22916666666666666
0.2786458333333333
0.2907986111111111
0.328125
0.2465277777777778
0.1605902777777778
0.16666666666666666
0.296875
0.2638888888888889
0.18489583333333334
0.3055555555555556
0.1154513888888889
0.1918402777777778
0.3333333333333333
0.21614583333333334
0.2543402777777778
0.1527777777777778
0.17447916666666666
0.19791666666666666
0.2881944444444444
0.22135416666666666
0.21788194444444445
0.20052083333333334
0.2569444444444444
0.3064236111111111
0.1362847222222222
0.3029513888888889
0.3194444444444444
0.2829861111111111
0.2126736111111111
0.24479166666666666
0.1753472222222222
0.22569444444444445
0.19010416666666666
0.2795138888888889
0.2803819444444444
0.3333333333333333
0.1423611111111111
0.16666666666666666
0.3038194444444444
0.08246527777777778
0.1762152777777778
0.21180555555555555
0.24739583333333334
0.2387152777777778
0.2222222222222222
0.2013888888888889
0.2300347222222222
0.1605902777777778
0.2595486111111111
0.18229166666666666
0.3194444444444444
0.234375
0.1597222222222222
0.2378472222222222
0.2751736111111111
0.2821180555555556
0.1840277777777778
0.1267361111111111
0.2404513888888889
0.1996527777777778
0.2595486111111111
0.3194444444444444
0.2065972222222222
0.22916666666666666
0.22743055555555555
0.2300347222222222
0.2378472222222222
0.2421875
0.2569444444444444
0.1467013888888889
0.2543402777777778
0.1449652777777778
0.2899305555555556
