0.2708333333333333
0.2508680555555556
0.3168402777777778
0.18055555555555555
0.22395833333333334
0.2387152777777778
0.2873263888888889
0.19270833333333334
0.3211805555555556
0.1935763888888889
0.24305555555555555
0.2543402777777778
0.1545138888888889
0.2847222222222222
0.3272569444444444
0.3411458333333333
0.3116319444444444
0.21875
0.2282986111111111
0.22743055555555555
0.3524305555555556
0.1814236111111111
0.20052083333333334
0.2543402777777778
0.2916666666666667
0.1623263888888889
0.25
0.2144097222222222
0.3394097222222222
0.2881944444444444
0.3871527777777778
0.3229166666666667
0.1918402777777778
0.19444444444444445
0.24479166666666666
0.1918402777777778
0.21875
0.1328125
0.1831597222222222
0.1675347222222222
0.2942708333333333
0.2517361111111111
0.2630208333333333
0.2326388888888889
