0.009259259259259259
0.011396011396011397
0.009971509971509971
0.009259259259259259
0.016025641025641024
0.009259259259259259
0.0
0.014957264957264958
0.009259259259259259
0.009259259259259259
0.01103988603988604
0.021723646723646725
0.009259259259259259
0.02207977207977208
0.0
0.023504273504273504
0.013532763532763533
0.018518518518518517
0.009259259259259259
0.0
0.009971509971509971
0.009259259259259259
0.0
0.012464387464387465
0.022792022792022793
0.021367521367521368
0.013532763532763533
0.0
0.009259259259259259
0.009259259259259259
0.009259259259259259
0.0
0.0292022792022792
0.016025641025641024
0.009615384615384616
0.0
0.02386039886039886
0.0
0.01282051282051282
0.0
0.009615384615384616
0.013532763532763533
0.0
0.012108262108262107
0.0
0.0
0.009259259259259259
0.0
0.019943019943019943
0.009259259259259259
0.026353276353276354
0.022792022792022793
0.01566951566951567
0.03454415954415954
0.009259259259259259
0.0
0.026353276353276354
0.027777777777777776
0.02564102564102564
0.0292022792022792
0.024216524216524215
0.02955840455840456
0.0
0.009259259259259259
0.018162393162393164
0.0551994301994302
0.018518518518518517
0.02849002849002849
