0.024216524216524215
0.01638176638176638
0.0
0.009259259259259259
0.009259259259259259
0.018874643874643875
0.0
0.0
0.0
0.032407407407407406
0.019943019943019943
0.01103988603988604
0.045940170940170943
0.0
0.009259259259259259
0.0
0.0
0.009259259259259259
0.009259259259259259
0.0
0.0
0.0
0.018162393162393164
0.010683760683760684
0.04202279202279202
0.009259259259259259
0.0
0.009259259259259259
0.0
0.029914529914529916
0.009259259259259259
0.0
0.0
0.0
0.009259259259259259
0.0
0.0
0.02101139601139601
0.009259259259259259
0.011752136752136752
0.0
0.013888888888888888
0.0
0.019586894586894586
0.009259259259259259
0.009615384615384616
0.009259259259259259
0.018874643874643875
0.009259259259259259
0.0
0.0
0.0
0.0
0.038105413105413107
0.02386039886039886
0.012464387464387465
0.009259259259259259
0.0
0.009259259259259259
0.010683760683760684
0.018518518518518517
0.009259259259259259
0.018874643874643875
0.0
0.023504273504273504
0.03276353276353276
0.009259259259259259
0.009971509971509971
0.009259259259259259
0.03418803418803419
0.0
0.0
0.009259259259259259
0.019230769230769232
0.009259259259259259
0.009259259259259259
0.030626780626780627
0.009259259259259259
0.009259259259259259
0.01745014245014245
0.02564102564102564
0.024216524216524215
0.009259259259259259
0.013532763532763533
0.012108262108262107
0.01566951566951567
0.009259259259259259
0.009615384615384616
