0.053062678062678066
0.009259259259259259
0.013888888888888888
0.0202991452991453
0.0202991452991453
0.009259259259259259
0.0202991452991453
0.0
0.0
0.0
0.009259259259259259
0.0
0.019586894586894586
0.009259259259259259
0.03952991452991453
0.0
0.015313390313390313
0.011396011396011397
0.0
0.0
0.009259259259259259
0.0
0.011396011396011397
0.02849002849002849
0.018518518518518517
0.009259259259259259
0.011752136752136752
0.0
0.009615384615384616
0.013532763532763533
0.0
0.011752136752136752
0.0
0.0
0.024216524216524215
0.0
0.009259259259259259
0.009259259259259259
0.009259259259259259
0.019230769230769232
0.013888888888888888
0.009259259259259259
0.0
0.009259259259259259
0.0
0.018518518518518517
0.018518518518518517
0.0
0.018518518518518517
0.026709401709401708
0.0
0.018518518518518517
0.0
0.009259259259259259
0.0
0.009615384615384616
0.022435897435897436
0.021723646723646725
0.0316951566951567
0.039886039886039885
0.0
0.024572649572649572
0.0
0.023148148148148147
0.030982905982905984
0.009259259259259259
0.028846153846153848
0.0
0.009971509971509971
0.009971509971509971
0.009259259259259259
0.0349002849002849
0.009259259259259259
0.010327635327635327
0.009259259259259259
0.027777777777777776
0.0292022792022792
0.028133903133903133
0.011396011396011397
