0.04309116809116809
0.009259259259259259
0.0
0.009259259259259259
0.011396011396011397
0.0
0.0
0.02101139601139601
0.0
0.009259259259259259
0.009259259259259259
0.012108262108262107
0.018518518518518517
0.009259259259259259
0.0
0.0
0.01282051282051282
0.0
0.009259259259259259
0.0
0.009259259259259259
0.03668091168091168
0.0
0.0
0.026353276353276354
0.011396011396011397
0.009259259259259259
0.018518518518518517
0.019943019943019943
0.009615384615384616
0.02101139601139601
0.024216524216524215
0.009259259259259259
0.04095441595441596
0.010683760683760684
0.009615384615384616
0.022435897435897436
0.02386039886039886
0.009259259259259259
0.009615384615384616
0.018518518518518517
0.010327635327635327
0.0
0.009259259259259259
0.013176638176638177
0.009259259259259259
0.03774928774928775
0.03276353276353276
0.042735042735042736
0.037037037037037035
0.0
0.0
0.009259259259259259
0.009615384615384616
0.0
0.020655270655270654
0.0
0.009971509971509971
0.011396011396011397
0.0202991452991453
0.0
0.04024216524216524
0.0
0.009615384615384616
0.0
0.0495014245014245
0.011752136752136752
0.05235042735042735
0.011396011396011397
0.009971509971509971
0.009259259259259259
0.010683760683760684
0.010683760683760684
0.009259259259259259
0.03276353276353276
0.027777777777777776
0.03739316239316239
0.024216524216524215
