0.05246913580246913
0.11934156378600823
0.08179012345679013
0.06584362139917696
0.10082304526748971
0.056584362139917695
0.05709876543209876
0.06584362139917696
0.16152263374485595
0.11574074074074074
0.10493827160493827
0.12139917695473251
0.09002057613168725
0.10853909465020577
0.08179012345679013
0.073559670781893
0.09362139917695474
0.09465020576131687
0.051954732510288065
0.06430041152263374
0.13580246913580246
0.10751028806584362
0.11213991769547325
0.08693415637860083
0.062242798353909466
0.12294238683127572
0.13168724279835392
0.09053497942386832
0.06430041152263374
0.059670781893004114
0.12808641975308643
0.05606995884773663
0.08076131687242798
0.08179012345679013
0.11213991769547325
0.04372427983539095
0.09773662551440329
0.09567901234567901
0.12037037037037036
0.04681069958847737
0.1044238683127572
0.10133744855967078
0.11522633744855967
0.06327160493827161
0.05246913580246913
0.0684156378600823
0.05246913580246913
0.07818930041152264
0.13425925925925927
0.12757201646090535
0.12294238683127572
0.08179012345679013
0.08487654320987655
0.12397119341563786
0.03189300411522634
0.02880658436213992
0.06532921810699588
0.0889917695473251
0.07973251028806584
0.08179012345679013
0.07253086419753087
0.12551440329218108
0.05555555555555555
0.08487654320987655
0.09362139917695474
0.09156378600823045
0.056584362139917695
0.09670781893004116
0.07458847736625514
0.04835390946502058
0.10699588477366255
0.07921810699588477
0.05246913580246913
0.06944444444444445
0.08847736625514403
0.09053497942386832
0.06481481481481481
0.08436213991769548
0.06481481481481481
0.08384773662551441
0.10185185185185185
0.11008230452674897
0.08024691358024691
0.06327160493827161
0.07510288065843622
0.10390946502057613
0.09825102880658436
0.05709876543209876
0.1111111111111111
0.059670781893004114
0.023662551440329218
0.10699588477366255
0.1388888888888889
0.048868312757201646
0.05298353909465021
0.038580246913580245
0.06995884773662552
0.09516460905349794
0.10082304526748971
0.08590534979423868
0.09927983539094651
0.10493827160493827
0.11368312757201646
0.08076131687242798
0.0823045267489712
0.060699588477366256
0.07407407407407407
0.10751028806584362
0.07304526748971193
0.12654320987654322
0.08847736625514403
0.0411522633744856
0.11265432098765432
0.03755144032921811
0.09207818930041152
0.11008230452674897
0.12654320987654322
0.11316872427983539
