0.11728395061728394
0.07818930041152264
0.11265432098765432
0.13168724279835392
0.05298353909465021
0.11419753086419752
0.11625514403292181
0.12448559670781893
0.11522633744855967
0.07613168724279835
0.08436213991769548
0.07047325102880658
0.10853909465020577
0.12808641975308643
0.07098765432098765
0.07613168724279835
0.041666666666666664
0.09207818930041152
0.10596707818930041
0.050411522633744855
0.08384773662551441
0.07716049382716049
0.07458847736625514
0.07716049382716049
0.07407407407407407
0.0668724279835391
0.09002057613168725
0.07047325102880658
0.10185185185185185
0.09002057613168725
0.0874485596707819
0.032407407407407406
0.05452674897119342
0.08384773662551441
0.09567901234567901
0.07304526748971193
0.10390946502057613
0.025205761316872428
0.0889917695473251
0.11316872427983539
0.05246913580246913
0.051954732510288065
0.06995884773662552
0.03497942386831276
0.05401234567901234
0.11728395061728394
0.10853909465020577
0.05401234567901234
0.045781893004115226
0.10082304526748971
0.08179012345679013
0.07613168724279835
0.08281893004115226
0.12345679012345678
0.0889917695473251
0.10905349794238683
0.1455761316872428
0.08796296296296297
0.0684156378600823
0.09104938271604938
0.08076131687242798
0.11882716049382716
0.10236625514403293
0.12191358024691358
0.08076131687242798
0.011831275720164609
0.01286008230452675
0.06738683127572016
0.10030864197530864
0.044238683127572016
0.10030864197530864
0.10030864197530864
0.05452674897119342
0.13477366255144033
0.09516460905349794
0.046296296296296294
0.11213991769547325
0.07664609053497942
0.05709876543209876
0.09773662551440329
0.08641975308641975
0.07098765432098765
0.09773662551440329
0.07561728395061729
0.011831275720164609
0.0889917695473251
0.12345679012345678
0.09516460905349794
0.073559670781893
0.07407407407407407
0.03806584362139918
0.09927983539094651
0.07407407407407407
0.12602880658436214
0.08796296296296297
0.058127572016460904
0.07253086419753087
0.08179012345679013
0.0787037037037037
0.09927983539094651
0.06327160493827161
0.040123456790123455
0.0684156378600823
0.09979423868312758
0.0787037037037037
0.12088477366255145
0.07664609053497942
