0.15534979423868311
0.08127572016460906
0.08333333333333333
0.11522633744855967
0.04063786008230453
0.0411522633744856
0.08693415637860083
0.024691358024691357
0.06327160493827161
0.12705761316872427
0.09619341563786009
0.07098765432098765
0.09876543209876543
0.08436213991769548
0.04372427983539095
0.05709876543209876
0.0823045267489712
0.08179012345679013
0.12191358024691358
0.061213991769547324
0.06635802469135803
0.1368312757201646
0.10185185185185185
0.053497942386831275
0.08127572016460906
0.10853909465020577
0.056584362139917695
0.02417695473251029
0.08590534979423868
0.07253086419753087
0.11728395061728394
0.05864197530864197
0.03292181069958848
0.07973251028806584
0.06018518518518518
0.08539094650205761
0.07047325102880658
0.11162551440329219
0.09619341563786009
0.08281893004115226
0.11316872427983539
0.06378600823045268
0.059670781893004114
0.0874485596707819
0.04681069958847737
0.10030864197530864
0.09567901234567901
0.08076131687242798
0.09104938271604938
0.08641975308641975
0.06378600823045268
0.043209876543209874
0.03292181069958848
0.14351851851851852
0.11779835390946503
0.12654320987654322
0.10545267489711935
0.06790123456790123
0.10905349794238683
0.11676954732510288
0.03652263374485597
0.043209876543209874
0.030864197530864196
0.06172839506172839
0.08487654320987655
0.10339506172839506
0.04218106995884774
0.12037037037037036
0.09722222222222222
0.06893004115226338
0.0
0.035493827160493825
0.08436213991769548
0.045781893004115226
0.10493827160493827
0.09104938271604938
0.053497942386831275
0.11008230452674897
0.10236625514403293
0.11882716049382716
0.06790123456790123
0.09207818930041152
0.10030864197530864
0.09619341563786009
0.11059670781893004
0.044753086419753084
0.07407407407407407
0.03960905349794239
0.05555555555555555
0.11008230452674897
0.08847736625514403
0.03806584362139918
0.07818930041152264
0.09259259259259259
0.10699588477366255
0.09670781893004116
0.06172839506172839
0.06430041152263374
0.08641975308641975
0.040123456790123455
0.06430041152263374
0.10545267489711935
0.125
0.09002057613168725
0.04835390946502058
0.01903292181069959
0.09207818930041152
0.073559670781893
0.13940329218106995
0.05864197530864197
0.08693415637860083
0.11676954732510288
0.0684156378600823
0.08847736625514403
0.11934156378600823
0.037037037037037035
0.10493827160493827
0.07407407407407407
0.0941358024691358
