0.10751028806584362
0.05452674897119342
0.11368312757201646
0.0787037037037037
0.08641975308641975
0.12705761316872427
0.06430041152263374
0.14814814814814814
0.06481481481481481
0.06532921810699588
0.09259259259259259
0.09207818930041152
0.06995884773662552
0.13117283950617284
0.09259259259259259
0.1404320987654321
0.08333333333333333
0.053497942386831275
0.07818930041152264
0.07921810699588477
0.11162551440329219
0.05092592592592592
0.05401234567901234
0.033950617283950615
0.03189300411522634
0.09002057613168725
0.04989711934156379
0.13220164609053497
0.040123456790123455
0.06275720164609054
0.05401234567901234
0.0360082304526749
0.03806584362139918
0.12088477366255145
0.07561728395061729
0.08384773662551441
0.06172839506172839
0.06172839506172839
0.1507201646090535
0.04989711934156379
0.0787037037037037
0.102880658436214
0.11676954732510288
0.058127572016460904
0.053497942386831275
0.08281893004115226
0.10133744855967078
0.13786008230452676
0.11316872427983539
0.09207818930041152
0.08641975308641975
0.08590534979423868
0.027777777777777776
0.07510288065843622
0.11419753086419752
0.0257201646090535
0.06995884773662552
0.061213991769547324
0.07716049382716049
0.09876543209876543
0.04989711934156379
0.09362139917695474
0.12345679012345678
0.08127572016460906
0.09259259259259259
0.12448559670781893
0.048868312757201646
0.06790123456790123
0.04835390946502058
0.051954732510288065
0.16203703703703703
0.11728395061728394
0.05606995884773663
0.07304526748971193
0.06944444444444445
0.041666666666666664
0.051440329218107
0.05452674897119342
0.050411522633744855
0.07561728395061729
0.035493827160493825
0.12654320987654322
0.023662551440329218
0.13065843621399176
0.0668724279835391
0.0889917695473251
0.04372427983539095
0.030864197530864196
0.09722222222222222
0.08024691358024691
0.08333333333333333
0.07253086419753087
0.10082304526748971
0.05298353909465021
0.11676954732510288
0.10648148148148148
0.041666666666666664
0.10185185185185185
0.07716049382716049
0.12654320987654322
0.0684156378600823
0.12808641975308643
0.1476337448559671
0.05452674897119342
0.05452674897119342
0.08641975308641975
0.05246913580246913
0.09002057613168725
0.06430041152263374
0.07716049382716049
0.1301440329218107
0.01800411522633745
0.16358024691358025
0.1383744855967078
0.06275720164609054
0.037037037037037035
