0.32722135997462626
0.35664252562736887
0.13499415543214788
0.22403746644573228
0.16298087613761683
0.27824408257475747
0.16220598781072348
0.19656008963114802
0.2740681962962972
0.23663868214310402
0.2074255892522365
0.2263522826836492
0.3160419817387164
0.23507419722362208
0.18653165554505635
0.20911498049729485
0.12759581974189166
0.21212162970249393
0.12268174987120148
0.2283190031878418
-0.14321492886228165
0.159976179426423
0.3197829178657932
0.11024885062160021
0.19711912767955814
0.18610818643596122
0.24689769105802387
0.22477967543384567
0.1389870946264025
0.30065794008292285
0.34157088506519756
0.3238399815808611
0.14071116186267568
0.33280756041694143
0.3214300201857419
0.19640043774629204
0.0693468918739316
0.08972397958877248
0.11728004689967426
0.20187742769946002
0.11474768835162817
0.20349888469053018
0.09356660947033946
-0.0813582508764065
0.1984503007763341
