0.4299650176239371
0.32640861775935864
0.16823020491587354
0.19218504785118007
0.2909633969616782
0.267990836221119
0.3030612293051216
0.2522565568239293
0.2413182704708687
0.18114104969440942
0.3377725238967194
0.11742921575533774
0.09480787501754166
0.28166451853395097
0.09054779945881979
0.257921749317695
0.2830096359353126
0.09664401563820602
0.08303590353134134
0.158059825668322
0.08229564361679896
0.09489820598628146
0.17500644806422155
0.030160112903266957
0.12711573500159534
0.008454264608131323
0.13808545955239815
0.17803438320324488
0.0738395612049188
0.15874131403025749
0.2273941658838893
0.1419636238241613
0.1705084130271565
0.15827447322941746
0.024268184478119962
0.17338809342900244
0.07323559266205469
0.0977927443526426
0.22786955981509147
0.1509835825098641
0.13040712055056586
0.26688984004302135
0.06843378338221894
0.05416102158933745
0.10340724166972023
0.1269591717417901
