0.5136122518591925
0.26692707522093617
0.21177294750422612
0.3194888592717335
0.2109031740803313
0.1662545112339438
-0.01435202585945712
0.21019427598251622
0.06374587900769303
0.20163279505025966
0.20472263599822046
0.2439318379942556
0.1564328487824695
0.3093452496432493
0.2306031269836178
0.07880994512741477
0.2685314190813309
0.32332388840108717
0.19223103415620096
0.14900394426799352
0.1946741607022878
0.07328515279615043
0.05280965566309884
0.10636878848531274
0.17848438309080183
0.11391747862063765
0.211728243811563
0.08413071769566192
0.18058410873435193
0.2509407605370159
0.1749649046063409
0.277176955252748
0.19399176904639992
0.2124964716752812
0.3468479470034634
0.18243664623889536
0.12426194199671757
0.15241836565076783
0.164615000332549
0.17338216157754563
0.11054524250240216
0.10223774963505783
0.06371644176847883
0.09083450070999691
0.15331934199463074
0.006130138179319127
0.24638805973927003
