0.6165581574546054
0.2624970120626585
0.23934237748805576
0.290900091247464
0.2394353077454736
0.062261264477498864
0.24203441937294876
0.016695732989562583
-0.02837343962990919
0.17042947509776404
0.1577038952314504
0.1345144428876769
0.15556446425293652
0.0840402942422437
0.17301154555199633
0.07477808090464569
0.06572329515028154
0.10024934667459882
0.14389088488704455
0.20686114952874649
0.01898115080482685
0.026994052807337084
0.02337906849403656
0.03815534706099451
0.18164106151304
0.08161526434696607
-0.046358206797254754
0.006150918516895111
-0.00925104097308131
0.14221390172515905
0.08416899399401785
0.15950245661873774
0.07530706423850315
-0.020329115526975663
0.11533392805837979
0.07141981711172142
-0.0171799040959532
0.033183913950447896
0.11608764866114982
0.045672058093743244
0.1935773079664404
0.046866369016243206
0.11483168291429317
0.00040882810148861674
0.23108259641998327
0.03719831311477377
0.07617450750353878
0.006808528013127125
0.08503621311532403
0.0026814549517825033
0.14400944794608245
