0.04439252336448598
0.04072096128170895
0.035046728971962614
0.03137516688918558
0.0540720961281709
0.04372496662216288
0.035046728971962614
0.050734312416555405
0.03704939919893191
0.04706275033377837
0.03471295060080107
0.05807743658210948
0.05841121495327103
0.0630841121495327
0.027369826435246995
0.07076101468624833
0.03771695594125501
0.04739652870493992
0.03204272363150868
0.05106809078771696
0.049399198931909215
0.02102803738317757
0.06341789052069426
0.042723631508678236
0.03137516688918558
0.04005340453938585
0.04072096128170895
0.05106809078771696
0.04773030707610147
0.07643524699599466
0.053738317757009345
0.03704939919893191
0.049399198931909215
0.038384512683578106
0.06074766355140187
0.059746328437917225
0.04973297730307076
0.03137516688918558
0.03571428571428571
0.0267022696929239
0.06608811748998665
0.029706275033377836
0.062082777036048066
0.037383177570093455
0.03337783711615487
0.049399198931909215
0.030373831775700934
0.04973297730307076
0.028371161548731642
0.036715620827770364
0.048731642189586116
0.033711615487316424
0.03337783711615487
0.04472630173564753
0.05440587449933244
0.038050734312416554
0.038050734312416554
0.04138851802403204
0.0267022696929239
0.02636849132176235
0.04072096128170895
0.03137516688918558
0.048731642189586116
0.030707610146862484
0.04172229639519359
0.03571428571428571
0.033711615487316424
0.05707610146862483
