0.04806408544726302
0.030707610146862484
0.07042723631508678
0.04238985313751669
0.050066755674232306
0.050066755674232306
0.029372496662216287
0.0267022696929239
0.04506008010680908
0.05574098798397864
0.06942590120160214
0.03204272363150868
0.03237650200267023
0.04773030707610147
0.04238985313751669
0.03337783711615487
0.0267022696929239
0.04472630173564753
0.0630841121495327
0.03170894526034713
0.03204272363150868
0.059746328437917225
0.02403204272363151
0.04739652870493992
0.050734312416555405
0.025367156208277702
0.061081441922563415
0.0540720961281709
0.05874499332443257
0.02336448598130841
0.04439252336448598
0.04973297730307076
0.056074766355140186
0.043391188251001335
0.04305740987983979
0.03771695594125501
0.06542056074766354
0.03437917222963952
0.038384512683578106
0.040387182910547395
0.05240320427236315
0.036715620827770364
0.04138851802403204
0.061081441922563415
0.045727636849132176
0.05574098798397864
0.04773030707610147
0.05106809078771696
0.03704939919893191
0.06275033377837116
0.016688918558077435
0.0540720961281709
0.039052069425901205
0.049399198931909215
0.04773030707610147
0.02870493991989319
0.07910547396528705
0.03337783711615487
0.04606141522029372
0.03170894526034713
0.042723631508678236
0.04806408544726302
0.03337783711615487
0.03571428571428571
0.044058744993324434
0.028371161548731642
0.03237650200267023
0.06408544726301736
0.03571428571428571
0.04539385847797063
0.03638184245660881
0.038384512683578106
0.025367156208277702
0.04539385847797063
0.03437917222963952
0.042723631508678236
0.04205607476635514
0.03571428571428571
0.035380507343124167
