0.07543391188251002
0.04539385847797063
0.040387182910547395
0.065086782376502
0.049399198931909215
0.03638184245660881
0.04072096128170895
0.03271028037383177
0.04005340453938585
0.044058744993324434
0.0630841121495327
0.04005340453938585
0.053070761014686246
0.03337783711615487
0.04138851802403204
0.059746328437917225
0.04606141522029372
0.04706275033377837
0.04539385847797063
0.04305740987983979
0.07543391188251002
0.048397863818424564
0.04539385847797063
0.053070761014686246
0.036048064085447265
0.056074766355140186
0.049399198931909215
0.035380507343124167
0.05040053404539386
0.050066755674232306
0.03571428571428571
0.04706275033377837
0.04072096128170895
0.04973297730307076
0.040387182910547395
0.06742323097463285
0.05941255006675567
0.035380507343124167
0.04973297730307076
0.05874499332443257
0.06542056074766354
0.07610146862483311
0.04072096128170895
0.05807743658210948
0.042723631508678236
0.03871829105473965
0.0644192256341789
0.043391188251001335
0.06341789052069426
0.021361815754339118
0.04172229639519359
0.027703604806408544
0.059078771695594126
0.035046728971962614
0.04439252336448598
0.04506008010680908
0.048397863818424564
0.04172229639519359
0.046395193591455275
0.03404539385847797
0.04372496662216288
0.053738317757009345
0.037383177570093455
0.05807743658210948
0.033711615487316424
0.028371161548731642
0.04005340453938585
0.048731642189586116
0.03704939919893191
0.044058744993324434
0.04005340453938585
0.056742323097463285
0.03871829105473965
0.03571428571428571
0.048397863818424564
0.044058744993324434
0.0397196261682243
0.0644192256341789
