0.22916666666666666
0.22569444444444445
0.4270833333333333
0.19791666666666666
0.3402777777777778
0.2534722222222222
0.3229166666666667
0.08333333333333333
0.14583333333333334
0.09375
0.2847222222222222
0.19791666666666666
0.08333333333333333
0.2222222222222222
0.09722222222222222
0.19791666666666666
0.0
0.0
0.0
0.3819444444444444
0.2326388888888889
0.18055555555555555
0.125
0.2569444444444444
0.3055555555555556
0.5
0.3854166666666667
0.3125
0.2881944444444444
0.1597222222222222
0.0798611111111111
0.2013888888888889
0.0
0.08333333333333333
0.13541666666666666
0.4930555555555556
0.0
0.2847222222222222
0.2465277777777778
0.0
0.0
0.1736111111111111
0.13194444444444445
0.2881944444444444
0.14583333333333334
0.3298611111111111
0.1111111111111111
0.24305555555555555
0.3020833333333333
0.23958333333333334
0.0
0.0798611111111111
0.2708333333333333
0.0798611111111111
0.2986111111111111
0.2465277777777778
0.22569444444444445
0.0
0.0798611111111111
0.2361111111111111
0.18055555555555555
0.0798611111111111
0.3506944444444444
0.19791666666666666
0.12152777777777778
0.24305555555555555
0.2569444444444444
0.16319444444444445
0.09027777777777778
0.19444444444444445
0.22916666666666666
0.20833333333333334
0.3333333333333333
0.2152777777777778
0.2881944444444444
0.2152777777777778
0.1076388888888889
0.2152777777777778
0.0798611111111111
0.22569444444444445
0.23958333333333334
0.2916666666666667
0.2986111111111111
0.2222222222222222
0.0
0.0798611111111111
0.3472222222222222
0.2638888888888889
0.16319444444444445
0.22916666666666666
0.0
0.1527777777777778
0.3402777777777778
0.0798611111111111
0.0798611111111111
0.16666666666666666
0.11805555555555555
0.2777777777777778
0.3993055555555556
0.0798611111111111
0.2361111111111111
0.3576388888888889
0.2013888888888889
0.3611111111111111
0.16319444444444445
0.1527777777777778
0.3194444444444444
0.15625
0.3159722222222222
0.3159722222222222
0.1423611111111111
0.20833333333333334
0.0
0.1909722222222222
0.14583333333333334
0.0
0.2951388888888889
0.2152777777777778
0.0
0.0798611111111111
0.08680555555555555
0.25
0.1423611111111111
0.2222222222222222
0.1597222222222222
0.0798611111111111
0.3472222222222222
0.25
0.2638888888888889
0.3159722222222222
0.09375
0.2465277777777778
0.2986111111111111
0.09027777777777778
0.20833333333333334
0.2673611111111111
0.1840277777777778
0.0798611111111111
0.0798611111111111
0.1527777777777778
0.4201388888888889
0.3055555555555556
0.10069444444444445
0.3819444444444444
0.2152777777777778
0.2847222222222222
0.3055555555555556
0.10069444444444445
0.21180555555555555
0.2743055555555556
0.1597222222222222
0.2361111111111111
0.14930555555555555
0.0
0.2048611111111111
0.1284722222222222
0.1875
0.3194444444444444
0.21875
0.11458333333333333
0.25
0.1597222222222222
0.3020833333333333
0.0798611111111111
0.3958333333333333
