0.2152777777777778
0.16666666666666666
0.1527777777777778
0.2638888888888889
0.1840277777777778
0.3506944444444444
0.08333333333333333
0.2638888888888889
0.0798611111111111
0.3541666666666667
0.0
0.1111111111111111
0.2048611111111111
0.08333333333333333
0.16319444444444445
0.2708333333333333
0.0
0.1597222222222222
0.10416666666666667
0.4027777777777778
0.2986111111111111
0.0
0.0798611111111111
0.2222222222222222
0.2534722222222222
0.3819444444444444
0.1736111111111111
0.1527777777777778
0.2465277777777778
0.3576388888888889
0.0
0.24305555555555555
0.16319444444444445
0.19444444444444445
0.2708333333333333
0.22916666666666666
0.0798611111111111
0.4756944444444444
0.3680555555555556
0.4236111111111111
0.21180555555555555
0.1076388888888889
0.2986111111111111
0.0798611111111111
0.0798611111111111
0.1909722222222222
0.2708333333333333
0.0
0.3090277777777778
0.2951388888888889
0.2534722222222222
0.34375
0.1597222222222222
0.2777777777777778
0.0
0.3715277777777778
0.21875
0.0798611111111111
0.1076388888888889
0.0798611111111111
0.1597222222222222
0.25
0.2222222222222222
0.0798611111111111
0.34375
0.09027777777777778
0.2465277777777778
0.21875
0.24305555555555555
0.1388888888888889
0.125
0.3333333333333333
0.16319444444444445
0.3055555555555556
0.3194444444444444
0.3159722222222222
0.3958333333333333
0.2916666666666667
0.0798611111111111
0.08333333333333333
0.16666666666666666
0.2326388888888889
0.0
0.12152777777777778
0.2465277777777778
0.2569444444444444
0.21180555555555555
0.2673611111111111
0.34375
0.19444444444444445
0.2326388888888889
0.08333333333333333
0.10069444444444445
0.34375
0.24305555555555555
0.18055555555555555
0.17708333333333334
0.17708333333333334
0.1909722222222222
0.2743055555555556
0.2013888888888889
0.2048611111111111
0.23958333333333334
0.3020833333333333
0.4027777777777778
0.375
0.3715277777777778
0.1111111111111111
0.11458333333333333
0.1388888888888889
0.3680555555555556
0.11458333333333333
0.0798611111111111
0.3020833333333333
0.0798611111111111
0.08333333333333333
0.17708333333333334
0.2638888888888889
0.1909722222222222
0.2152777777777778
0.2777777777777778
0.2013888888888889
0.0
0.17708333333333334
0.2986111111111111
0.2013888888888889
0.2013888888888889
0.2326388888888889
0.08333333333333333
0.3541666666666667
0.0798611111111111
0.09375
0.1423611111111111
0.3055555555555556
0.3541666666666667
0.2951388888888889
0.3020833333333333
0.20833333333333334
0.0
0.0798611111111111
0.3159722222222222
0.2638888888888889
0.3819444444444444
0.1597222222222222
0.3298611111111111
0.20833333333333334
0.2951388888888889
0.08333333333333333
0.09722222222222222
0.0
0.3055555555555556
0.0
0.3194444444444444
0.08680555555555555
0.0
0.375
0.2013888888888889
0.40625
0.4201388888888889
0.375
