0.4027777777777778
0.1423611111111111
0.4479166666666667
0.21875
0.1284722222222222
0.11458333333333333
0.3923611111111111
0.1909722222222222
0.2951388888888889
0.1076388888888889
0.19791666666666666
0.3402777777777778
0.22569444444444445
0.19791666666666666
0.11805555555555555
0.2013888888888889
0.11805555555555555
0.2881944444444444
0.1597222222222222
0.2638888888888889
0.2326388888888889
0.0798611111111111
0.0
0.0
0.2604166666666667
0.19444444444444445
0.2152777777777778
0.2569444444444444
0.0798611111111111
0.375
0.22569444444444445
0.16319444444444445
0.2534722222222222
0.3715277777777778
0.20833333333333334
0.3645833333333333
0.2013888888888889
0.3645833333333333
0.3298611111111111
0.19444444444444445
0.2534722222222222
0.3298611111111111
0.3402777777777778
0.18055555555555555
0.375
0.3368055555555556
0.1875
0.2777777777777778
0.08333333333333333
0.13541666666666666
0.0
0.1597222222222222
0.1909722222222222
0.3229166666666667
0.3576388888888889
0.2534722222222222
0.0798611111111111
0.4965277777777778
0.16666666666666666
0.0798611111111111
0.11458333333333333
0.0798611111111111
0.2361111111111111
0.1736111111111111
0.1875
0.10069444444444445
0.3784722222222222
0.19791666666666666
0.2916666666666667
0.2708333333333333
0.2604166666666667
0.08333333333333333
0.08333333333333333
0.11458333333333333
0.1423611111111111
0.3472222222222222
0.25
0.2222222222222222
0.19444444444444445
0.1527777777777778
0.3055555555555556
0.40625
0.19444444444444445
0.3368055555555556
0.2916666666666667
0.3715277777777778
0.0798611111111111
0.16319444444444445
0.19791666666666666
0.17708333333333334
0.4097222222222222
0.2673611111111111
0.3506944444444444
0.09722222222222222
0.2673611111111111
0.0
0.1909722222222222
0.12152777777777778
0.2013888888888889
0.22569444444444445
0.2673611111111111
0.0798611111111111
0.19791666666666666
0.25
0.0798611111111111
0.2743055555555556
0.2465277777777778
0.2048611111111111
0.09375
0.5069444444444444
0.24305555555555555
0.3680555555555556
0.1597222222222222
0.0798611111111111
0.2673611111111111
0.16319444444444445
0.10416666666666667
0.0798611111111111
0.0798611111111111
0.3368055555555556
0.3333333333333333
0.1111111111111111
0.0798611111111111
0.2569444444444444
0.0798611111111111
0.3923611111111111
0.23958333333333334
0.0
0.2881944444444444
0.4201388888888889
0.0
0.2465277777777778
0.3368055555555556
0.3055555555555556
0.4166666666666667
0.0
0.3402777777777778
0.16666666666666666
0.0
0.3090277777777778
0.3125
0.14583333333333334
0.1875
0.0798611111111111
0.2986111111111111
0.2673611111111111
0.3819444444444444
0.3020833333333333
0.0798611111111111
0.20833333333333334
0.3645833333333333
