# ../../src/prob2kcalPerMol.py --suffix freeEnergyLandscapes/972 --dat_file ../../data/auxCoords/corebychol/972.dat
# # column 0: midpoint of bin
# # column 1: delG of the bin in kcal per mol
1.250000000000000069e-02	8.961750312569425336e-01
3.750000000000000555e-02	2.507354472472452800e-01
6.250000000000000000e-02	9.447191558402491529e-02
8.750000000000000833e-02	1.367643596857294995e-02
1.125000000000000028e-01	1.094843856350937034e-01
1.375000000000000111e-01	0.000000000000000000e+00
1.625000000000000333e-01	1.193872081084943332e-01
1.875000000000000000e-01	3.256644410668678158e-01
2.125000000000000222e-01	5.266959074484948156e-01
2.374999999999999889e-01	7.492707994597413990e-01
2.625000000000000111e-01	8.366970312061549064e-01
2.875000000000000333e-01	1.030523196624109961e+00
3.125000000000000000e-01	1.541171639565523277e+00
3.375000000000000222e-01	2.041886763203466959e+00
3.625000000000000444e-01	2.118619803293166903e+00
3.875000000000000111e-01	3.039128843460527918e+00
4.125000000000000333e-01	3.253485637057248248e+00
4.375000000000000000e-01	3.994260579862345395e+00
4.625000000000000222e-01	inf
4.875000000000000444e-01	inf
5.124999999999999556e-01	inf
5.375000000000000888e-01	inf
5.625000000000000000e-01	inf
5.875000000000001332e-01	inf
6.125000000000000444e-01	inf
6.374999999999999556e-01	inf
6.625000000000000888e-01	inf
6.875000000000000000e-01	inf
7.125000000000001332e-01	inf
7.375000000000000444e-01	inf
7.624999999999999556e-01	inf
7.875000000000000888e-01	inf
8.125000000000000000e-01	inf
8.375000000000001332e-01	inf
8.625000000000000444e-01	inf
8.874999999999999556e-01	inf
9.125000000000000888e-01	inf
9.375000000000000000e-01	inf
9.625000000000001332e-01	inf
9.875000000000000444e-01	inf
