0.10084541062801933
0.014492753623188406
0.03804347826086957
0.03985507246376811
0.014492753623188406
0.030797101449275364
0.050120772946859904
0.05434782608695652
0.044082125603864736
0.0
0.06219806763285024
0.04589371980676329
0.06099033816425121
0.03260869565217391
0.05615942028985507
0.09480676328502416
0.07971014492753623
0.051932367149758456
0.021135265700483092
0.06219806763285024
0.08756038647342995
0.07789855072463768
0.0464975845410628
0.017512077294685992
0.04528985507246377
0.050120772946859904
0.021739130434782608
0.028985507246376812
0.028985507246376812
0.028985507246376812
0.018115942028985508
0.07125603864734299
0.036231884057971016
0.029589371980676328
0.035628019323671496
0.029589371980676328
0.021739130434782608
0.07548309178743962
0.08695652173913043
0.06280193236714976
0.0
0.028985507246376812
0.0929951690821256
0.0
0.028985507246376812
0.07669082125603864
0.07367149758454106
0.09480676328502416
0.07910628019323672
0.024758454106280192
0.028985507246376812
0.014492753623188406
0.05374396135265701
0.08152173913043478
0.0646135265700483
0.05555555555555555
0.07185990338164251
0.0893719806763285
0.014492753623188406
0.07185990338164251
0.044082125603864736
0.034420289855072464
0.06038647342995169
0.029589371980676328
0.0
0.06642512077294686
0.024758454106280192
0.015096618357487922
0.016908212560386472
0.08031400966183574
