0.08454106280193237
0.04891304347826087
0.04770531400966183
0.0
0.08031400966183574
0.036231884057971016
0.059178743961352656
0.044082125603864736
0.028985507246376812
0.05434782608695652
0.014492753623188406
0.05314009661835749
0.0
0.0
0.06884057971014493
0.044082125603864736
0.06521739130434782
0.07185990338164251
0.03804347826086957
0.0320048309178744
0.028985507246376812
0.03683574879227053
0.07608695652173914
0.0640096618357488
0.0
0.059782608695652176
0.026570048309178744
0.0392512077294686
0.07185990338164251
0.05253623188405797
0.050724637681159424
0.057367149758454104
0.07608695652173914
0.09239130434782608
0.08514492753623189
0.06280193236714976
0.051932367149758456
0.029589371980676328
0.03683574879227053
0.021135265700483092
0.028985507246376812
0.014492753623188406
0.021739130434782608
0.03743961352657005
0.04106280193236715
0.014492753623188406
0.014492753623188406
0.041666666666666664
0.050724637681159424
0.07548309178743962
0.05434782608695652
0.0
0.018719806763285024
0.014492753623188406
0.07004830917874397
0.0
0.057367149758454104
0.03260869565217391
0.016908212560386472
0.04770531400966183
0.019927536231884056
0.04045893719806763
0.028985507246376812
0.04468599033816425
0.07669082125603864
0.025966183574879228
0.0
