0.04710144927536232
0.05555555555555555
0.043478260869565216
0.04528985507246377
0.07367149758454106
0.04468599033816425
0.043478260869565216
0.05314009661835749
0.030797101449275364
0.07789855072463768
0.03260869565217391
0.029589371980676328
0.01570048309178744
0.035628019323671496
0.014492753623188406
0.07004830917874397
0.08574879227053141
0.06038647342995169
0.028985507246376812
0.028985507246376812
0.09541062801932366
0.07427536231884058
0.05434782608695652
0.04468599033816425
0.014492753623188406
0.03804347826086957
0.06642512077294686
0.058574879227053143
0.015096618357487922
0.0320048309178744
0.10748792270531402
0.0
0.028985507246376812
0.07367149758454106
0.015096618357487922
0.06280193236714976
0.03140096618357488
0.0785024154589372
0.017512077294685992
0.014492753623188406
0.014492753623188406
0.07125603864734299
0.06099033816425121
0.028985507246376812
