4.0
14.85555451674558
11.986972094736853
9.0
16.32666530556684
26.246692913372705
7.788880963698615
13.67073110293992
14.150618361046984
15.5
18.708286933869708
15.31012736720371
14.508618128546908
5.4594464513864
1.9390719429665315
18.471261462065875
9.156418513807678
16.51262143533445
6.5
1.0
9.069178573608527
8.200609733428363
1.0198039027185568
23.69071548096427
4.493050188902857
21.568205766822608
24.728526037756478
2.6246692913372702
7.542472332656507
7.586537784494028
11.196428001822724
0.0
3.031088913245535
28.0
12.119772641798562
4.5
6.48074069840786
15.56438241627338
21.296843793284385
17.96910929592474
17.281203661782357
19.327585352432298
21.24983660067897
9.104333522498443
3.0
3.7416573867739413
19.252705437591537
15.443445211480501
21.465087933665682
11.031205736455105
10.709224995301948
15.724185193516387
69.5
18.34904629674251
16.006942938057293
13.59738536958076
10.0
27.11434122378783
7.790218225441442
9.6
6.97614984548545
7.586537784494028
4.08248290463863
32.27313984655902
28.58126814696802
21.33658829335187
3.5
12.256517540566822
13.523641850067197
0.4714045207910317
13.021349989749739
16.80029761641144
25.5
6.49519052838329
19.61292091114087
27.402351886086148
0.4714045207910317
18.046814123273947
11.543396380615196
19.5
16.209565077447326
11.045361017187261
13.695092389449425
18.445113776342563
13.46291201783626
34.93207694941714
14.491376746189438
19.79898987322333
17.613126418163876
30.0
0.0
6.164414002968976
10.166612021711067
6.5
10.873004286866726
19.30457631409368
9.137833441248533
16.17675801883678
8.602325267042627
9.67923034130297
19.5
25.037749277618563
19.136933459209764
6.599663291074444
27.0
8.339997335464536
3.344772040064913
11.84271928232701
9.201449161228174
9.5
3.9370039370059056
2.8674417556808756
10.498677165349081
11.5
5.0
12.256517540566822
8.221921916437786
11.232096865679177
