11.785113019775793
5.916079783099616
22.083647796503186
17.98610574860495
4.763139720814412
5.0
3.031088913245535
27.0
15.17893276880822
23.156472577277874
13.583077707206124
16.0
14.324367350776788
18.726652130052504
20.17148702720969
21.38924963620744
3.5
32.221455929585524
15.628499608087784
19.0
7.408703590297622
5.356071321407137
22.0
24.0
4.9216076867444665
15.542057635833023
23.976840677805924
9.273618495495704
19.938795238317574
21.111312133545844
59.5
15.513435037626794
15.835087622113116
5.0990195135927845
31.11269837220809
11.368817000902073
11.278297743897348
11.5
11.045361017187261
26.662499674428293
8.981462390204987
18.372685039360892
11.2644968324772
2.0
5.656854249492381
19.727835664360143
12.457427503300993
13.0
15.5
25.729360660537214
20.54263858417414
8.031189202104505
9.832980219648569
14.684435742010127
10.63014581273465
10.780641085864152
16.81930108205715
16.268579122549905
2.5
9.60143218483576
19.70335560817553
18.172781845386247
27.616797424755827
14.19506956657839
28.296053906272277
11.5
12.5
4.0
12.5
14.522013940527977
15.732132722552274
6.881860213634101
41.0
13.072447700751718
21.1704392963396
3.0
14.13108276106258
10.034316120194738
37.26481808176
13.638181696985855
3.7416573867739413
6.342099196813483
37.56180092712394
1.5
11.5
11.583932838203095
20.92844953645635
16.87206764645835
5.5
24.041630560342615
2.0
12.028611723719408
0.0
11.379806676741042
27.47119703738202
7.5
19.86621923433512
5.220153254455275
10.473180032826706
3.766629793329841
6.683312551921141
2.449489742783178
19.430788855719562
19.817921182606415
15.520595635763755
15.584892970081281
8.35224520712844
