1.5999999999999999
7.914543574963751
8.219218670625303
32.76515764582181
0.0
16.0
20.417857108151406
11.313708498984761
8.37779804005802
33.23652609203716
3.9191835884530852
19.241881404893856
12.208193969625484
10.338708279513883
21.791945504908202
17.0
0.4330127018922193
5.717298313014636
11.686887238838807
5.2493385826745405
3.299831645537222
12.968712349342937
36.175498153676706
0.0
31.72100600898752
11.841546445554407
3.0912061651652345
11.5
23.299976156401723
17.0
16.740669042783207
24.0
1.0
18.55322673343433
4.322904116447646
6.18465843842649
3.6996621467371855
10.606601717798213
4.189935029992179
11.08552609887726
12.39175353029407
4.96655480858378
9.0
20.0
16.659998666133067
18.0
18.408935028645434
8.5
21.23414441151065
3.7416573867739413
7.586537784494028
3.265986323710904
32.0
37.692008436802624
2.0548046676563256
7.49933330370107
24.34474618201362
20.5
6.363961030678928
11.440668201153676
23.5
12.509996003196804
16.0
7.788880963698615
30.5
9.065732182234372
16.0
26.411277052720408
52.0
2.0
0.0
16.87206764645835
10.54454835448157
14.055445761538676
25.93581821856921
5.123475382979799
0.4714045207910317
11.7983049630021
4.66476151587624
21.07723890835799
11.0
14.306903927824496
15.627610892974722
15.895492023421818
12.132085558550928
15.769168230019828
19.0
22.125902367034787
9.0
10.034316120194738
3.24037034920393
0.4714045207910317
14.383632673594278
12.832251036613439
3.0
10.530379332620877
6.6332495807108
3.344772040064913
26.0
4.242640687119285
6.847546194724712
12.267844146385297
8.97552226892675
15.0
18.06162291219209
18.5
14.168627315304754
6.057020719792859
6.782329983125268
3.0
14.65908895153068
19.669491322575904
3.299831645537222
31.510139461590597
6.944222218666553
11.343133018115703
19.03943276465977
7.648529270389178
19.096247449870006
