5.5
5.436502143433364
10.0
19.954636052807377
5.545268253204709
12.98075498574717
1.0
14.165686240583852
14.150971698084906
27.341462205879836
7.760297817881877
18.5
19.567546828585563
11.523888232710346
15.513435037626794
8.58570240075241
34.93804039534368
2.3570226039551585
1.4142135623730951
9.5
39.881073205218534
12.5
29.5
16.30950643030009
15.69146972791976
10.96300597464035
17.146428199482248
22.664675157610354
13.140268896284683
15.5
4.96655480858378
0.0
14.0
24.30820620467271
8.5
5.261891294962297
9.463379711052259
8.5
30.169889330626027
2.8674417556808756
26.413774815425377
15.326085243430198
12.754901018824098
4.5
16.0
31.0
15.084944665313014
13.934130758680285
9.86154146165801
24.416951079117148
5.024937810560445
8.013876853447538
11.5
18.372685039360892
23.926972228010797
11.897712198383164
8.956685895029603
23.5
10.801234497346433
34.5
36.0
10.988630487917955
20.20519735117675
7.363574011458175
3.091206165165235
12.255100978776143
6.944222218666553
16.230834852218784
0.4714045207910317
3.344772040064913
17.76231966833161
18.408935028645434
17.55625877635159
23.83741223837483
10.424330514074594
19.44222209522358
0.0
5.5
7.3181661333667165
12.283683848458853
22.5
30.011109054259666
10.842303978193728
19.942103700462496
34.0
0.5
25.590796956892316
7.0
56.5
5.185449728701348
8.013876853447538
11.045361017187261
6.299801584177076
9.392668535736913
21.25464655081331
14.148763196831021
13.0
12.38709005376162
7.54983443527075
21.913973218524802
9.443913383762052
7.794228634059948
36.78994427829431
6.0
18.0
1.0
12.832251036613439
20.607442021431645
3.5
7.22841614740048
32.17530108639234
17.5
35.5
26.637484032009397
12.364824660660938
0.5
