0.5
3.2998316455372216
11.926860441876563
1.0
0.5
10.5
9.526279441628825
4.716990566028302
12.5
4.5
6.0
7.0
17.96910929592474
8.379870059984356
11.0
9.60143218483576
4.763139720814412
6.34428877022476
7.5
8.0
8.0
20.49932248202906
3.5
2.0
2.5
3.344772040064913
3.0413812651491097
3.5355339059327378
5.0
0.5
13.0
11.430952132988164
9.0
4.5
15.173075568988056
9.672412085697939
14.0
4.5
8.74642784226795
3.5
10.0
4.5
8.5
8.5
10.779030568655049
6.847546194724712
10.338708279513881
13.5
3.5
3.0
3.0
6.0
2.5
4.0
5.0
8.993825042154695
2.5
16.51262143533445
8.613216588476108
8.0
1.0
4.5
12.762793146051099
8.5
6.018490028422596
3.8078865529319543
14.70449666674185
6.548960901462833
3.5
15.0
8.0
20.417857108151406
10.873004286866728
3.5
13.695092389449425
9.5
9.46337971105226
11.08552609887726
2.5
21.5
4.0
7.0
10.0
13.523641850067197
6.0
17.166464400102893
5.0
4.0
8.5
8.0
14.613540144521982
3.0
15.280706789936126
16.5
3.5
0.0
6.128258770283412
14.65908895153068
10.0
10.0
12.5
8.5
15.5
4.5
1.5
3.5619517121937516
2.0
5.792715732327589
19.0
3.0
8.219218670625303
5.5901699437494745
4.0
0.4714045207910317
26.5
10.5
9.809292646374775
14.0
4.5
12.0
5.0
7.788880963698615
3.559026084010437
7.874007874011811
16.858891488535722
24.2257897474755
1.0
2.0
2.598076211353316
6.5
