0.0
3.2998316455372216
14.636332266733431
12.5
6.0
16.990193249832878
7.5
3.0
2.0
8.0
6.128258770283411
13.59738536958076
6.5
18.856180831641268
4.0
14.0
5.0
5.0
0.0
9.137833441248533
5.5
9.5
9.843215373488933
8.093207028119323
1.0
4.988876515698588
11.5
14.5
6.0
6.649979114420001
2.0
3.0
7.0
17.727097901235837
3.0
3.0
3.6817870057290873
5.5
6.97614984548545
11.0
1.5
9.0
2.5
15.369522511198003
8.640987597877148
19.0
7.0
6.5
4.769696007084728
6.0
4.109609335312651
13.02134998974974
4.5
8.0
6.5
19.200694431886227
12.675435561221029
4.96655480858378
15.0
5.5
3.559026084010437
0.5
7.790218225441442
6.0
2.0
7.0
7.0
6.5
4.0
10.656244908763853
13.140268896284683
12.569805089976535
17.0
5.5901699437494745
3.0
2.160246899469287
10.274023338281626
15.253414918196734
11.121488209767612
22.0
8.48528137423857
16.5
16.858891488535722
12.229290885229428
17.594190960528863
3.5
1.5
2.0
5.5
4.0
1.5
10.5
1.5
13.274871834493252
3.5
4.988876515698588
1.479019945774904
2.0
6.5
6.5
12.0
11.14550233153366
3.5
1.0
1.0
0.5
8.0
1.5
4.5
10.5
13.0
1.0
5.931905258852336
