0.0
3.5355339059327378
2.8284271247461903
9.428090415820632
17.745108872274887
16.49915822768611
2.5
6.5
5.0990195135927845
12.229290885229428
9.0
12.832251036613439
11.897712198383164
1.0
9.0
8.9566858950296
1.118033988749895
4.109609335312651
7.318166133366716
7.0
4.921607686744467
5.766281297335398
11.5
8.286535263104035
19.5
24.0
12.0
6.5
17.146428199482248
7.874007874011811
6.018490028422596
8.219218670625303
10.559356040971437
10.0
12.5
10.614455552060438
6.0
12.083045973594572
3.5
0.5
2.0
23.32857094256359
14.0
8.5
8.5
11.585431464655178
7.586537784494029
3.7712361663282534
13.0
1.5
6.0
2.0
4.0
16.048537489614297
17.55625877635159
7.0
0.5
2.0
3.0
11.5
6.5
8.339997335464535
5.0
7.039570693980959
4.0
4.0
5.0
2.7726341266023544
10.656244908763853
12.657891697365017
