0.0
5.557777333511022
5.0
16.539514973407037
8.73053390247253
4.5
1.5
16.73983937265296
9.0
8.0
6.34428877022476
12.47219128924647
8.5
13.474255287605157
7.5
8.178562764256865
10.0
14.5
9.0
4.5
9.428090415820634
13.5
6.0
9.0
6.164414002968976
1.0
8.0
6.5
2.5
6.0
3.0
8.956685895029603
5.0
9.5
10.0
20.848661028149188
10.5
11.0
4.0
2.5
5.557777333511022
12.328828005937952
4.5
8.806563209081938
2.0
7.542472332656507
8.0
4.0
6.0
7.0
10.338708279513883
14.817407180595245
7.408703590297622
12.918548250050733
10.5
0.0
9.5
12.498888839501783
1.0
2.0
1.0
1.5
15.923427883328248
5.0
9.5
15.556349186104045
16.268579122549905
21.5
10.338708279513883
8.366600265340756
12.710450643291747
10.5
5.931905258852336
13.199326582148887
5.315072906367325
14.5
0.5
4.5
15.5
12.0
2.0
2.5
11.556623882239812
12.871965661856
4.5
4.5
2.0
5.0
14.5
6.0
11.022703842524301
11.14550233153366
6.128258770283412
9.626352718795768
12.0
19.252705437591537
9.604686356149273
14.817407180595247
7.0
2.5
2.5
8.9566858950296
5.5
3.5
7.5
1.5
12.5
5.494315243958978
22.866763848189994
9.0
3.0
15.121728296285006
15.0
10.0
5.0
6.0
12.47219128924647
12.832251036613439
7.0710678118654755
10.842303978193728
12.96148139681572
8.806563209081938
11.5
6.5
3.8586123009300755
8.576453553512405
2.5
6.0
