0.0
37.0
36.666666666666664
82.0
48.5
56.666666666666664
47.0
44.25
36.5
68.5
44.333333333333336
51.5
34.0
38.0
51.5
38.0
23.0
37.0
46.0
46.0
39.0
28.666666666666668
41.666666666666664
48.666666666666664
49.25
55.5
44.5
103.5
107.5
101.0
69.66666666666667
59.0
88.5
69.0
91.0
54.666666666666664
52.333333333333336
42.5
51.0
43.25
42.0
53.666666666666664
83.5
92.5
71.33333333333333
54.0
88.0
48.333333333333336
75.0
65.5
41.0
61.5
42.333333333333336
38.0
69.0
71.0
59.0
56.0
57.5
43.0
41.0
60.333333333333336
86.5
