0.0
46.0
32.75
46.5
75.5
69.5
65.66666666666667
45.0
52.0
62.0
81.0
49.333333333333336
41.333333333333336
58.5
56.333333333333336
38.0
108.5
95.0
65.0
104.0
48.5
59.666666666666664
95.5
48.5
88.5
35.5
48.5
57.333333333333336
54.0
67.33333333333333
62.666666666666664
75.5
89.5
60.333333333333336
63.666666666666664
51.333333333333336
54.0
54.333333333333336
75.0
74.0
60.333333333333336
55.666666666666664
53.0
55.666666666666664
44.666666666666664
54.0
94.5
91.5
72.33333333333333
82.0
58.5
53.666666666666664
49.333333333333336
60.0
42.0
33.5
85.0
40.333333333333336
42.5
50.0
62.333333333333336
68.66666666666667
104.0
46.0
79.5
40.25
36.333333333333336
57.0
42.0
41.0
36.333333333333336
53.666666666666664
55.0
89.0
