0.0
51.5
45.0
42.0
38.666666666666664
24.0
39.0
89.5
73.5
74.5
56.5
48.666666666666664
68.0
76.5
79.0
66.33333333333333
91.5
103.5
86.5
75.5
85.5
73.0
100.5
101.0
47.0
53.333333333333336
43.333333333333336
55.666666666666664
65.0
34.666666666666664
44.333333333333336
43.0
67.0
29.333333333333332
50.0
59.0
56.5
71.0
55.0
61.0
46.666666666666664
80.5
88.0
80.0
48.0
80.0
45.0
58.0
36.0
60.0
35.5
69.0
29.333333333333332
34.4
32.6
54.0
92.0
87.0
94.5
89.0
74.5
94.5
73.5
83.0
68.5
86.0
85.5
90.0
79.5
48.0
57.5
61.0
69.0
58.5
