2.3076923076923075
21.925925925925927
23.03448275862069
31.26086956521739
34.85
37.2
34.27272727272727
35.78260869565217
49.0
40.7
36.95652173913044
46.611111111111114
34.869565217391305
40.25
86.5
58.333333333333336
38.35
47.333333333333336
48.64705882352941
50.72222222222222
57.625
64.85714285714286
54.8
48.35294117647059
39.95
32.0
39.095238095238095
41.1
37.714285714285715
42.1
48.72222222222222
37.95454545454545
45.0
39.0
53.4375
46.588235294117645
41.6
38.22727272727273
39.86363636363637
51.64705882352941
73.53846153846153
67.3076923076923
43.166666666666664
44.44444444444444
41.63157894736842
