3.0
13.0
21.615384615384617
23.46153846153846
32.9
22.96153846153846
20.333333333333332
29.608695652173914
40.44444444444444
40.45
37.05
35.666666666666664
24.84
47.94444444444444
49.25
35.476190476190474
45.611111111111114
40.65
48.111111111111114
58.93333333333333
78.16666666666667
51.55555555555556
51.0
74.0
71.85714285714286
51.27777777777778
42.95454545454545
87.0
73.42857142857143
36.476190476190474
44.5
38.75
60.5
58.733333333333334
43.68421052631579
44.68421052631579
61.857142857142854
86.18181818181819
55.75
50.65
64.0
68.71428571428571
58.75
70.71428571428571
85.5
68.2
