2.3333333333333335
17.17241379310345
15.633333333333333
22.642857142857142
28.6
36.904761904761905
36.130434782608695
57.625
40.6
49.11764705882353
37.26086956521739
46.94444444444444
45.8125
30.708333333333332
49.0
38.55
60.357142857142854
36.3
42.21052631578947
45.294117647058826
47.22222222222222
53.05882352941177
40.5
49.888888888888886
81.76923076923077
57.666666666666664
57.733333333333334
49.77777777777778
42.95
47.10526315789474
45.4375
30.91304347826087
43.05263157894737
35.38095238095238
45.0
39.8421052631579
41.35
59.214285714285715
44.666666666666664
55.529411764705884
53.125
53.470588235294116
72.64285714285714
57.6
60.142857142857146
56.375
57.53333333333333
