2.090909090909091
19.0
19.862068965517242
39.473684210526315
36.95238095238095
61.92857142857143
45.78947368421053
44.0
56.411764705882355
64.625
91.81818181818181
66.26666666666667
75.08333333333333
52.333333333333336
92.63636363636364
57.411764705882355
78.15384615384616
74.15384615384616
59.4
50.78947368421053
62.4
53.05263157894737
79.58333333333333
70.46153846153847
65.6
87.72727272727273
89.9090909090909
88.0
108.7
100.75
104.0
85.33333333333333
73.6923076923077
66.33333333333333
70.35714285714286
78.3076923076923
87.0909090909091
52.23529411764706
55.64705882352941
55.588235294117645
67.64285714285714
58.0
99.1
70.42857142857143
69.28571428571429
109.77777777777777
76.61538461538461
80.0
158.14285714285714
102.45454545454545
115.9
