0.0
12.0
13.0
22.0
27.666666666666668
7.0
18.5
6.0
6.8
5.833333333333333
9.5
13.0
11.666666666666666
4.0
16.75
11.4
14.2
10.666666666666666
15.5
15.75
12.571428571428571
19.0
30.25
18.6
24.25
14.142857142857142
29.75
15.333333333333334
20.25
22.5
41.0
15.857142857142858
13.833333333333334
50.0
22.0
39.0
33.25
29.8
62.5
27.25
42.333333333333336
35.25
62.0
44.0
31.0
31.666666666666668
31.0
11.0
9.0
4.142857142857143
15.333333333333334
24.0
29.333333333333332
21.0
15.0
12.2
12.2
10.25
10.25
7.75
13.2
24.0
38.666666666666664
20.25
24.25
40.333333333333336
50.333333333333336
43.666666666666664
28.5
22.2
26.25
14.75
27.666666666666668
12.75
14.5
11.75
12.75
26.333333333333332
9.75
11.0
19.5
24.0
23.5
29.666666666666668
16.5
19.2
23.5
17.75
25.5
18.0
44.0
29.5
38.666666666666664
25.75
19.8
17.75
19.2
24.25
18.6
15.6
10.166666666666666
11.6
5.0
12.2
10.571428571428571
38.666666666666664
52.0
26.5
18.666666666666668
22.5
16.25
17.0
11.166666666666666
36.333333333333336
22.0
17.2
17.0
19.2
30.333333333333332
23.333333333333332
