0.5
16.0
15.0
10.4
16.8
12.75
13.0
4.8
12.0
35.0
16.4
30.5
27.25
70.5
55.333333333333336
54.666666666666664
71.5
65.0
34.0
63.5
40.0
21.8
28.666666666666668
15.2
15.833333333333334
34.75
30.666666666666668
30.0
75.5
66.5
55.0
21.25
19.75
25.25
10.6
22.25
35.333333333333336
40.0
24.75
33.75
34.0
21.6
21.2
28.5
24.25
12.333333333333334
14.8
20.2
28.75
37.666666666666664
22.75
37.25
14.166666666666666
26.25
20.8
28.666666666666668
19.0
23.0
22.2
20.4
24.8
37.333333333333336
31.666666666666668
43.0
17.8
32.0
28.5
21.5
16.666666666666668
24.5
26.0
24.25
29.25
16.4
18.25
30.5
67.0
50.0
60.5
91.0
53.0
59.5
65.0
42.25
28.5
38.0
45.333333333333336
29.0
55.5
60.5
37.0
24.5
50.0
45.0
19.75
22.25
19.4
26.333333333333332
27.666666666666668
11.8
19.5
20.75
18.5
19.0
32.0
15.8
16.2
19.0
11.0
10.666666666666666
11.0
15.75
28.5
22.25
10.4
16.2
11.0
7.333333333333333
14.0
15.25
