0.0
8.0
24.0
11.8
21.333333333333332
10.5
19.333333333333332
17.25
14.8
9.0
21.0
13.6
7.0
14.8
19.6
39.333333333333336
33.333333333333336
28.666666666666668
24.25
27.5
42.333333333333336
42.333333333333336
39.333333333333336
13.6
46.5
28.666666666666668
32.333333333333336
13.833333333333334
25.75
43.0
47.0
46.333333333333336
18.4
11.4
20.25
13.2
21.0
11.4
15.2
24.5
22.25
21.5
16.0
33.25
43.333333333333336
30.333333333333332
39.0
42.333333333333336
42.0
27.0
45.0
34.666666666666664
19.5
25.0
26.0
39.333333333333336
42.0
24.25
31.25
29.0
33.0
68.5
29.75
22.75
15.0
20.8
23.5
23.25
13.8
9.75
13.75
10.6
12.166666666666666
55.5
30.0
18.75
28.25
23.75
21.6
47.0
43.0
12.6
20.0
12.6
18.5
9.666666666666666
16.25
30.0
17.2
28.333333333333332
18.4
18.0
27.25
24.75
20.5
29.75
17.0
9.333333333333334
11.833333333333334
12.25
10.571428571428571
15.0
6.666666666666667
5.166666666666667
16.0
11.5
