0.0
8.4
20.666666666666668
19.666666666666668
12.8
35.0
16.166666666666668
12.571428571428571
28.333333333333332
20.2
29.75
26.666666666666668
16.2
10.8
19.2
27.5
14.0
26.0
19.833333333333332
25.25
18.0
24.0
15.166666666666666
20.25
27.25
36.0
85.0
59.666666666666664
49.666666666666664
86.5
93.0
54.333333333333336
86.0
54.0
37.5
48.666666666666664
29.2
21.0
50.0
55.0
75.0
82.5
78.0
75.0
81.0
43.0
59.333333333333336
52.333333333333336
69.0
80.5
80.5
33.666666666666664
52.0
18.2
24.75
56.0
46.333333333333336
62.0
49.666666666666664
51.333333333333336
36.333333333333336
20.75
16.6
35.333333333333336
43.0
50.666666666666664
88.5
50.666666666666664
72.5
57.0
59.0
54.0
24.25
27.0
26.75
19.25
26.0
12.333333333333334
18.75
8.0
20.0
26.75
30.666666666666668
38.333333333333336
31.333333333333332
20.75
16.8
27.25
31.333333333333332
23.25
38.0
24.0
21.4
42.666666666666664
45.0
59.5
18.8
28.0
21.25
23.5
24.75
13.8
20.6
17.333333333333332
15.0
8.333333333333334
13.25
12.0
4.2
19.4
19.25
50.0
19.75
11.75
