0.00035612535612535614
0.0007122507122507123
0.0007122507122507123
0.00035612535612535614
0.002492877492877493
0.0007122507122507123
0.0
0.0017806267806267807
0.00035612535612535614
0.00035612535612535614
0.0007122507122507123
0.0014245014245014246
0.00035612535612535614
0.002136752136752137
0.0
0.0014245014245014246
0.0014245014245014246
0.0007122507122507123
0.00035612535612535614
0.0
0.00035612535612535614
0.00035612535612535614
0.0
0.0010683760683760685
0.003917378917378918
0.0010683760683760685
0.0017806267806267807
0.0
0.00035612535612535614
0.00035612535612535614
0.00035612535612535614
0.0
0.0014245014245014246
0.0014245014245014246
0.00035612535612535614
0.0
0.0014245014245014246
0.0
0.0010683760683760685
0.0
0.00035612535612535614
0.0007122507122507123
0.0
0.0014245014245014246
0.0
0.0
0.00035612535612535614
0.0
0.0010683760683760685
0.00035612535612535614
0.002136752136752137
0.0017806267806267807
0.0014245014245014246
0.00641025641025641
0.00035612535612535614
0.0
0.003205128205128205
0.0010683760683760685
0.002492877492877493
0.0014245014245014246
0.0035612535612535613
0.0014245014245014246
0.0
0.00035612535612535614
0.003205128205128205
0.006766381766381766
0.0007122507122507123
0.0014245014245014246
