3.4
0.0
0.5
1.5
1.0
0.6666666666666666
0.5
0.0
0.0
1.5
3.0
0.5
0.5
1.0
0.0
4.0
1.6666666666666667
0.6666666666666666
2.5
0.0
1.5
1.5
0.0
1.0
1.5
3.0
0.5
0.5
1.0
1.0
1.3333333333333333
0.0
0.0
0.5
0.0
0.5
1.0
1.3333333333333333
2.5
1.5
1.3333333333333333
1.0
1.5
0.0
0.5
2.5
1.5
1.5
1.0
0.5
0.5
0.0
0.0
1.0
0.5
2.0
7.0
2.0
0.75
1.3333333333333333
0.5
0.0
1.0
0.5
0.6666666666666666
1.6666666666666667
1.0
1.5
1.0
3.3333333333333335
0.0
0.0
1.0
1.5
0.5
1.3333333333333333
0.0
2.5
3.0
0.0
2.0
3.0
1.5
3.0
0.5
0.5
1.0
0.0
0.0
1.0
1.0
0.0
1.0
3.0
1.3333333333333333
1.0
0.0
0.5
1.0
0.0
0.5
1.0
1.3333333333333333
1.0
0.5
0.0
0.5
0.0
1.6666666666666667
2.0
0.5
0.6666666666666666
0.5
3.5
1.3333333333333333
0.5
0.0
0.0
1.0
