2.25
0.5
0.5
0.0
1.0
3.3333333333333335
4.0
1.5
0.0
0.0
0.0
1.0
0.5
2.3333333333333335
1.0
2.3333333333333335
0.0
0.0
0.5
3.0
0.5
0.0
0.0
0.0
0.0
0.5
0.5
0.0
0.5
1.75
0.5
0.5
0.0
3.6666666666666665
1.3333333333333333
1.0
0.5
1.5
2.0
0.0
0.0
2.3333333333333335
1.0
1.0
0.5
1.0
0.5
4.5
0.0
0.0
0.5
0.6666666666666666
1.0
0.5
0.0
0.0
0.6666666666666666
0.5
1.0
0.6666666666666666
0.5
0.5
1.0
0.5
1.5
2.0
0.0
0.0
0.5
0.0
1.3333333333333333
2.5
1.0
0.0
0.5
0.0
0.5
0.0
0.0
0.0
0.5
0.5
0.0
1.5
0.0
1.0
0.0
0.0
1.5
0.5
0.5
0.0
1.3333333333333333
0.0
0.0
0.5
1.0
0.0
2.0
1.3333333333333333
0.0
1.75
0.5
1.0
0.5
1.0
0.0
1.0
2.5
0.5
2.5
0.0
3.4
3.0
1.6666666666666667
0.5
