0.0
0.0
0.0
0.0962962962962963
0.0
0.0
0.0
0.0
0.0
0.0
0.0
0.0
0.0
0.0
0.0
0.0
0.0
0.0
0.0
0.0
0.0
0.0
0.0
0.0
0.0
0.0
0.0
0.0962962962962963
0.0
0.0
0.0
0.0
0.0962962962962963
0.0
0.0
0.0
0.0
0.0
0.0
0.0962962962962963
0.0
0.0
0.0
0.0
0.0
0.0
0.0
0.1037037037037037
0.0
0.0
0.1925925925925926
0.0
0.0
0.0
0.0
0.0
0.12222222222222222
0.0
0.0
0.0962962962962963
0.0
0.0
0.0
0.0
0.0
0.0
0.0
0.0
0.0
0.1037037037037037
0.0
0.0
0.0962962962962963
0.0
0.0
0.0
0.0
0.0
0.0
0.0
0.0
0.0
0.0
0.0
0.0
0.0
0.0962962962962963
0.0
0.0
0.0
0.0
0.0
0.0
0.0
0.0
0.0
0.0
0.0
0.0
0.0
0.0
0.0
0.0
0.0
0.0
0.0
0.0
0.0
0.0
0.0
0.0
0.0
0.0
0.0
0.0
0.0
0.0
0.0
0.0
0.0
0.0
0.0
0.0
0.0
0.0962962962962963
0.0
0.0
0.0
0.0
0.0
0.0
0.0
0.0
0.0
0.0
0.0
0.0962962962962963
0.0
0.0
0.0
0.0
0.1259259259259259
0.0962962962962963
0.0
0.0
0.0
0.0
0.0
0.0
0.0
0.0
