3.5
9.736842105263158
17.375
15.5
11.272727272727273
11.842105263157896
18.866666666666667
19.1
22.625
22.0
21.294117647058822
21.470588235294116
30.25
21.5625
33.84615384615385
35.916666666666664
37.54545454545455
39.166666666666664
24.8125
23.4375
25.9375
28.23076923076923
19.333333333333332
27.416666666666668
32.833333333333336
12.761904761904763
15.9
19.210526315789473
21.27777777777778
21.61111111111111
19.789473684210527
27.46153846153846
21.764705882352942
26.0
34.76923076923077
27.214285714285715
38.45454545454545
33.15384615384615
23.8
17.523809523809526
23.375
18.176470588235293
24.6
28.46153846153846
29.923076923076923
