0.0
7.470588235294118
9.9375
12.5
15.176470588235293
13.55
12.117647058823529
13.7
18.666666666666668
15.263157894736842
16.875
19.833333333333332
20.533333333333335
27.357142857142858
22.857142857142858
29.083333333333332
28.142857142857142
18.0
19.61111111111111
18.95
22.529411764705884
26.11111111111111
23.875
22.058823529411764
32.266666666666666
28.666666666666668
30.5625
35.46153846153846
41.0
26.642857142857142
21.5625
19.61111111111111
24.466666666666665
27.066666666666666
18.473684210526315
25.066666666666666
20.333333333333332
26.6
28.333333333333332
25.705882352941178
34.0
29.375
32.92857142857143
30.8
38.69230769230769
30.933333333333334
