0.5
8.157894736842104
7.3
7.913043478260869
14.947368421052632
12.894736842105264
18.57894736842105
24.083333333333332
37.5
27.615384615384617
21.941176470588236
21.25
19.8
20.857142857142858
19.473684210526315
20.8125
20.9375
32.3
20.352941176470587
31.083333333333332
32.0
27.533333333333335
29.076923076923077
29.642857142857142
33.92307692307692
21.944444444444443
29.642857142857142
24.11764705882353
20.75
18.941176470588236
17.875
18.833333333333332
21.294117647058822
15.136363636363637
22.714285714285715
35.77777777777778
26.4
27.071428571428573
20.5
27.733333333333334
29.53846153846154
29.153846153846153
39.36363636363637
20.9375
24.294117647058822
22.68421052631579
20.176470588235293
