1.6666666666666667
8.666666666666666
11.0
13.3
23.066666666666666
25.6
19.27777777777778
24.529411764705884
28.428571428571427
28.5
37.333333333333336
35.666666666666664
28.066666666666666
34.92307692307692
34.5
49.72727272727273
29.9375
39.5
40.18181818181818
40.0
27.125
31.733333333333334
28.625
29.357142857142858
45.4
40.54545454545455
48.45454545454545
49.1
49.0
64.22222222222223
41.92307692307692
34.15384615384615
35.30769230769231
40.81818181818182
47.0
52.8
29.4
38.81818181818182
39.75
38.0
28.928571428571427
39.18181818181818
24.5
32.285714285714285
37.75
33.0
50.2
49.166666666666664
50.72727272727273
39.61538461538461
36.13333333333333
