1.0
0.0
11.5
0.0
3.5
2.0
0.0
0.4714045207910317
1.247219128924647
2.0
3.5
0.5
1.0
1.0
0.5
0.0
1.5
6.5
5.5
1.247219128924647
6.5
3.0
0.0
1.5
0.0
0.0
8.0
0.0
2.5
0.0
3.0
4.0
1.5
0.5
2.5
1.0
1.0
2.0
0.5
0.5
0.5
7.0
0.816496580927726
1.0
3.0
3.0
7.5
2.0
0.0
1.699673171197595
0.5
3.5
0.0
5.5
2.0
0.5
2.0
0.0
11.0
4.5
13.5
0.5
1.699673171197595
5.0
2.0
2.5
0.5
1.5
3.0
7.0
0.0
0.816496580927726
0.0
0.0
2.5
0.0
0.5
4.0
0.5
1.0
4.0
0.0
1.5
0.5
0.5
4.5
0.0
6.5
1.247219128924647
1.0
4.5
0.5
1.5
0.0
3.5
3.0
2.0
1.0
2.5
0.0
0.5
0.5
0.5
2.5
0.4714045207910317
5.0
1.5
0.5
0.0
1.247219128924647
2.5
0.0
0.5
0.5
0.0
2.5
0.0
1.5
0.0
4.0
2.0
0.0
0.0
0.0
0.5
0.5
0.5
6.5
0.4714045207910317
2.160246899469287
0.0
1.5
0.0
1.5
3.0
1.5
4.0
1.0
1.0
1.0
0.0
5.0
2.5
3.0
1.0
0.5
4.0
0.5
0.5
0.0
1.0
7.0
1.5
7.0
6.5
5.0
0.5
7.0
0.5
0.5
0.0
1.5
0.5
4.5
12.5
3.0
3.0
0.5
0.0
0.0
3.0
0.0
1.247219128924647
0.5
4.0
0.0
1.5
0.9428090415820634
11.0
2.0
1.5
2.0
0.5
3.0
3.0
1.5
3.5
0.0
2.0
