0.0
4.0
4.333333333333333
26.0
12.0
19.333333333333332
7.25
7.5
8.5
20.0
9.0
11.5
3.0
5.666666666666667
9.5
4.666666666666667
3.5
3.0
5.0
10.0
8.333333333333334
2.0
7.333333333333333
7.333333333333333
14.0
8.5
8.75
40.5
38.0
36.0
21.0
18.666666666666668
30.0
18.5
23.5
15.666666666666666
13.0
7.25
11.666666666666666
8.25
7.0
10.333333333333334
23.5
26.5
19.0
15.666666666666666
32.5
12.333333333333334
20.0
15.5
5.666666666666667
14.5
7.0
6.0
16.5
19.5
14.0
15.666666666666666
10.0
8.5
7.666666666666667
17.333333333333332
32.0
