0.0
9.0
2.5
12.5
25.0
20.5
18.666666666666668
11.25
11.333333333333334
19.333333333333332
29.5
10.0
5.666666666666667
14.5
14.666666666666666
2.5
34.0
37.0
21.5
36.5
13.0
18.666666666666668
28.5
18.0
27.0
4.75
9.0
14.333333333333334
15.666666666666666
21.333333333333332
20.0
15.0
20.5
16.666666666666668
16.333333333333332
11.333333333333334
13.333333333333334
14.666666666666666
23.0
20.5
14.333333333333334
11.666666666666666
13.0
11.666666666666666
7.333333333333333
11.333333333333334
38.5
33.0
15.0
24.5
12.0
15.666666666666666
8.333333333333334
10.0
7.0
3.0
22.5
4.666666666666667
6.0
12.0
12.333333333333334
19.333333333333332
28.5
9.0
25.0
6.0
3.0
13.0
4.0
5.5
6.333333333333333
8.666666666666666
12.666666666666666
22.5
