12.5
0.0
12.5
12.0
0.0
0.0
12.0
0.0
0.0
0.0
0.0
0.0
0.0
0.0
15.0
0.0
0.0
0.0
0.0
0.0
0.0
17.5
0.0
0.0
0.0
18.0
0.0
0.0
0.0
0.0
0.0
0.0
0.0
0.0
0.0
0.0
0.0
0.0
0.0
14.5
0.0
0.0
0.0
0.0
14.5
0.0
0.0
0.0
0.0
12.0
0.0
18.5
0.0
0.0
0.0
0.0
0.0
0.0
0.0
0.0
0.0
0.0
0.0
0.0
12.0
0.0
0.0
0.0
0.0
0.0
0.0
0.0
0.0
0.0
0.0
0.0
0.0
0.0
15.5
12.0
20.0
7.0
0.0
0.0
0.0
14.0
0.0
0.0
0.0
0.0
0.0
0.0
0.0
0.0
0.0
0.0
0.0
0.0
0.0
0.0
0.0
0.0
0.0
0.0
0.0
0.0
12.0
0.0
0.0
0.0
0.0
0.0
0.0
0.0
0.0
0.0
0.0
0.0
0.0
0.0
0.0
15.0
0.0
