0.006642512077294686
0.1292270531400966
0.17814009661835747
0.17753623188405798
0.20772946859903382
0.20229468599033817
0.24456521739130435
0.2463768115942029
0.20893719806763286
0.22282608695652173
0.19927536231884058
0.19444444444444445
0.23007246376811594
0.2252415458937198
0.24818840579710144
0.24516908212560387
0.21256038647342995
0.23973429951690822
0.2276570048309179
0.28442028985507245
0.2807971014492754
0.30495169082125606
0.28140096618357485
0.30676328502415456
0.34118357487922707
0.33454106280193235
0.3140096618357488
0.3218599033816425
0.3176328502415459
0.2995169082125604
0.302536231884058
0.23973429951690822
0.2711352657004831
0.2711352657004831
0.26509661835748793
0.28140096618357485
0.27053140096618356
0.2717391304347826
0.26811594202898553
0.2433574879227053
0.267512077294686
0.25966183574879226
0.26811594202898553
0.2826086956521739
0.25483091787439616
0.24214975845410627
0.23671497584541062
0.2826086956521739
0.24094202898550723
0.2777777777777778
0.2964975845410628
0.3073671497584541
0.2928743961352657
0.31521739130434784
0.2916666666666667
0.29830917874396135
0.34118357487922707
0.3242753623188406
0.35144927536231885
0.30676328502415456
0.34782608695652173
