0.006038647342995169
0.12681159420289856
0.1111111111111111
0.18538647342995168
0.18055555555555555
0.1956521739130435
0.2179951690821256
0.21316425120772947
0.2361111111111111
0.23309178743961353
0.21739130434782608
0.2071256038647343
0.22584541062801933
0.20169082125603865
0.20954106280193235
0.24154589371980675
0.23973429951690822
0.2210144927536232
0.27596618357487923
0.22826086956521738
0.28683574879227053
0.25966183574879226
0.2179951690821256
0.25966183574879226
0.2391304347826087
0.2826086956521739
0.26268115942028986
0.25181159420289856
0.25422705314009664
0.2711352657004831
0.3641304347826087
0.3103864734299517
0.31521739130434784
0.3218599033816425
0.34118357487922707
0.32306763285024154
0.32669082125603865
0.2886473429951691
0.33756038647342995
0.3061594202898551
0.30132850241545894
0.34601449275362317
0.29589371980676327
0.27717391304347827
0.2717391304347826
0.25664251207729466
0.2554347826086957
0.2427536231884058
0.2391304347826087
0.2469806763285024
0.24094202898550723
0.20169082125603865
0.25664251207729466
0.3085748792270531
0.24396135265700483
0.27717391304347827
0.2753623188405797
0.2608695652173913
