0.0012077294685990338
0.08574879227053141
0.1503623188405797
0.17632850241545894
0.1998792270531401
0.19444444444444445
0.26207729468599034
0.2252415458937198
0.2457729468599034
0.23007246376811594
0.27958937198067635
0.2210144927536232
0.22161835748792272
0.22826086956521738
0.2246376811594203
0.20652173913043478
0.21256038647342995
0.20954106280193235
0.23731884057971014
0.2669082125603865
0.24456521739130435
0.2807971014492754
0.2807971014492754
0.30676328502415456
0.25120772946859904
0.25
0.24214975845410627
0.26811594202898553
0.27596618357487923
0.2916666666666667
0.29347826086956524
0.29045893719806765
0.2940821256038647
0.3073671497584541
0.2638888888888889
0.2506038647342995
0.25422705314009664
0.23550724637681159
0.24516908212560387
0.22644927536231885
0.21678743961352656
0.23248792270531402
0.18478260869565216
0.213768115942029
0.2427536231884058
0.23369565217391305
0.23973429951690822
0.21316425120772947
0.2602657004830918
0.266304347826087
0.3007246376811594
0.2783816425120773
0.23731884057971014
0.23007246376811594
0.21256038647342995
0.21014492753623187
0.2463768115942029
0.2554347826086957
0.24456521739130435
0.29891304347826086
0.2717391304347826
0.27717391304347827
