0.0024154589371980675
0.11896135265700483
0.1636473429951691
0.18297101449275363
0.17693236714975846
0.20169082125603865
0.20772946859903382
0.23007246376811594
0.19806763285024154
0.20954106280193235
0.18357487922705315
0.21618357487922704
0.23550724637681159
0.24939613526570048
0.23248792270531402
0.2288647342995169
0.2560386473429952
0.21316425120772947
0.21618357487922704
0.23490338164251207
0.17995169082125603
0.22041062801932368
0.2777777777777778
0.2747584541062802
0.21739130434782608
0.20048309178743962
0.1932367149758454
0.27355072463768115
0.25
0.2276570048309179
0.22342995169082125
0.25966183574879226
0.20772946859903382
0.2391304347826087
0.22705314009661837
0.18478260869565216
0.27958937198067635
0.26570048309178745
0.2723429951690821
0.29106280193236717
0.2977053140096618
0.30917874396135264
0.34601449275362317
0.2856280193236715
0.31280193236714976
0.35688405797101447
0.3254830917874396
0.3466183574879227
0.3351449275362319
0.3170289855072464
0.35446859903381644
0.38405797101449274
0.34601449275362317
0.31521739130434784
0.3834541062801932
0.4076086956521739
0.4057971014492754
0.39070048309178745
0.40096618357487923
0.39855072463768115
0.37077294685990336
0.3695652173913043
0.3508454106280193
0.35929951690821255
0.3502415458937198
0.3665458937198068
0.34359903381642515
0.37681159420289856
0.4196859903381642
0.391304347826087
