0.006642512077294686
0.0006038647342995169
0.0024154589371980675
0.0024154589371980675
0.0006038647342995169
0.0012077294685990338
0.0036231884057971015
0.004227053140096618
0.0018115942028985507
0.0
0.0030193236714975845
0.0024154589371980675
0.004830917874396135
0.0018115942028985507
0.004227053140096618
0.011473429951690822
0.006038647342995169
0.0024154589371980675
0.0024154589371980675
0.0036231884057971015
0.004830917874396135
0.004227053140096618
0.004227053140096618
0.0012077294685990338
0.0030193236714975845
0.0036231884057971015
0.0012077294685990338
0.0012077294685990338
0.0012077294685990338
0.0012077294685990338
0.0012077294685990338
0.005434782608695652
0.0036231884057971015
0.0036231884057971015
0.0018115942028985507
0.0012077294685990338
0.0018115942028985507
0.0036231884057971015
0.004830917874396135
0.0036231884057971015
0.0
0.0012077294685990338
0.006642512077294686
0.0
0.0012077294685990338
0.004830917874396135
0.008454106280193236
0.005434782608695652
0.006642512077294686
0.0036231884057971015
0.0012077294685990338
0.0006038647342995169
0.006038647342995169
0.005434782608695652
0.0036231884057971015
0.004227053140096618
0.005434782608695652
0.007246376811594203
0.0006038647342995169
0.005434782608695652
0.0018115942028985507
0.0018115942028985507
0.0030193236714975845
0.0012077294685990338
0.0
0.004227053140096618
0.0030193236714975845
0.0006038647342995169
0.0012077294685990338
0.0036231884057971015
