0.09375
0.5555555555555556
0.6961805555555556
0.65625
0.6180555555555556
0.671875
0.796875
0.5607638888888888
0.4635416666666667
0.5434027777777778
0.6059027777777778
0.546875
0.5850694444444444
0.5121527777777778
0.6267361111111112
0.4270833333333333
0.5659722222222222
0.6197916666666666
0.6979166666666666
0.5121527777777778
0.6267361111111112
0.6822916666666666
0.7083333333333334
0.7204861111111112
0.6770833333333334
0.7239583333333334
0.7239583333333334
0.5642361111111112
0.6875
0.7447916666666666
0.7621527777777778
0.6666666666666666
0.6996527777777778
0.6666666666666666
0.7552083333333334
0.7447916666666666
0.7291666666666666
0.7274305555555556
0.6493055555555556
0.6701388888888888
0.625
0.7534722222222222
0.6788194444444444
0.7170138888888888
0.6614583333333334
0.4774305555555556
0.5833333333333334
0.6006944444444444
0.5260416666666666
0.5885416666666666
0.6302083333333334
0.5885416666666666
0.6892361111111112
0.6076388888888888
0.6284722222222222
0.6909722222222222
0.6059027777777778
0.4513888888888889
0.5625
0.5086805555555556
0.6111111111111112
0.6006944444444444
0.7204861111111112
0.7465277777777778
0.6840277777777778
0.7152777777777778
0.7465277777777778
0.6423611111111112
0.6822916666666666
0.6961805555555556
0.6736111111111112
0.5763888888888888
0.6788194444444444
0.6232638888888888
0.703125
0.6458333333333334
0.6197916666666666
0.6336805555555556
0.5902777777777778
0.5329861111111112
0.5763888888888888
0.6458333333333334
0.7708333333333334
0.7118055555555556
0.6458333333333334
0.5920138888888888
0.6857638888888888
0.6197916666666666
0.6927083333333334
0.5711805555555556
0.6892361111111112
0.6892361111111112
0.6041666666666666
0.765625
0.7361111111111112
0.5138888888888888
0.7170138888888888
0.609375
0.6284722222222222
0.5711805555555556
0.6979166666666666
0.6440972222222222
0.6961805555555556
0.5590277777777778
0.671875
0.6597222222222222
0.6059027777777778
0.5434027777777778
0.625
0.7604166666666666
0.6527777777777778
0.5260416666666666
0.5694444444444444
0.7621527777777778
0.7465277777777778
0.7326388888888888
0.6197916666666666
0.6614583333333334
0.5920138888888888
0.6875
