0.16319444444444445
0.4305555555555556
0.5659722222222222
0.6805555555555556
0.5555555555555556
0.6354166666666666
0.6770833333333334
0.6545138888888888
0.625
0.5277777777777778
0.7309027777777778
0.6944444444444444
0.5694444444444444
0.6770833333333334
0.7517361111111112
0.7534722222222222
0.71875
0.7239583333333334
0.7621527777777778
0.765625
0.6805555555555556
0.6510416666666666
0.6527777777777778
0.6319444444444444
0.6927083333333334
0.7083333333333334
0.6649305555555556
0.7552083333333334
0.7395833333333334
0.6805555555555556
0.6909722222222222
0.6354166666666666
0.59375
0.6996527777777778
0.65625
0.6267361111111112
0.7291666666666666
0.7135416666666666
0.6979166666666666
0.6145833333333334
0.6631944444444444
0.5920138888888888
0.6267361111111112
0.5798611111111112
0.5972222222222222
0.578125
0.6128472222222222
0.6111111111111112
0.6579861111111112
0.5625
0.671875
0.6614583333333334
0.5260416666666666
0.6336805555555556
0.6354166666666666
0.7326388888888888
0.7326388888888888
0.6111111111111112
0.6770833333333334
0.7118055555555556
0.7048611111111112
0.7552083333333334
0.6875
0.6822916666666666
0.6944444444444444
0.7239583333333334
0.7013888888888888
0.6701388888888888
0.6458333333333334
0.6180555555555556
0.6527777777777778
0.6475694444444444
0.6666666666666666
0.6840277777777778
0.6284722222222222
0.6059027777777778
0.7291666666666666
0.7934027777777778
0.7239583333333334
0.8003472222222222
0.71875
0.7013888888888888
0.7447916666666666
0.7586805555555556
0.7430555555555556
0.7916666666666666
0.7413194444444444
0.7326388888888888
0.6788194444444444
0.7326388888888888
0.6458333333333334
0.6302083333333334
0.6579861111111112
0.6788194444444444
0.7048611111111112
0.6614583333333334
0.578125
0.46875
0.5138888888888888
0.5069444444444444
0.7222222222222222
0.6545138888888888
0.6006944444444444
0.6319444444444444
0.7204861111111112
0.6267361111111112
0.6319444444444444
0.6805555555555556
0.7204861111111112
0.6996527777777778
0.5625
0.6128472222222222
0.5399305555555556
0.5138888888888888
0.5642361111111112
0.6371527777777778
0.6302083333333334
0.6163194444444444
0.6076388888888888
0.5243055555555556
