0.24131944444444445
0.4965277777777778
0.5486111111111112
0.7274305555555556
0.5694444444444444
0.6284722222222222
0.6458333333333334
0.6493055555555556
0.6024305555555556
0.7170138888888888
0.5694444444444444
0.609375
0.6354166666666666
0.5798611111111112
0.7083333333333334
0.7309027777777778
0.6006944444444444
0.5746527777777778
0.6024305555555556
0.7152777777777778
0.6423611111111112
0.7413194444444444
0.5572916666666666
0.6440972222222222
0.6493055555555556
0.6232638888888888
0.6822916666666666
0.578125
0.6614583333333334
0.6666666666666666
0.6666666666666666
0.7152777777777778
0.6180555555555556
0.5625
0.703125
0.5659722222222222
0.6545138888888888
0.6649305555555556
0.6649305555555556
0.6736111111111112
0.6354166666666666
0.6614583333333334
0.6024305555555556
0.6996527777777778
0.7118055555555556
0.6701388888888888
0.7204861111111112
0.6527777777777778
0.7170138888888888
0.6909722222222222
0.6545138888888888
0.6961805555555556
0.7100694444444444
0.7274305555555556
0.6840277777777778
0.6388888888888888
0.6631944444444444
0.640625
0.6336805555555556
0.6180555555555556
0.671875
0.6336805555555556
0.703125
0.6909722222222222
0.5416666666666666
0.6440972222222222
0.71875
0.7447916666666666
0.6822916666666666
0.5850694444444444
0.6701388888888888
0.6909722222222222
0.6597222222222222
0.7135416666666666
0.6388888888888888
0.6545138888888888
0.7517361111111112
0.6944444444444444
0.5277777777777778
0.7864583333333334
0.5642361111111112
0.515625
0.59375
0.5902777777777778
0.5920138888888888
0.6354166666666666
0.7048611111111112
0.5885416666666666
0.6475694444444444
0.578125
0.7378472222222222
0.6319444444444444
0.5989583333333334
0.7118055555555556
0.6805555555555556
0.6753472222222222
0.6979166666666666
0.5659722222222222
0.6545138888888888
0.7534722222222222
0.6111111111111112
0.5885416666666666
0.625
0.6163194444444444
0.4548611111111111
0.6631944444444444
