0.14756944444444445
0.5677083333333334
0.6128472222222222
0.4739583333333333
0.7100694444444444
0.6927083333333334
0.6493055555555556
0.6319444444444444
0.7274305555555556
0.6527777777777778
0.5868055555555556
0.5225694444444444
0.7135416666666666
0.6145833333333334
0.6892361111111112
0.6666666666666666
0.6475694444444444
0.65625
0.5607638888888888
0.5729166666666666
0.7430555555555556
0.6979166666666666
0.703125
0.6006944444444444
0.6145833333333334
0.7777777777777778
0.7986111111111112
0.7899305555555556
0.7395833333333334
0.7482638888888888
0.6770833333333334
0.7274305555555556
0.7204861111111112
0.7395833333333334
0.7048611111111112
0.6701388888888888
0.6145833333333334
0.6215277777777778
0.7569444444444444
0.8038194444444444
0.7170138888888888
0.7690972222222222
0.7326388888888888
0.7725694444444444
0.7534722222222222
0.78125
0.7152777777777778
0.75
0.7673611111111112
0.7690972222222222
0.7552083333333334
0.6354166666666666
0.6458333333333334
0.5989583333333334
0.6892361111111112
0.6111111111111112
0.7152777777777778
0.5763888888888888
0.6649305555555556
0.6927083333333334
0.6805555555555556
0.5972222222222222
0.6996527777777778
0.7465277777777778
0.6944444444444444
0.7013888888888888
0.7274305555555556
0.6857638888888888
0.7413194444444444
0.6493055555555556
0.6180555555555556
0.6111111111111112
0.7222222222222222
0.7083333333333334
0.7447916666666666
0.6284722222222222
0.7395833333333334
0.5555555555555556
0.6440972222222222
0.6371527777777778
0.7013888888888888
0.6909722222222222
0.7170138888888888
0.6579861111111112
0.6458333333333334
0.6076388888888888
0.6788194444444444
0.6388888888888888
0.7048611111111112
0.5868055555555556
0.6163194444444444
0.6232638888888888
0.7569444444444444
0.6614583333333334
0.6163194444444444
0.6545138888888888
0.6892361111111112
0.6857638888888888
0.6527777777777778
0.5555555555555556
0.6944444444444444
0.6770833333333334
0.6128472222222222
0.5277777777777778
0.6388888888888888
0.6215277777777778
0.6232638888888888
0.5555555555555556
0.5902777777777778
0.6180555555555556
0.5711805555555556
0.6336805555555556
0.6614583333333334
0.6354166666666666
