0.08695652173913043
0.0
0.08695652173913043
0.0
0.0
0.0
0.0
0.08695652173913043
0.0
0.10507246376811594
0.0
0.0
0.08695652173913043
0.0
0.09057971014492754
0.15217391304347827
0.0
0.0
0.0
0.0
0.0
0.0
0.0
0.0
0.19202898550724637
0.0
0.09057971014492754
0.10869565217391304
0.0
0.0
0.0
0.0
0.09420289855072464
0.15217391304347827
0.0
0.08695652173913043
0.0
0.0
0.0
0.0
0.0
0.0
0.08695652173913043
0.08695652173913043
0.13043478260869565
0.09057971014492754
0.09057971014492754
0.0
0.0
0.0
0.08695652173913043
0.10507246376811594
0.0
0.0
0.0
0.09057971014492754
0.2463768115942029
0.08695652173913043
0.0
0.0
0.0
0.0
0.0
0.0
0.11956521739130435
0.09057971014492754
0.09057971014492754
0.0
0.0
0.0
0.0
0.0
0.21014492753623187
0.0
0.17391304347826086
0.09420289855072464
0.08695652173913043
0.0
0.0
0.0
0.0
