0.0
0.11956521739130435
0.0
0.0
0.08695652173913043
0.0
0.0
0.0
0.0
0.09057971014492754
0.0
0.0
0.08695652173913043
0.0
0.09057971014492754
0.0
0.0
0.0
0.0
0.0
0.0
0.0
0.08695652173913043
0.11231884057971014
0.0
0.0
0.08695652173913043
0.0
0.0
0.08695652173913043
0.0
0.08695652173913043
0.0
0.0
0.0
0.0
0.09057971014492754
0.0
0.0
0.0
0.0
0.0
0.0
0.0
0.0
0.0
0.0
0.08695652173913043
0.0
0.0
0.13405797101449277
0.0
0.0
0.0
0.0
0.22826086956521738
0.0
0.0
0.0
0.0
0.0
0.08695652173913043
0.10869565217391304
0.0
0.0
0.0
0.10869565217391304
0.09057971014492754
0.0
0.13405797101449277
0.08695652173913043
0.0
0.0
0.0
0.0
0.15579710144927536
0.0
0.0
0.0
0.14855072463768115
0.0
0.0
0.0
0.08695652173913043
0.0
