0.0
0.0
0.0
0.0
0.0
0.0
0.08695652173913043
0.08695652173913043
0.0
0.08695652173913043
0.0
0.08695652173913043
0.08695652173913043
0.0
0.0
0.10869565217391304
0.0
0.0
0.0
0.0
0.0
0.08695652173913043
0.0
0.0
0.08695652173913043
0.0
0.0
0.21014492753623187
0.08695652173913043
0.0
0.18115942028985507
0.08695652173913043
0.0
0.0
0.0
0.0
0.08695652173913043
0.08695652173913043
0.09057971014492754
0.0
0.0
0.0
0.09057971014492754
0.0
0.0
0.0
0.09057971014492754
0.0
0.0
0.0
0.0
0.0
0.0
0.0
0.0
0.0
0.0
0.0
0.0
0.0
0.08695652173913043
0.0
0.0
0.2608695652173913
0.0
0.0
0.0
0.0
0.0
0.0
0.0
0.0
0.0
0.0
0.0
0.08695652173913043
0.0
0.0
0.0
0.0
0.08695652173913043
0.09057971014492754
0.0
0.0
0.0
0.08695652173913043
0.09057971014492754
0.0
0.0
0.0
0.0
0.14855072463768115
0.0
0.0
0.0
0.12318840579710146
0.0
0.0
0.08695652173913043
0.0
0.0
0.0
0.0
0.0
0.26811594202898553
0.10507246376811594
0.08695652173913043
0.0
0.0
0.0
0.0
0.0
0.08695652173913043
0.0
0.08695652173913043
0.0
0.0
0.0
0.08695652173913043
0.08695652173913043
0.08695652173913043
0.0
0.0
0.0
0.08695652173913043
0.0
0.0
0.13768115942028986
0.0
0.0
0.08695652173913043
0.0
0.08695652173913043
0.0
0.09420289855072464
0.0
0.08695652173913043
0.0
0.0
0.10869565217391304
0.0
0.0
0.0
0.0
0.0
0.08695652173913043
0.0
0.0
0.08695652173913043
0.0
0.0
0.0
0.22826086956521738
0.0
0.0
0.08695652173913043
0.09057971014492754
0.0
0.10507246376811594
0.0
0.0
0.0
0.0
0.08695652173913043
0.0
0.08695652173913043
0.09057971014492754
0.10144927536231885
0.0
0.0
0.0
0.0
0.0
0.09782608695652174
0.18478260869565216
0.0
0.0
0.0
0.0
0.0
0.0
0.0
0.0
0.0
0.08695652173913043
0.0
0.0
0.08695652173913043
0.0
