25.60390595202224
6.077622890571609
8.113859176976247
3.960744879438715
1.699673171197595
8.908422980528035
0.0
4.94064773081425
2.7726341266023544
8.266397845091497
3.059411708155671
8.178562764256865
16.314410807626487
11.313708498984761
0.0
7.690181330039551
4.815340071064556
1.964529205687714
8.228869042236953
14.420038141419738
4.049691346263317
0.7637626158259734
4.909049340972116
2.4743582965269675
11.258330249197702
10.190191362285598
15.016657417681207
6.599319692829199
7.5099933422074345
3.031088913245535
20.821996915655223
9.096702699330127
6.128258770283412
13.35102992281869
12.189476335484365
13.284953895290716
6.499762578759851
12.512216252748972
2.0548046676563256
13.67073110293992
7.069962871189636
3.559026084010437
5.80409338312195
2.9674156357941426
4.2233558568841385
