8.615231988880057
0.0
0.0
6.675327707311455
10.648368659190984
7.180219742846006
12.0
1.7320508075688772
3.9350190596742984
3.8042374035044424
0.45175395145262565
5.019960159204453
12.871965661856
2.140872096444188
13.808964479641476
13.273563952458284
11.453711188955307
4.979959839195493
7.080881928749333
7.416198487095663
5.185449728701348
7.669180303696885
13.0
4.17612260356422
0.4714045207910317
3.6110940170535577
10.833253204831871
6.378675411086537
1.0
9.672412085697939
2.7129319932501073
0.7453559924999298
4.664761515876241
0.4330127018922193
2.4717149916606487
1.5
4.969293465978882
3.559026084010437
7.909487973314076
16.0
0.0
8.556998435328957
4.714045207910316
7.632168761236874
8.602325267042627
3.766629793329841
