7.303344643052703
10.510576683618375
3.2145502536643185
2.598076211353316
5.07444578254611
0.0
6.196773353931867
3.418698582794336
9.82344135219425
4.336537277085895
5.672110674711208
8.532617157446802
9.36634374031449
7.222188034107115
4.789311015167004
10.808160182501565
11.440668201153676
2.608745973749755
22.88133640230735
10.43731287257405
0.4330127018922193
11.679041056525147
20.657928260113597
12.106196760337244
10.040733366174615
5.513619500836088
4.33589667773576
14.430523206037957
6.184245949118103
17.663521732655695
5.385164807134504
2.2587697572631282
5.155902766086006
10.428326807307105
9.03811374126261
7.376188939100335
6.9988838395847095
8.542809364414886
0.5
0.7999999999999999
12.0
5.2493385826745405
5.946427498927402
18.0
4.354308211415448
2.886751345948129
6.377042156569663
0.4714045207910317
4.0
5.312459150169743
6.808771915698161
22.51419305435771
12.123514005301214
