0.5091617383199959
0.32504389846559106
0.32074131367261904
0.1878812755666489
0.24028307154442763
0.1805771544275388
0.14066402616811466
0.2709648513755102
0.11667665046905393
0.1631990575763301
0.24596649366687323
0.2525936146418164
0.12087639168058542
0.18911539051827478
0.16610568157842423
0.28719418357573884
0.17248693002560608
0.18445606613688623
0.049331019443777026
0.12408967061454768
0.12529601955872485
-0.00515158342485541
0.13410603537573948
0.025017556053018968
0.13369484913589397
0.04823097224677536
-0.0065895862087973
0.06697755709426524
-0.02403992745059726
0.09150942012594088
0.071517140306083
0.04174846877538995
0.017119119844570294
-0.09607414100874885
-0.009724461922782894
0.13914450772439785
0.09165783067469493
0.056774772978167416
-0.04220360704596168
0.06909168041393765
-0.047451088798615135
-0.0642310408910422
-0.06687822941621482
-0.11803635567033474
-0.11907236301482117
0.02768153410778761
0.04435159524681968
0.1011085009326565
0.1476913357144599
0.25078813726244686
0.10031074430731651
0.31663450828134354
0.24249122070623821
0.23293293292806122
0.006355522042381593
0.02078679885922175
-0.005799744649197709
0.07666451363168163
0.19601895723121382
0.009642917766254984
0.19992183432980146
0.10812101771284206
0.11274551782194174
-0.03969326182621862
-0.013819519417482114
0.1906386153665084
0.060194887505177264
0.07775586104304893
-0.008954367383893064
0.16911273464450297
0.0495094827377655
