0.47589943955787656
0.1756069481062895
0.14013300443379567
0.09343679942316085
0.04566075702960265
0.1385732385481281
0.21381246792092115
0.11082224431663232
0.28523838690276176
0.21058841536805767
0.12421392605427287
-0.002613059947396441
0.24594858814862114
0.07805156252515995
0.057418565978414576
-0.053349939537001914
0.013633722876352077
0.0754199978844225
-0.016570075894293487
0.1690040571574058
0.13562271921123464
0.07875861081528676
-0.048369818194658416
0.06381563991002827
0.03439060039775098
0.1700395357115792
-0.11704162064251372
0.05222427420613708
0.06215702149333543
0.07199999259000509
-0.015084090868486418
-0.004689057982021137
-0.09455976391359362
-0.007977068833023127
0.09332624371902183
0.15836418274910052
0.07817934833217824
0.0031827812466336124
-0.06469414603975446
-0.08789908560515113
-0.07822226543515823
-0.01025357031387166
0.07312246702763295
-0.09234197243429622
0.11100039939715382
0.06487940914224474
0.19982064025588026
0.09551348474967014
0.09485237272198148
-0.016991484920808268
0.0566138460520298
-0.05825144442185056
0.11227200358103707
-0.0412765349791144
0.019074431466548747
-0.1679584743699025
0.005273858609451174
-0.029105972203007924
0.004262431576240384
0.199519000979476
0.128706352230504
0.2549267593439042
0.02397115750962865
0.06693939808527592
-0.06427346390990131
-0.025731006283957095
0.16594103083931402
0.005797306535679091
0.0018540506519729107
0.17598716292638153
0.055747283449399436
-0.014415229849450675
0.051179837542362244
0.1097442156335798
0.009016425166070543
0.15436722499306454
-0.010335047045630949
-0.039450552878593975
0.010728627378962937
-0.04894881767756971
