0.4769215021239654
0.2207559023227761
0.2591194001113359
0.29053418263376085
0.1432273190751312
0.27280206011742986
0.10856011120023255
0.16364640556973495
-0.006886172267810413
0.1062824356505766
0.13570965305905414
0.03602636914018967
0.21089593171864082
0.19099514151076039
0.20650319099693173
0.08003226672664474
0.21431656362928794
0.05683600912805303
-0.097471790751677
0.12790613202783416
0.18267478517839017
0.15800294230602294
0.1560251421621336
0.09206567636819774
0.031238082431620993
0.0923988481835913
-0.04087852917138789
0.0026835504036422262
0.05721943641601313
0.0035564342201501614
0.016145703090256883
-0.015154660381723082
0.03200311260337084
0.0024375071605574035
0.15061722055205753
0.16950117324785666
0.027497852977026366
-0.11832508582116659
-0.053696337868935434
0.03733881807833184
0.06607820371661545
-0.06971732342344734
-0.001747048891094545
0.0737621422330225
0.1787993563608847
0.11482817754502049
-0.016762742482089497
-0.0725410382884859
-0.035118397511407336
0.14313139001189645
-0.027794577189404812
0.06715279633252735
0.016977846521736638
0.03460999790708863
-0.1584857604380377
0.0029340529083676883
0.1271395722550661
0.14207355310372044
0.02865358323612959
-0.07128983375548804
0.03052820641532311
2
0.08057620568145094
0.02876814587620176
0.22655464849983056
0.16222021900755462
0.041512450710999134
0.16075329230838487
0.14910306490116612
0.23712380802712626
0.19319259107183295
0.22004382472611647
0.12795114498739454
-0.03843005197613959
0.06458913064614998
0.14426820554122022
-0.09259586635674096
0.06093333066589392
0.1714432009738084
0.0917985804268415
0.09825349023061704
0.029872640053764495
0.08897893915575825
0.09767854306281352
0.06941033821279505
0.07926421806094398
