0.5086306579926789
0.28469539952540623
0.28232899627167574
0.30878171448226915
0.33406142489371127
0.319748534265804
0.20652897792768218
0.1620497106645072
0.25434119153474716
0.24317963950640534
0.15490860401352194
0.15119763819657697
0.08221533481617362
0.2541875298630821
0.22888945206117026
0.20173339916745353
0.1967907792559856
0.2354435321415566
0.24237518148780168
0.3312299282360543
0.24743431128658622
0.3636045652125277
0.21805826913572737
0.03567611369153506
0.20398715494506559
0.20571299272577667
0.2468790266414837
0.07167723976920413
0.2815251710570889
0.37458745223425566
-0.021457589794869465
0.15686813497059782
0.0743765276806762
0.11406457041910674
0.2290686287581635
0.028249018594773617
0.07711372607603742
0.014165930210672452
0.07205983387683071
0.08056753877056658
0.11207703434857241
0.07098593193506969
0.004101723103299509
0.21955239181314923
0.10607063510758678
0.08834914823623606
0.09204331789590743
0.15420209901197818
0.1969148820535066
0.23701546451279673
0.31403569672283377
0.27193037077722026
0.2174960385441722
-0.04669722314448389
0.13490972224491468
0.24972509862608405
0.13197637223792352
0.1890893990244732
0.1631894093775832
0.23337818122166032
0.2937085866921144
0.31840296838671783
0.26147555223025826
0.2775856078919397
0.14047589231439006
0.2654112978736934
0.23784358584068896
0.12657855467468532
0.1340953062593595
0.11820320197777667
0.26874702282081264
0.16707874819642166
0.12075158936562759
