24.0
29.0
12.0
0.0
12.5
0.0
12.0
15.0
28.666666666666668
20.0
0.0
14.0
17.5
24.0
12.5
19.0
12.0
16.333333333333332
12.0
12.0
57.0
13.5
31.666666666666668
12.5
0.0
12.0
24.0
14.0
12.0
0.0
25.0
21.0
25.0
24.5
21.0
0.0
47.0
23.333333333333332
35.0
12.0
0.0
29.0
24.5
14.5
12.0
16.333333333333332
12.0
0.0
16.333333333333332
24.333333333333332
26.666666666666668
12.0
0.0
12.0
0.0
0.0
25.5
0.0
0.0
0.0
24.0
26.666666666666668
12.0
21.666666666666668
39.0
0.0
0.0
13.5
12.0
12.0
40.5
0.0
25.5
0.0
45.5
12.0
12.0
14.5
24.0
36.0
0.0
14.5
0.0
26.0
0.0
14.0
21.5
0.0
20.0
0.0
0.0
38.0
33.0
12.0
0.0
0.0
0.0
0.0
12.0
12.0
26.0
16.0
21.5
25.5
26.0
12.0
21.5
35.5
15.5
28.5
12.0
0.0
24.0
12.0
21.75
0.0
22.5
14.5
