27.0
12.0
12.5
17.333333333333332
0.0
41.333333333333336
42.333333333333336
34.666666666666664
32.0
12.0
12.0
26.5
26.0
24.0
13.0
0.0
0.0
0.0
12.0
0.0
0.0
18.5
14.5
34.0
29.0
0.0
24.0
0.0
32.0
0.0
12.5
0.0
0.0
24.333333333333332
17.0
0.0
0.0
0.0
12.0
17.666666666666668
0.0
12.0
12.0
0.0
12.0
25.0
0.0
16.5
19.333333333333332
16.0
24.0
12.0
12.0
0.0
22.5
12.0
31.0
0.0
12.5
12.0
12.0
23.0
19.0
15.0
12.5
0.0
0.0
14.5
27.0
0.0
15.5
17.0
12.0
24.5
0.0
18.0
13.5
12.0
0.0
33.5
24.0
25.0
12.0
12.0
0.0
12.0
45.0
12.0
22.666666666666668
12.0
12.0
18.0
25.0
24.5
12.0
0.0
12.0
20.5
0.0
28.666666666666668
12.0
0.0
0.0
12.0
14.0
19.0
0.0
