32.6
0.0
12.0
21.0
16.5
16.0
13.5
0.0
0.0
17.0
30.5
12.0
12.0
16.5
0.0
38.5
22.333333333333332
16.0
21.0
0.0
26.5
27.0
0.0
16.0
29.0
33.0
12.0
12.0
16.666666666666668
14.5
27.333333333333332
0.0
0.0
12.0
0.0
12.0
16.0
19.0
34.5
16.5
25.666666666666668
14.0
26.0
0.0
12.0
29.5
26.0
17.5
14.0
12.0
12.0
0.0
0.0
24.0
12.0
29.666666666666668
27.5
30.333333333333332
18.0
19.333333333333332
12.0
0.0
14.0
12.0
16.333333333333332
22.666666666666668
25.0
18.5
24.0
25.333333333333332
0.0
0.0
15.5
15.5
12.0
21.0
0.0
24.5
22.5
0.0
21.333333333333332
21.0
18.5
23.0
12.0
12.0
15.0
0.0
0.0
18.333333333333332
16.0
0.0
17.0
22.5
26.333333333333332
24.5
0.0
12.0
15.5
0.0
12.0
24.5
19.0
18.333333333333332
12.0
0.0
12.5
0.0
19.0
31.0
12.0
16.333333333333332
12.0
21.0
17.666666666666668
12.0
0.0
0.0
16.5
