31.0
12.0
12.5
0.0
14.0
27.666666666666668
21.5
26.75
0.0
0.0
0.0
17.333333333333332
12.0
25.0
24.0
23.333333333333332
0.0
0.0
12.0
33.5
12.5
0.0
0.0
0.0
0.0
12.0
12.5
0.0
12.0
22.75
12.0
12.0
0.0
35.666666666666664
25.333333333333332
24.0
12.5
28.5
32.0
0.0
0.0
22.666666666666668
24.0
14.0
12.0
17.666666666666668
12.5
36.0
0.0
0.0
12.0
16.0
15.5
12.0
0.0
0.0
16.0
12.0
13.5
16.0
12.5
12.0
25.0
12.0
15.0
31.5
0.0
0.0
12.0
0.0
26.333333333333332
31.0
19.0
0.0
12.0
0.0
12.0
0.0
0.0
0.0
12.0
12.0
0.0
15.5
0.0
24.0
0.0
0.0
20.5
12.5
12.0
0.0
19.666666666666668
0.0
0.0
13.0
18.333333333333332
0.0
19.0
18.666666666666668
0.0
21.25
12.5
24.0
12.0
24.0
0.0
17.333333333333332
32.0
12.0
19.5
0.0
31.4
36.0
23.333333333333332
12.5
