0.0
8.0
5.958187643906492
7.788880963698615
15.923427883328248
6.841052550594828
13.6106575888162
8.148619514985345
7.025667228100119
3.8477987935383986
12.459935794377111
13.583077707206124
5.2493385826745405
2.6726124191242437
11.07643895843786
7.863841300535
8.588364221433556
11.308796969124915
20.03122562401013
16.753730927766508
9.30218319777126
6.782329983125268
28.838992700855556
16.365818036383025
15.138939857202683
10.273802626494401
22.664675157610354
10.79608982713443
12.336429791475327
17.211914478058507
24.055491403558285
10.521115794012553
19.86971453130506
8.0
17.332051234634633
27.09243436828813
27.343874999714288
22.868318696397424
22.5
24.508926945094924
33.03869784897031
35.947009611371016
43.0
42.949582846247374
29.631064780058107
11.145502331533658
21.275964529643932
5.338539126015656
5.5377492419453835
2.695423180587601
12.036980056845191
18.748333259252675
11.728408057172787
14.916433890176299
10.606601717798213
5.528109984434102
10.087616170334792
3.897114317029974
13.292385038058445
5.448623679425842
8.908422980528034
21.644860821913362
24.553795814270526
19.51121472384536
21.146808269807526
28.394052585395805
30.346151137976115
28.075295585660754
24.591665254715874
22.1033934046336
18.046814123273947
13.827056809024834
18.92675942210452
9.781998773256925
13.573871960498227
9.496709956611289
11.166355717063647
16.579773487261182
3.960744879438715
13.841965178398622
20.862646045025066
30.618621784789728
31.132780152116194
27.78888666755511
14.150971698084906
11.338430226446693
14.465476141489432
13.953046262375826
14.654350889752845
14.719601443879744
29.87752778706208
22.566568192793515
33.86574801903671
25.567313116555678
16.363373735266208
5.629165124598851
15.992498241363045
11.497282287566918
10.518555033843766
7.657675887630659
5.047001309908907
4.923413450036469
4.041451884327381
7.138627319029899
10.554039752722217
25.037749277618563
24.0
33.35790760824186
16.121069719124996
14.5
17.879807045938723
20.51016008388688
13.740653388960641
24.30820620467271
23.924882444852262
17.58863269273652
20.089798406156294
19.00947132352712
24.143091949642425
17.55625877635159
