0.5
11.86029791643813
8.031189202104505
5.351635264103861
9.15204895091804
11.277743568639961
8.221921916437786
3.9698866482558417
14.222718245318449
1.0
11.976643937263894
23.200215516240362
25.053692342646823
9.5
38.38691906829142
34.120700787384514
1.5
13.0
8.774964387392123
11.5
18.83259585576738
19.86353442869622
5.557777333511022
14.469277798148738
10.558040643141236
20.363877332178173
23.32857094256359
25.228951623085727
4.5
8.5
5.0
22.42069356643545
11.840080236214618
15.594470173750693
5.2
13.348689074212494
27.32926799035951
23.50886357667394
21.241174637952582
31.267994818983837
27.796882319185844
14.277254638059798
18.37824801225623
19.448650338776723
15.690363284513205
8.259674462242577
6.554387843269576
11.754148203932091
26.06122598804592
24.526629518862872
15.738090735537142
36.17578610065025
8.394773506308685
22.851422275210794
20.193068117549647
20.401524997465806
13.564659966250536
12.457929201917949
11.54816002660164
11.42978564978364
20.350921355064003
22.9830855679176
27.0842307543625
18.83259585576738
11.338430226446693
24.464259645450134
14.221462653327892
11.800423721205947
14.794894014114764
17.528548142958105
7.788880963698615
19.866743568083823
28.673812093964763
20.60679499582601
11.453711188955307
24.743686063317245
4.0
35.32704346531139
12.5
0.0
30.23243291566195
9.5
10.0
39.90222424878092
24.295061226512683
24.657656011875904
24.957742063113177
22.638462845343543
0.5
9.5
25.152865973217974
21.041625412500814
18.0
1.0
18.335416548308903
9.883698700385398
9.58331884056875
18.208667044996886
8.65383665716478
8.588364221433556
18.553975315279473
24.70197360536198
23.680160472429236
11.575836902790225
28.331372481167705
9.703607576566563
13.644046320648432
11.811011811017716
5.549774770204643
8.259674462242579
4.301162633521313
12.316147936753602
28.5
20.620075169601105
5.885575587824865
10.943491216243562
6.29285308902091
6.968181653455625
10.583005244258363
4.380353866983808
