0.0
1.224744871391589
1.632993161855452
7.652450587883597
13.888444437333106
8.789197915623474
12.364824660660938
13.442005058770064
5.1536394906900505
5.431390245600108
15.121728296285006
8.685620300243386
7.0
14.620533505997653
16.81190054693401
28.709270666845967
37.56180092712394
27.86076492528915
29.810862114336782
37.13825520941984
27.78888666755511
16.759740119968715
31.25522178594945
6.560487786742691
16.5
16.21384867602041
17.518244457961217
10.073342157507717
14.13108276106258
34.322004603461025
34.40930106817051
29.48822740612863
17.327434893832383
12.175385004179539
5.84700778176325
9.325234581499814
13.490737563232042
5.607138307550475
17.769637024992942
16.80029761641144
21.33512362279628
17.839562774911272
10.653637876331258
29.08070666266554
23.156472577277874
23.697163449568293
16.30950643030009
20.07209228976613
28.083209693100727
23.86419912756345
34.76588366008646
22.88133640230735
13.124404748406688
24.041630560342615
12.24744871391589
25.772509040103607
4.0
23.27418097377435
22.094965489902897
27.15695122800054
13.638181696985855
4.5
15.706288549495072
16.192204914711276
9.055385138137417
9.086253353280437
7.088723439378913
18.07449860992
9.927738916792686
3.344772040064913
8.407585860400118
10.403845442911962
6.986097305044896
7.5
15.513435037626794
17.483921184905864
20.22838352414745
22.796655456447994
20.460694025374604
0.0
7.0
8.309031231136395
11.343133018115703
16.057397049335236
17.811513130556875
6.289320754704402
20.09197601033806
12.675435561221029
7.467261881037788
21.66923061752668
11.48216007552586
13.899640283115243
7.327175444876422
13.216939887886303
6.34428877022476
16.08376510646683
8.508818954473059
9.860132971832693
6.011562932290478
10.059199769365355
5.447335989982177
6.670832032063167
5.120763831912405
5.013869652163774
23.57116882973774
8.0156097709407
