0.0
9.350935782048769
22.29100466306732
6.236095644623235
14.958609561052123
1.0
17.705146772117484
11.623340346747426
11.897712198383164
24.0948127197536
19.2142525225417
14.613540144521982
11.05260150371848
7.277362159464101
20.409801566894274
25.362373705944798
6.683312551921141
25.129663746258124
14.147045235274005
17.239127008059313
16.782927833565473
4.320493798938574
7.71182353417285
18.25342433627181
18.129740759315894
38.11167800031901
6.0
36.41733408999377
32.72443871006635
2.5
7.0
37.18721405118819
8.0
35.4400902933387
34.39840112563373
8.956685895029603
16.98705389406886
17.401149387324963
23.338094752285727
32.78210894171799
9.0
0.5
6.0
14.0
10.0
40.58940748520481
38.5169515350781
33.369979855486214
5.0
13.5
26.5
18.87385022252275
5.0
15.612815249018995
26.621185172715357
5.0
27.475241379993168
2.0
29.169999809545576
32.8870119584549
24.567367696917707
21.649191670822262
14.150618361046982
15.15109090315135
31.15552385479446
29.53340857778225
11.5
28.767265347188555
15.5
34.1272129929572
7.0
14.0
19.13602623325961
22.572106680591425
22.78568629644497
16.037066439969625
26.80485030736042
13.707256796634725
18.806581294855267
5.059644256269407
8.48528137423857
20.632195714465293
22.065558884580486
13.816254517375137
18.803073034893938
13.808964479641476
14.133647795243801
19.330998422223306
17.326921891156037
16.723860200324566
25.93581821856921
22.565460332109335
20.771133815947554
36.444783196257625
29.87752778706208
16.5
13.614697940094006
18.991226044325487
18.2944663764757
14.239030865898142
12.910751333675357
7.110555533852471
10.365326815879952
13.59738536958076
7.118052168020874
5.055250296034367
10.825317547305483
9.354143466934854
3.059411708155671
14.894294209528695
13.77270852083932
1.0
15.417117110536587
6.977642868476432
