0.0
0.0
0.0
0.0
0.0
0.0
0.0
0.0
0.0
0.0
0.0
0.0
0.0
0.17391304347826086
0.0
0.0
0.17391304347826086
0.463768115942029
0.17391304347826086
0.0
0.0
0.18115942028985507
0.0
0.0
0.0
0.0
0.0
0.0
0.0
0.0
0.0
0.0
0.0
0.0
0.0
0.0
0.0
0.0
0.0
0.0
0.0
0.0
0.0
0.0
0.0
0.21014492753623187
0.17391304347826086
0.0
0.0
0.0
0.0
0.0
0.0
0.0
0.0
0.0
0.0
0.0
0.0
0.0
0.0
0.0
0.0
0.0
0.0
0.0
0.0
0.0
0.0
0.0
0.0
0.0
0.0
0.0
0.0
0.0
0.0
0.0
0.0
0.0
0.34782608695652173
0.0
0.0
0.0
0.0
0.0
0.0
0.0
0.0
0.0
0.0
0.0
0.0
0.0
0.0
0.0
0.0
0.0
0.0
0.0
0.17391304347826086
0.0
0.0
0.2318840579710145
0.0
0.0
0.0
0.0
0.0
0.0
0.17391304347826086
0.0
0.0
0.17391304347826086
0.0
0.18115942028985507
0.0
0.0
