0.18115942028985507
0.0
0.18115942028985507
0.17391304347826086
0.0
0.0
0.17391304347826086
0.0
0.0
0.0
0.0
0.0
0.0
0.0
0.21739130434782608
0.0
0.0
0.0
0.0
0.0
0.0
0.2536231884057971
0.0
0.0
0.0
0.2608695652173913
0.0
0.0
0.0
0.0
0.0
0.0
0.0
0.0
0.0
0.0
0.0
0.0
0.0
0.21014492753623187
0.0
0.0
0.0
0.0
0.21014492753623187
0.0
0.0
0.0
0.0
0.17391304347826086
0.0
0.26811594202898553
0.0
0.0
0.0
0.0
0.0
0.0
0.0
0.0
0.0
0.0
0.0
0.0
0.17391304347826086
0.0
0.0
0.0
0.0
0.0
0.0
0.0
0.0
0.0
0.0
0.0
0.0
0.0
0.2246376811594203
0.17391304347826086
0.2898550724637681
0.4492753623188406
0.0
0.0
0.0
0.2028985507246377
0.0
0.0
0.0
0.0
0.0
0.0
0.0
0.0
0.0
0.0
0.0
0.0
0.0
0.0
0.0
0.0
0.0
0.0
0.0
0.0
0.17391304347826086
0.0
0.0
0.0
0.0
0.0
0.0
0.0
0.0
0.0
0.0
0.0
0.0
0.0
0.0
0.21739130434782608
0.0
