0.7460384092964196
0.41272730976619754
0.3088091449245655
0.3422031645499812
0.18528476586128056
0.326436990974841
0.1880249111482105
-0.008856933498625761
0.30030429382212426
0.31432996171774275
0.24407578519914622
0.25092612699112693
0.21710855618392474
0.20550118012660648
0.24597674518634888
0.2277243447200843
0.3460040474810052
0.25650976515312623
0.2844426264457968
0.18736568633644102
0.19315365901679493
0.07182713254129633
0.19158749860834917
0.35192820462853697
0.08858873506487058
0.1342111410938848
0.17117089147343598
0.22034967925116156
0.16987119490317246
0.3534891990852751
0.3003075842306032
0.21117241758779035
0.16993874439736817
0.06648688308799484
0.2671830392473699
0.2315096389049728
0.03331472125572869
0.11062568063254981
0.2127469785323193
0.17964035972274084
0.26986697928943304
0.11753252047256005
0.2740218536009452
-0.03772544637719647
0.03239847593957473
0.19598625810558956
0.22239586183532126
0.0537264429344097
0.21364015431616265
0.09592523189307453
0.0680415353418709
-0.06999336263006639
-0.10940662210082615
0.01808947254865331
0.0073068551068739135
0.11292766098036197
0.09359326021918991
0.03918345367195665
0.30562091684846204
0.07155238435091298
0.0019320788767808066
