0.7972275126580713
0.3985739488365707
0.4381861450774286
0.22277794901310063
0.21856662867763824
0.31175404640772525
0.34302854743513744
0.2997346425471249
0.1985925222759456
0.2768550245317879
0.3038272709456803
0.2599337417453598
0.2945634321015719
0.3710150667100607
0.2411025037641564
0.19447632536806853
0.15098047159531036
0.27575938732963085
0.23548052901096225
0.24791989405130072
0.18818404597008145
0.27498968474479385
0.2375430926963927
0.12483686616130368
0.13382944955197407
0.1741928554748745
0.15317382858466286
0.2955009850929979
0.27738183715539527
0.19957553330964914
0.08128857822999998
0.23207238841277636
0.14867486818682332
0.0846232696014507
0.12803378503209809
0.0761909509195161
0.18246790013302241
0.187259463928109
0.3277616058577786
0.1516294278590237
0.2581960040122221
-0.00040019015428066087
0.13209016755812833
0.24269253318547127
0.044508532174903914
0.12533330022236475
0.1931073529412814
0.1795835417903101
0.09722318613082186
0.14106303812277
0.21924498415159527
0.23354257317862653
0.24314242421278648
0.1654772540857106
0.30941099949376344
0.21349925383388563
0.31903163090581454
0.25832041395932154
