-2
0.4999896473988509
0.3615669868762285
0.4135941536657678
0.325680478138901
0.35021938210408776
0.25349425941476383
0.17719688185231458
0.14814736612841675
0.2089609312211426
0.11049676893988422
0.27045530383544847
0.1806906433322946
0.017169541425563255
0.18087282068585409
0.2862739713019549
0.2754219962879697
0.3885827772648203
0.20832617811938514
0.27287524910622724
-0.002606199390858044
0.19592708569192438
0.21327148036924212
0.24705661336511378
0.04469424896673256
0.11936419067591003
0.22847384976795865
0.2641506056648984
0.3575752286059128
0.202365135076975
0.1391694187013038
0.17953612727756357
0.16607687539620547
0.26309652773295833
0.12636626177116658
0.1130883134336723
0.19395144386659657
0.13327759898646696
0.15898732713265046
0.23529009635388765
0.23303035574598915
0.11521980526086253
0.13542804176751716
0.14412883131780438
0.11571177925506952
0.142882951036537
0.2774168368327352
0.3756964227720536
0.21927696472518773
0.17458602735418294
0.2324055166766602
0.08839783069794356
0.24022895509554287
0.16252562920435842
0.20830523245069157
0.2832885300554971
0.22209029530338867
0.18405321938356511
0.18908888112739086
0.18934986929749748
0.10778662292960886
0.19463744284927406
