0.7261564483812671
0.2898944774501406
0.18021724409111609
0.1979142701810838
0.19000678187026024
0.2778503277387019
0.2856049819245598
0.3006280867455343
0.3376632924986478
0.3251665735366338
0.25878840364474126
0.32434570300069876
0.2565067533165395
0.29343403623304287
0.3599124122629241
0.29313430023909776
0.14132835701346555
0.13749763798576323
0.28094707542741615
0.24654248984443772
0.2956214296828818
0.24032656853804468
0.07530691269998656
0.230007454233829
0.2539493465670182
0.1539807685808718
0.27951801044768054
0.14355473447500441
0.09926583696678665
0.26081663901652796
0.2984125757894136
-0.0013370313375314382
-0.005122094397085746
0.26590991796912067
0.2895547308010744
0.32458888949758924
0.2018032723848597
0.09201956518885485
0.06478695270063708
0.040297035142083104
-0.003624725803279907
0.08866302951812614
-0.05981009405884878
0.13874212584305162
0.15024765663109513
0.18462138544769102
0.197475825747617
0.1767041825632171
0.1446935777895054
0.05614755948258965
0.24313446923494
0.13510046412757687
0.25351328439065607
0.30215808685947304
0.13075664008408858
0.1751261836011187
0.14606444885906225
0.12781485623337854
0.1336030119701377
2
0.12035207710967957
0.17394648619899922
0.057058015084546804
0.11885618751489659
0.21978379127273773
0.07708554315077092
0.10660169030594445
0.2504433871920093
0.20778263995968146
0.21075144561183767
