0.020833333333333332
0.10416666666666667
0.020833333333333332
0.03125
0.0
0.0
0.020833333333333332
0.0
0.0
0.010416666666666666
0.0
0.041666666666666664
0.010416666666666666
0.0
0.020833333333333332
0.0
0.0
0.0
0.0
0.0
0.0
0.0625
0.0
0.0
0.0
0.17708333333333334
0.03125
0.07291666666666667
0.010416666666666666
0.11458333333333333
0.020833333333333332
0.0
0.10416666666666667
0.0
0.0
0.020833333333333332
0.010416666666666666
0.020833333333333332
0.0
0.010416666666666666
0.041666666666666664
0.0
0.0
0.17708333333333334
0.020833333333333332
0.0
0.0
0.03125
0.0
0.09375
0.0625
0.0
0.0
0.03125
0.0
0.020833333333333332
0.020833333333333332
0.010416666666666666
0.0
0.0
0.15625
0.010416666666666666
0.020833333333333332
0.0
0.0
0.03125
0.03125
0.0
0.0
0.010416666666666666
0.010416666666666666
0.09375
0.0
0.0
0.0
0.041666666666666664
0.125
0.0
0.0625
0.010416666666666666
0.03125
0.010416666666666666
0.03125
0.010416666666666666
0.0
0.0
0.052083333333333336
0.0
0.09375
0.0
0.0
0.0
0.020833333333333332
0.010416666666666666
0.11458333333333333
0.0
0.0
0.010416666666666666
0.020833333333333332
0.0
0.010416666666666666
0.0625
0.0
0.0
0.0
0.13541666666666666
0.0
0.010416666666666666
0.010416666666666666
0.0
0.11458333333333333
0.010416666666666666
0.07291666666666667
0.020833333333333332
0.010416666666666666
0.010416666666666666
0.0
0.0
