0.052083333333333336
0.0
0.0
0.010416666666666666
0.0
0.0
0.0
0.10416666666666667
0.0
0.010416666666666666
0.0
0.020833333333333332
0.041666666666666664
0.10416666666666667
0.0
0.0
0.010416666666666666
0.041666666666666664
0.0
0.020833333333333332
0.041666666666666664
0.0
0.020833333333333332
0.0
0.010416666666666666
0.03125
0.03125
0.0
0.041666666666666664
0.0
0.0
0.0
0.010416666666666666
0.0625
0.10416666666666667
0.08333333333333333
0.0
0.0
0.0
0.041666666666666664
0.020833333333333332
0.0
0.052083333333333336
0.0
0.03125
0.010416666666666666
0.010416666666666666
0.03125
0.0
0.010416666666666666
0.010416666666666666
0.041666666666666664
0.0
0.041666666666666664
0.03125
0.0625
0.041666666666666664
0.0
0.03125
0.020833333333333332
0.07291666666666667
0.0
0.0
0.0
0.020833333333333332
0.0
0.0
0.11458333333333333
0.010416666666666666
0.010416666666666666
0.10416666666666667
0.010416666666666666
0.052083333333333336
0.0
0.010416666666666666
0.010416666666666666
0.19791666666666666
0.010416666666666666
0.0
0.125
0.020833333333333332
0.03125
0.0
0.0
0.10416666666666667
0.10416666666666667
0.0
0.0
0.010416666666666666
0.0
0.010416666666666666
0.0
0.020833333333333332
0.0
0.0
0.0
0.0
0.0
0.0
0.0
0.010416666666666666
0.09375
0.020833333333333332
0.010416666666666666
0.0
0.0
0.0
0.03125
0.0
0.0
0.0
0.0
0.0
0.0
0.041666666666666664
0.020833333333333332
0.0
0.0
0.010416666666666666
0.09375
0.010416666666666666
0.07291666666666667
0.010416666666666666
