0.010416666666666666
0.0
0.010416666666666666
0.0625
0.09375
0.0
0.0
0.03125
0.0
0.010416666666666666
0.0
0.020833333333333332
0.010416666666666666
0.0
0.0
0.0
0.0
0.0
0.010416666666666666
0.0625
0.010416666666666666
0.0
0.041666666666666664
0.041666666666666664
0.0
0.0
0.010416666666666666
0.020833333333333332
0.0
0.0
0.0
0.0
0.03125
0.0
0.052083333333333336
0.0
0.0
0.0
0.0
0.020833333333333332
0.0
0.0
0.020833333333333332
0.010416666666666666
0.0
0.0
0.03125
0.0
0.010416666666666666
0.0
0.041666666666666664
0.0
0.010416666666666666
0.020833333333333332
0.010416666666666666
0.0
0.0
0.010416666666666666
