31.327419335401157
29.978295896399295
22.88897825250806
17.74823934929885
22.46155697965111
22.636474378735947
15.581470476890884
18.530800892499265
20.089722217480016
18.858618719301795
13.705017329430856
29.858457763253615
29.149042294158942
55.80845216751074
12.93010054098575
41.032788726730736
20.370171269555403
35.90272854755977
17.503571064214295
23.449422861255062
32.72340796083789
19.048365722192298
31.433347949618717
22.298579924889086
14.974837117373644
21.618705350983245
36.07523003699661
31.488340237844486
19.694145703736428
46.249885438930406
19.327585352432298
20.367556805915985
53.483787782425765
21.351239601623874
17.06575518399347
39.01247663675473
23.621437685693483
13.228165972650933
20.813030106695713
24.87079035772188
34.777866524558405
16.510665526397396
39.247703400609595
20.208469071709075
17.006001341663275
21.443652835130035
12.199215617325752
51.64210168715703
13.114281337534283
32.04074554376037
33.07248816893296
19.157244060668017
11.382544832760647
19.430066906729888
21.473569494874646
19.587410923005283
17.92000399581084
17.831890852092684
16.688775732721187
17.37403645838073
20.937711314803266
14.055445761538675
18.266020365695425
15.892773417927415
23.175657727691593
23.144377767013356
17.266222776843573
25.586174855769276
