25.38042956661982
19.880767036489907
22.897766098632683
18.423415053193104
20.818211351493012
25.000977758657534
15.113230039347057
47.04033268811227
15.956147387630331
21.307855156209992
25.442336763748727
19.455031994221798
32.81705629201787
24.702527072143855
18.523325117462097
15.206577524216288
16.429990819776805
42.73496628932799
26.32448280710807
20.697023505975938
19.886070057025474
34.976960346806024
21.677561363462143
17.64227876437735
25.37818884664157
45.556255870951375
37.97346935690759
36.40703533964585
15.139678878470637
20.56249806153455
21.720161880123396
14.801905563729973
26.597421670270467
23.746438329428127
39.58484558514786
13.772952293391313
16.483905356512732
78.07278254936223
20.318179110512435
26.202118624419732
15.761776351350758
18.833148966649205
20.02820233792561
31.504453847748223
14.801689092802889
17.97296146298656
31.85311748871686
30.740962943946442
20.06787789437117
20.643643089338664
15.646263309670957
27.966497814349225
52.912118722390126
25.422651798933092
35.06464618051501
18.547955862214753
10.569557964056754
16.46701641943025
25.605103041681904
24.62948578935285
20.570532671869053
24.231649541584513
28.637088543297946
23.950469723994978
18.869719831799628
27.819357768767176
41.70623121575746
24.75
8.223543437391612
14.766502184906876
21.209137181884604
28.608441176939273
26.411401518615303
27.135723686682837
19.824917244467883
18.178469336136203
19.731940628555982
37.14979330840406
18.945814248826057
20.129683361869727
13.9742719601634
47.23302528619091
42.620803276948195
31.40436872474911
39.63049821651109
22.863788716376824
28.172459956489423
30.57092270244542
