38.19744733223625
25.975816744725382
38.04761613754533
11.560495738868426
23.42799807388587
16.921591670120264
26.954267646862498
27.171778660138454
25.53742351921979
28.16178035167836
25.335033956524143
14.232357499725758
16.76098887066147
28.773835228380662
24.57208782338204
33.971446416036414
14.876379487854788
18.246486128988323
34.50746922187667
12.395462879618492
10.96078869830492
17.521793073603444
17.672829113893705
14.793579688500008
20.337321559129805
14.47823805449509
27.319864567746304
37.53827978183859
34.00782051169523
23.383260241124038
20.960720420682506
21.45393828983491
38.485206392990946
18.408348213531198
27.36019457009727
19.66437133498043
32.833015706986544
15.461750998662366
29.292703869735206
25.202821711511234
15.210060345961427
19.04398774909696
19.629891610197422
26.472123702743104
20.030702058173365
42.7595018680059
18.5634939002636
21.424933553637402
29.141417642630604
47.77930746905215
12.558457060881326
33.00079497733051
28.655951916607368
17.11845645046706
16.536960856825093
13.532425621812099
33.69601590104245
17.168734143749955
21.28176437257232
24.239680900901206
19.599007468491866
22.633486062867664
26.10701800070029
18.329876568051407
19.963981407355046
27.261205647097363
24.601414427563604
36.82072014638993
18.738763946382033
24.559796288853864
16.679556722429627
15.456984419573528
13.891746089613159
18.292635092160957
21.026222694918992
21.566394575820965
30.93937455669044
44.080935662584224
18.915932438026946
