29.41620334765487
20.357470196411537
33.9832886184584
30.923039549824335
22.071223094538485
14.833330739622335
32.676019069375975
23.475821324316026
27.12982387981905
17.804590986810467
29.730035317839768
19.782820830205182
18.821070293174337
20.60272366028876
19.838906779916634
25.857697086456838
29.83489724718354
11.175256759303727
21.06376269248759
25.58977793365698
37.332961307670196
18.53895111200559
44.6079569413934
43.73208087844876
17.893613550529466
28.070228290182747
24.184476196289403
26.708651048233914
37.52627683753342
38.39588216609978
22.36736839628366
30.833980849056775
25.087601621160218
20.660961890976612
14.673140020536973
38.50603645858659
41.79413834498804
12.93259747932823
26.18155932030991
32.66783586342995
40.90065898399981
60.901888312268284
17.918307507815484
21.25964059759949
20.38126889778103
13.302989479281436
29.991079402882452
19.600213451565747
30.88842298590546
10.584297036175808
23.726498805389095
14.24484312147928
27.21782504168913
23.176786552562614
25.736101856643135
19.73565539195494
25.491077141823876
24.838343557040922
29.09621700066866
16.81098970911588
21.289668856043768
22.16772796804639
17.313568008593972
40.966110655299246
30.210232757549324
16.835148416994198
39.06049439295696
35.50654649145704
53.12981140098403
25.78971451955217
25.297342855635165
29.369879872924233
18.774161387462
18.57663620633139
14.66202814252099
23.72651470401837
11.8254500904308
36.59931693351667
