# ../../src/extractProb.py --suffix freeEnergyLandscapes/972 --dat_file ../../data/auxCoords/corebydppc/972.dat
# # column 0: midpoint of bin
# # column 1: Normalized probability
1.250000000000000069e-02	2.448551874548170540e-02
3.750000000000000555e-02	7.817450439763411196e-02
6.250000000000000000e-02	1.061152148910317755e-01
8.750000000000000833e-02	9.066373631874558026e-02
1.125000000000000028e-01	6.839758220343826467e-02
1.375000000000000111e-01	6.193381002678173541e-02
1.625000000000000333e-01	9.105345654935254052e-02
1.875000000000000000e-01	4.750572093815652597e-02
2.125000000000000222e-01	7.612308352072037765e-02
2.374999999999999889e-01	8.116186964735079556e-02
2.625000000000000111e-01	7.361178612774231522e-02
2.875000000000000333e-01	7.201895157030356598e-02
3.125000000000000000e-01	4.299203023175916794e-02
3.375000000000000222e-01	2.839654740489870946e-02
3.625000000000000444e-01	1.684493496267494908e-02
3.875000000000000111e-01	1.766550799767421798e-02
4.125000000000000333e-01	1.554490305835244668e-02
4.375000000000000000e-01	6.357554618773329953e-03
4.625000000000000222e-01	4.311756468081986938e-04
4.875000000000000444e-01	3.699138603518521869e-04
5.124999999999999556e-01	1.521972819676519655e-04
5.375000000000000888e-01	0.000000000000000000e+00
5.625000000000000000e-01	0.000000000000000000e+00
5.875000000000001332e-01	0.000000000000000000e+00
6.125000000000000444e-01	0.000000000000000000e+00
6.374999999999999556e-01	0.000000000000000000e+00
6.625000000000000888e-01	0.000000000000000000e+00
6.875000000000000000e-01	0.000000000000000000e+00
7.125000000000001332e-01	0.000000000000000000e+00
7.375000000000000444e-01	0.000000000000000000e+00
7.624999999999999556e-01	0.000000000000000000e+00
7.875000000000000888e-01	0.000000000000000000e+00
8.125000000000000000e-01	0.000000000000000000e+00
8.375000000000001332e-01	0.000000000000000000e+00
8.625000000000000444e-01	0.000000000000000000e+00
8.874999999999999556e-01	0.000000000000000000e+00
9.125000000000000888e-01	0.000000000000000000e+00
9.375000000000000000e-01	0.000000000000000000e+00
9.625000000000001332e-01	0.000000000000000000e+00
9.875000000000000444e-01	0.000000000000000000e+00
