1.462494064565354
10.655342893587743
18.724909137889618
20.220090776401506
54.47972099781716
23.756168789507193
57.75681777937562
54.77160755430537
48.47927392195556
33.63375673095015
33.001546036759045
31.608660807071992
46.23511598788547
41.65825248375164
56.31853849113787
38.665070209699444
21.941560991994898
57.51221019042526
31.255555061816164
58.83969217288615
57.32407871043372
98.1615377833905
49.733665660194404
82.50791207851255
97.84681905918046
121.14545894181185
84.92820497337736
58.24980686663261
60.411551507601224
51.324674594411434
41.62831568375866
36.314810093111674
57.52920453995518
63.11980176616527
41.10514144314826
44.143940694052226
83.05591920077529
82.4662809880499
38.450545437541514
57.356826581981984
74.36859216093848
51.57814998190179
33.491292400662395
84.53993139339539
91.87835791447965
74.10169515260631
65.5338947265054
86.13651954891142
38.359758528699906
91.34661505295449
72.33318740384665
110.52664334398693
93.86686132134699
117.09397934992217
78.46584536528546
81.61487397724134
133.09996243425465
117.19748290812393
92.03607988175072
80.54950168823034
125.13896275740821
