1.6583123951777
14.741540604379914
12.367320537770121
21.769467660515314
28.137929126990766
27.325562949965814
29.51084546399849
23.880904041821182
45.543658747085814
60.408792590335906
39.664719094283306
43.03659791770928
30.325548451576086
23.413949213054153
35.651227187854275
53.90549572293907
49.659789312442854
34.80619304635549
84.41184380760795
45.77585140036798
79.90070368263093
47.84558495828011
38.587044457952466
87.19085329298701
57.60015432078093
46.26281372640771
70.77821384829907
42.01916229531474
49.12728366193271
70.40496697676947
122.11076938583264
103.47830690536061
94.98549835611321
112.5464076616887
104.10443974682347
107.3417202114778
106.13427521305265
90.8167798372085
104.45984575424185
98.1592296984853
118.80104166209992
136.72834380624963
98.51677804087765
90.44470630147009
96.7698300091511
56.391050861674415
65.04889987540143
54.288580751388224
67.48091188912429
53.271028421983765
44.357449581026785
31.363035567368154
69.90116479362968
54.96262366372261
29.261320067129677
53.818625441797046
35.0234207352737
46.28131372379138
