0.4714045207910317
7.331970094533122
12.751145673088805
13.686688561773526
19.55069287357189
19.03628549085289
41.06837676665507
42.042954225410945
48.5057728523111
51.50864486537933
73.98538189868238
58.316721444196425
30.493733267591907
47.78031684371662
38.537773677263715
20.329533709074646
38.21708328150455
15.568136173136637
40.16547405574157
44.51895663647117
54.38552311017099
37.105929445305634
36.66826943654519
51.980380914341126
54.58377862413786
56.449933935500006
50.455945825401024
57.87054518492115
61.46088186806303
65.7030356139569
81.15920358487145
68.15678204533653
53.10125286239069
76.99112061180318
59.71992243634003
64.10195959945214
51.32325388056459
78.97088070928423
66.10172085505792
40.672130780452385
30.00138063884205
52.358857894342954
33.836016802482106
46.876662504953416
62.94193752975833
32.83068940285395
31.398671042097888
21.607855244887766
58.42648646793383
61.14580866547905
71.69534309996864
86.50091423369643
61.62659113316165
50.992493320095654
40.332644622219135
46.5
45.05240291332375
52.565303300857224
70.6872964368494
78.8275191654398
66.52396184834454
95.26640278713163
