0.4714045207910317
14.04940576925358
27.489237225963656
18.680039548968317
27.82718169014474
18.858390410872527
24.033999585892367
25.295901902506348
23.15977115603693
34.51283532932546
30.47959837595901
27.952199265656756
43.03123865286706
49.834045578955674
32.4257393351111
29.275695150254116
52.09019954740899
44.785522834455726
31.5722275988812
26.273774462185596
34.50102879124507
50.72705762214087
64.33323738238863
38.87342096012206
45.77540557004428
47.38945030278364
34.89062011344634
79.50776298576133
63.86269994640411
47.48694557454712
43.931053936822416
68.94567551949511
41.787823851239516
37.56556398662392
28.215641920388624
20.63912142832958
60.07170194858807
74.99795915590651
65.97188795236954
97.46224340168294
90.63023777967263
88.76795593005394
114.52440787884477
100.16080820360825
115.30758864879623
125.28841726193208
106.013961344721
111.72670738394264
115.32092900539202
80.1320339011987
142.62954637802085
138.3132676210059
130.49401327264022
60.63675722307891
154.00389605461285
157.05791129389183
137.84280902535323
143.39388255973668
150.92435191181042
13.0
149.52842539129475
116.8281486908468
132.12042066068196
142.3123325646797
110.52656897316405
134.28752320632356
114.56050530178365
138.63140577324702
167.02151807476784
127.297551691565
