0.009057971014492754
0.007246376811594203
0.002717391304347826
0.002113526570048309
0.0036231884057971015
0.004227053140096618
0.002113526570048309
0.0030193236714975845
0.005132850241545894
0.004830917874396135
0.007246376811594203
0.008152173913043478
0.006340579710144928
0.002717391304347826
0.00392512077294686
0.004227053140096618
0.003321256038647343
0.005132850241545894
0.006642512077294686
0.0030193236714975845
0.0024154589371980675
0.006340579710144928
0.006038647342995169
0.0036231884057971015
0.002717391304347826
0.004227053140096618
0.0024154589371980675
0.0018115942028985507
0.0015096618357487923
0.002717391304347826
0.002113526570048309
0.0006038647342995169
0.002113526570048309
0.003321256038647343
0.00030193236714975844
0.002113526570048309
0.0030193236714975845
0.004227053140096618
0.0024154589371980675
0.0030193236714975845
0.003321256038647343
0.0030193236714975845
0.002113526570048309
0.008454106280193236
0.0030193236714975845
0.002717391304347826
0.002717391304347826
0.002717391304347826
0.0030193236714975845
0.0015096618357487923
0.003321256038647343
0.003321256038647343
0.0018115942028985507
0.003321256038647343
0.0015096618357487923
0.005736714975845411
0.008152173913043478
0.0036231884057971015
0.006340579710144928
0.005434782608695652
0.005132850241545894
