0.009057971014492754
0.005132850241545894
0.007548309178743961
0.002113526570048309
0.0012077294685990338
0.0036231884057971015
0.0006038647342995169
0.005434782608695652
0.0018115942028985507
0.005434782608695652
0.002113526570048309
0.0036231884057971015
0.0036231884057971015
0.0006038647342995169
0.0006038647342995169
0.002717391304347826
0.002113526570048309
0.002717391304347826
0.005434782608695652
0.008756038647342996
0.0030193236714975845
0.0018115942028985507
0.004528985507246377
0.002717391304347826
0.002113526570048309
0.006038647342995169
0.003321256038647343
0.0036231884057971015
0.0036231884057971015
0.0018115942028985507
0.0030193236714975845
0.0030193236714975845
0.0015096618357487923
0.00392512077294686
0.006340579710144928
0.009963768115942028
0.004227053140096618
0.006944444444444444
0.0024154589371980675
0.00392512077294686
0.006944444444444444
0.0012077294685990338
0.00392512077294686
0.002717391304347826
0.0030193236714975845
