0.0036231884057971015
0.10144927536231885
0.18115942028985507
0.15217391304347827
0.23550724637681159
0.19202898550724637
0.18115942028985507
0.13768115942028986
0.10507246376811594
0.17753623188405798
0.2028985507246377
0.26811594202898553
0.2463768115942029
0.14855072463768115
0.16666666666666666
0.16304347826086957
0.10507246376811594
0.15217391304347827
0.18478260869565216
0.21739130434782608
0.16666666666666666
0.2753623188405797
0.2572463768115942
0.2028985507246377
0.13405797101449277
0.08333333333333333
0.13768115942028986
0.07246376811594203
0.09420289855072464
0.12681159420289856
0.2753623188405797
0.13043478260869565
0.16666666666666666
0.19927536231884058
0.213768115942029
0.17028985507246377
0.2463768115942029
0.25
0.14492753623188406
0.17028985507246377
0.2536231884057971
0.11956521739130435
0.09782608695652174
0.15579710144927536
0.20652173913043478
0.12318840579710146
0.11594202898550725
0.19927536231884058
0.213768115942029
0.2028985507246377
0.2246376811594203
0.13768115942028986
0.2644927536231884
0.17391304347826086
0.2463768115942029
0.2572463768115942
0.18478260869565216
0.20652173913043478
0.19202898550724637
0.06521739130434782
0.2246376811594203
0.13405797101449277
0.2028985507246377
0.06159420289855073
0.16666666666666666
0.11594202898550725
0.16666666666666666
0.15942028985507245
0.20652173913043478
0.2826086956521739
0.2608695652173913
0.21014492753623187
0.15942028985507245
0.06884057971014493
0.12681159420289856
0.12681159420289856
0.14492753623188406
0.10144927536231885
0.2427536231884058
0.2644927536231884
0.2318840579710145
0.13768115942028986
0.21014492753623187
0.23550724637681159
0.2608695652173913
0.19927536231884058
0.2753623188405797
0.2391304347826087
0.2717391304347826
0.32608695652173914
0.2463768115942029
0.15217391304347827
0.17391304347826086
0.18478260869565216
0.15579710144927536
0.17391304347826086
0.13405797101449277
0.23550724637681159
0.2608695652173913
0.2753623188405797
0.2717391304347826
0.35144927536231885
0.19927536231884058
0.10507246376811594
0.2210144927536232
0.16304347826086957
0.12318840579710146
0.15942028985507245
0.18840579710144928
0.16666666666666666
0.19202898550724637
0.12318840579710146
0.2463768115942029
0.213768115942029
0.22826086956521738
0.2210144927536232
0.21014492753623187
0.1956521739130435
0.213768115942029
0.2391304347826087
0.12318840579710146
0.07608695652173914
0.07608695652173914
0.08695652173913043
0.17753623188405798
0.2753623188405797
0.15942028985507245
0.21739130434782608
0.07971014492753623
0.19927536231884058
