0.0
0.07246376811594203
0.18840579710144928
0.23550724637681159
0.2028985507246377
0.16304347826086957
0.13405797101449277
0.13043478260869565
0.11594202898550725
0.21014492753623187
0.18840579710144928
0.213768115942029
0.19202898550724637
0.17753623188405798
0.2463768115942029
0.2826086956521739
0.2536231884057971
0.2391304347826087
0.17391304347826086
0.15942028985507245
0.13405797101449277
0.14130434782608695
0.17028985507246377
0.11594202898550725
0.15942028985507245
0.16666666666666666
0.19927536231884058
0.11231884057971014
0.07246376811594203
0.07246376811594203
0.2318840579710145
0.2463768115942029
0.2753623188405797
0.21014492753623187
0.2898550724637681
0.18115942028985507
0.12318840579710146
0.14130434782608695
0.09782608695652174
0.16666666666666666
0.22826086956521738
0.21739130434782608
0.08333333333333333
0.15579710144927536
0.10869565217391304
0.14492753623188406
0.11594202898550725
0.17028985507246377
0.10869565217391304
0.15217391304347827
0.06159420289855073
0.2210144927536232
0.12318840579710146
0.11594202898550725
0.13405797101449277
0.20652173913043478
0.17391304347826086
0.13043478260869565
0.21739130434782608
0.04710144927536232
0.15217391304347827
0.17028985507246377
0.14130434782608695
0.21014492753623187
0.2608695652173913
0.2608695652173913
0.2608695652173913
0.19202898550724637
0.18115942028985507
0.19202898550724637
0.1956521739130435
0.25
0.2391304347826087
0.13768115942028986
0.2246376811594203
0.14130434782608695
0.213768115942029
0.22826086956521738
0.16304347826086957
0.17391304347826086
0.09782608695652174
0.14855072463768115
0.27898550724637683
0.19202898550724637
0.2463768115942029
0.213768115942029
0.3079710144927536
0.26811594202898553
0.36594202898550726
0.2536231884057971
0.25
0.14855072463768115
0.17753623188405798
0.21014492753623187
0.22826086956521738
0.09057971014492754
0.10507246376811594
0.15217391304347827
0.12681159420289856
0.31521739130434784
0.2391304347826087
0.17753623188405798
0.17028985507246377
0.13043478260869565
0.2608695652173913
0.16304347826086957
0.18840579710144928
0.23550724637681159
0.19927536231884058
0.15579710144927536
0.16666666666666666
0.15217391304347827
0.11956521739130435
