0.0
0.13043478260869565
0.14130434782608695
0.18840579710144928
0.26811594202898553
0.19202898550724637
0.14130434782608695
0.14855072463768115
0.15217391304347827
0.19927536231884058
0.2971014492753623
0.20652173913043478
0.2028985507246377
0.18840579710144928
0.08695652173913043
0.10144927536231885
0.12318840579710146
0.10144927536231885
0.14855072463768115
0.07246376811594203
0.12318840579710146
0.10869565217391304
0.14130434782608695
0.10869565217391304
0.22826086956521738
0.2391304347826087
0.2898550724637681
0.22826086956521738
0.1956521739130435
0.08695652173913043
0.18840579710144928
0.13768115942028986
0.17391304347826086
0.1956521739130435
0.19202898550724637
0.18478260869565216
0.2608695652173913
0.22826086956521738
0.286231884057971
0.19927536231884058
0.2971014492753623
0.2753623188405797
0.34782608695652173
0.286231884057971
0.213768115942029
0.17028985507246377
0.13768115942028986
0.13768115942028986
0.1956521739130435
0.2210144927536232
0.2028985507246377
0.26811594202898553
0.2608695652173913
0.2753623188405797
0.2210144927536232
0.34782608695652173
0.286231884057971
0.26811594202898553
0.2318840579710145
0.16304347826086957
0.2210144927536232
0.14492753623188406
0.2318840579710145
0.12681159420289856
0.2536231884057971
0.21739130434782608
0.07246376811594203
0.11231884057971014
0.18840579710144928
0.18840579710144928
