0.0
0.06884057971014493
0.2753623188405797
0.2210144927536232
0.13405797101449277
0.15579710144927536
0.17028985507246377
0.19927536231884058
0.12318840579710146
0.2028985507246377
0.16666666666666666
0.2572463768115942
0.2572463768115942
0.213768115942029
0.17753623188405798
0.17753623188405798
0.2391304347826087
0.17753623188405798
0.17391304347826086
0.20652173913043478
0.17028985507246377
0.17753623188405798
0.2463768115942029
0.15217391304347827
0.1956521739130435
0.11594202898550725
0.2753623188405797
0.2644927536231884
0.23550724637681159
0.1956521739130435
0.10144927536231885
0.17028985507246377
0.2826086956521739
0.322463768115942
0.2536231884057971
0.25
0.286231884057971
0.26811594202898553
0.2898550724637681
0.2717391304347826
0.17028985507246377
0.20652173913043478
0.23550724637681159
0.2318840579710145
0.2246376811594203
0.23550724637681159
0.34057971014492755
0.26811594202898553
0.1956521739130435
0.21014492753623187
0.18115942028985507
0.2753623188405797
0.12318840579710146
0.2028985507246377
0.2427536231884058
0.3115942028985507
0.19927536231884058
0.19927536231884058
0.21739130434782608
0.2246376811594203
0.2318840579710145
0.18478260869565216
0.18115942028985507
0.18840579710144928
0.14855072463768115
0.14130434782608695
0.15217391304347827
0.15579710144927536
0.15579710144927536
0.14492753623188406
0.17028985507246377
0.12681159420289856
0.10507246376811594
0.14492753623188406
0.18115942028985507
0.12681159420289856
0.14855072463768115
0.19202898550724637
0.20652173913043478
0.2608695652173913
0.2318840579710145
0.14855072463768115
0.10507246376811594
0.14130434782608695
0.17753623188405798
0.15579710144927536
0.18115942028985507
0.15217391304347827
0.16304347826086957
0.2028985507246377
0.15942028985507245
0.11231884057971014
0.06884057971014493
0.16304347826086957
0.11594202898550725
0.25
0.2391304347826087
0.2210144927536232
0.2826086956521739
0.2717391304347826
0.2644927536231884
0.17028985507246377
0.10507246376811594
0.12681159420289856
0.23550724637681159
0.32971014492753625
0.213768115942029
0.17028985507246377
0.2028985507246377
0.26811594202898553
0.2898550724637681
0.25
0.2536231884057971
0.2826086956521739
0.15942028985507245
0.2463768115942029
0.18840579710144928
0.20652173913043478
0.14492753623188406
0.13768115942028986
0.17391304347826086
0.14855072463768115
0.16304347826086957
0.213768115942029
0.07971014492753623
0.11594202898550725
0.11231884057971014
0.13043478260869565
