18.525178061822302
11.05667219374799
17.832554500127006
8.799350625391138
6.456958083517942
10.726683009908596
9.15204895091804
2.913725436338734
11.922201511838695
4.88460592064498
6.942915931555924
6.52251560952852
7.888106377466155
7.4404300950953095
3.053246477044848
5.0534334944317445
12.204917041913886
2.48746859276655
4.271404682207444
0.3726779962499649
6.390579486465958
4.955804677345547
9.675193796508678
7.762087348130012
4.428247395979588
12.152097324649564
7.959608778126375
4.189935029992178
7.771743691090179
2.3323807579381204
1.6153559979150107
6.106492954089696
9.907572861200668
9.297176990893526
11.419639366692195
9.092121131323903
19.905778055629977
7.46240577829965
11.710499667782576
6.812353724323637
8.993825042154693
4.291063171347617
9.188987974744553
6.770524351924302
7.29657453878188
8.971621926942753
10.099504938362077
11.62492532831454
6.32065006814573
4.681705602335411
7.241853660800143
6.474439539214091
2.449489742783178
8.5
12.96148139681572
10.392304845413264
8.993825042154693
9.879777325425913
4.349329450233296
8.94427190999916
2.3323807579381204
14.9248115565993
5.348773223833667
9.827681991870378
20.8539897594894
3.5542443727499227
7.810249675906654
6.701759488888987
