7.748548251124206
0.39999999999999997
17.684739183827393
5.385164807134504
20.668514702319566
4.995998398718719
1.4142135623730951
2.2852182001336816
2.498979383505129
14.56784892227477
4.715930449020639
8.227393268830658
11.823809417264913
9.569918146637061
9.663734014450151
8.85663593019381
9.082090893621357
6.323319934970869
5.5217565971679115
7.642523357197289
8.132581932503902
13.609188072769074
8.576712656956627
2.9674156357941426
7.472398188926869
10.446955962809879
12.543800810580109
13.0843417870369
4.409081537009721
13.188536689109979
7.0992957397195395
8.541585197488251
3.711842908553348
8.694826047713663
18.34393632784414
13.423393758658799
8.015417243053971
6.4142698058981855
0.39999999999999997
8.565045242145542
9.413255281782174
10.70436048222094
1.4142135623730951
11.653754759733019
8.99652710772329
2.494438257849294
11.92644121270046
10.407736913196883
7.296551885753133
10.788883167408942
9.242948596926855
2.70801280154532
2.6874192494328497
3.526683994916471
7.917701686727027
8.274607894182607
10.5
13.889444433333777
7.088363560031587
7.39509972887452
2.0463381929681126
3.872983346207417
6.455499158682859
6.183395103015818
7.36082999272624
2.958039891549808
11.740389035031061
10.91151797367332
8.770214744615247
9.938586931957763
17.249798710580816
10.747284877186653
20.291870293297265
9.812528434899656
4.205650960315181
6.869315832017043
9.149809192789915
5.527707983925667
4.179978734661485
3.314268395890713
10.823072063369478
13.437096247164249
9.390039377242932
9.790301323248432
8.193930428540908
5.276052946462682
14.132529676661868
5.463515351859094
