9.228670941524504
12.852528934026953
5.251983752196243
9.357112565078799
5.748043145279966
5.196152422706632
6.6687496745808525
3.9845380171202462
4.214261501141095
5.043808085167397
8.260750571225351
3.6314597615834874
5.977823600609171
6.874976808866267
29.889592755707476
13.621877827801702
8.043271403852605
9.619938143072606
11.505657968549917
7.411983540186797
13.870832707519762
10.329150885948533
4.749268949591669
3.299831645537222
7.164728420068226
5.656854249492381
23.570226039551585
9.072358695934167
13.699908758820257
17.281975195754296
8.492493684401056
11.475626344561764
10.6092203085597
5.996597674804388
9.753998968001206
8.5
10.342146779078318
0.0
1.9720265943665387
8.109253973085318
6.18465843842649
2.598076211353316
7.104380495315705
5.402545696243577
7.241374178980119
7.542472332656507
5.727128425310541
7.3484692283495345
3.960744879438715
8.694826047713663
5.2141634036535525
6.25359400797085
5.431390245600108
10.228787766571058
6.343500610861482
14.880860190190619
6.377042156569663
12.277392842130613
9.07717256244449
9.202927661946518
4.06578556307363
2.85657137141714
6.7592529172978875
16.40243884305014
9.478224237370497
6.954090522850562
8.19997984274886
3.031088913245535
17.519037264263886
6.0608889612003285
3.8262252939417984
6.118823416311343
7.326217945690335
11.86966254317657
12.619033243477887
13.094740250276912
4.94064773081425
10.656244908763854
7.321842322803735
