10.86206126847018
5.354126134736337
4.017323597731316
5.98970309864158
4.776643856371567
5.550275268448904
4.174754056057845
7.244984190346266
14.955076763014436
10.398984993204332
9.908960591303208
8.358694191980069
4.924428900898052
13.296825017858795
9.67923034130297
3.8586123009300755
5.0682837331783235
11.160446028522138
7.137051211810099
9.73094846480503
14.64368464560747
5.388877434122993
5.535341001239218
0.6849348892187752
7.0660451514861
3.344772040064913
13.817148050408724
4.223742416388575
12.746935906326666
3.9370039370059056
6.567785202725178
8.953928719069236
6.701759488888987
13.734991809244008
7.519671172694625
7.122806679954188
5.940538696111659
4.533823502911814
4.223742416388575
4.635124054434789
10.677078252031311
3.0912061651652345
6.033917737697965
7.086763875156433
9.428090415820632
14.044015629441603
4.0
9.27718253040649
6.266203485560374
8.13557004763649
9.82499935088537
11.08552609887726
11.29089788280808
9.196919774214264
23.76446927663229
5.844655678480984
7.881779556647841
5.043560250458004
8.283077628514658
12.267844146385297
6.948792289723034
10.445543308033336
17.21162397916013
2.0701966780270626
6.791351042288408
7.842457027705346
7.850646665162335
11.627015954233485
4.81217464286038
4.322904116447646
6.75347132962005
11.84271928232701
7.079720967636496
6.06630035524124
4.657252408878008
10.456258094238748
8.77826014878059
9.522998477370455
