6.491447364716816
12.0
14.89966442575134
0.0
12.0
12.027745701779143
2.8674417556808756
8.48528137423857
0.4714045207910317
0.0
3.031088913245535
11.090536506409418
3.299831645537222
12.96148139681572
5.0990195135927845
11.648497757221744
7.648529270389178
5.185449728701348
17.5
1.7853571071357126
6.870225614927067
2.7129319932501073
19.73716179078328
14.5
20.412414523193153
4.496912521077347
18.0
11.313708498984761
11.313708498984761
11.313708498984761
15.0
13.275541420220872
2.0
24.5
5.5
0.5
18.0
2.0
6.675327707311455
2.9154759474226504
0.0
0.0
18.39157415774952
0.0
0.0
8.407585860400118
12.39175353029407
14.8
9.310612224768036
20.5
0.0
12.0
13.423393758658799
9.310612224768036
2.947456530637899
17.0
6.7592529172978875
6.858571279792899
12.0
5.84700778176325
0.4714045207910317
13.92838827718412
1.7320508075688772
11.55662388223981
0.0
6.06217782649107
20.5
12.5
14.0
5.2
