12.708265027138834
3.559026084010437
1.699673171197595
0.0
15.449514555480375
6.0
9.568466729604882
10.54454835448157
11.313708498984761
8.48528137423857
12.0
7.542472332656507
0.0
0.0
10.03327796219494
0.4714045207910317
4.636809247747852
18.732028424302822
7.5
2.5
0.0
15.3260852434302
1.5999999999999999
4.330127018922194
0.0
1.299038105676658
22.0
15.755069730795299
8.814051281902097
6.377042156569663
2.943920288775949
9.46337971105226
12.419742348374221
8.357032966310472
4.791659420284375
2.345207879911715
3.39934634239519
11.55662388223981
15.3260852434302
17.5
11.313708498984761
12.0
18.0
15.69146972791976
1.0
12.0
12.0
16.391054470858997
5.656854249492381
16.99673171197595
8.48528137423857
0.0
15.5
12.0
10.498677165349081
0.0
6.548960901462833
3.0
14.0
11.755317945508747
16.5
1.5
11.313708498984761
0.9428090415820634
5.11737237261468
21.5
0.0
