11.313708498984761
16.0
0.0
2.6246692913372702
12.364824660660938
12.0
10.97977939466707
2.9154759474226504
4.085033659592048
7.0710678118654755
1.247219128924647
2.8284271247461903
11.5
1.5
4.10960933531265
0.9428090415820634
1.8856180831641267
0.0
18.0
4.320493798938574
11.313708498984761
1.699673171197595
15.0
5.338539126015656
14.8387162517517
0.82915619758885
17.0
26.66533329999833
5.436502143433363
4.5
29.5
4.336537277085896
1.2000000000000002
10.392304845413264
2.6246692913372702
26.246692913372705
12.0
7.088723439378913
16.110727964792762
12.083045973594572
8.178562764256865
15.0
7.189401922274203
5.656854249492381
14.0
6.5383484153110105
6.343500610861482
0.0
18.785337071473826
5.642694391866353
1.0
13.736356867816154
2.6246692913372702
11.305111921407747
2.3392781412697
0.0
0.4714045207910317
0.0
12.0
6.196773353931867
12.0
12.832251036613439
0.0
1.4142135623730951
0.4714045207910317
20.5
3.7416573867739413
6.4
26.0
12.0
6.377042156569663
22.0
12.0
17.613126418163876
13.5
0.0
4.5
17.90716802475106
9.093266739736606
