2.160246899469287
8.013876853447538
0.0
1.4142135623730951
6.87386354243376
0.4714045207910317
0.0
9.0
1.5
2.7129319932501073
12.96148139681572
0.5
13.0
4.5
12.0
5.744562646538029
5.535341001239218
18.411952639521967
11.313708498984761
11.313708498984761
16.224980739587952
8.584142356694699
8.48528137423857
0.4714045207910317
12.0
14.854853303438128
5.5
11.785113019775793
12.5
1.5
6.896053621859067
0.0
11.313708498984761
6.652067347825035
12.5
8.219218670625303
12.364824660660938
2.756809750418044
14.5
12.0
12.0
11.897712198383164
0.4714045207910317
0.0
