0.0842013888888889
0.029947916666666668
0.05685763888888889
0.03342013888888889
0.030815972222222224
0.03602430555555555
0.055989583333333336
0.05295138888888889
0.051215277777777776
0.03993055555555555
0.045572916666666664
0.03602430555555555
0.04296875
0.019965277777777776
0.059895833333333336
0.0681423611111111
0.030381944444444444
0.03602430555555555
0.036458333333333336
0.052083333333333336
0.05555555555555555
0.06032986111111111
0.044270833333333336
0.047309027777777776
0.05164930555555555
0.028645833333333332
0.021701388888888888
0.04470486111111111
0.02734375
0.05859375
0.041666666666666664
0.026041666666666668
0.028211805555555556
0.041666666666666664
0.046875
0.03342013888888889
0.029513888888888888
0.03125
0.041666666666666664
0.055121527777777776
0.03689236111111111
0.05251736111111111
0.036458333333333336
0.029947916666666668
0.03428819444444445
0.036458333333333336
0.026475694444444444
0.050347222222222224
0.03298611111111111
0.029947916666666668
0.038628472222222224
0.03993055555555555
0.033854166666666664
0.06944444444444445
0.05164930555555555
0.03819444444444445
0.06901041666666667
0.026041666666666668
0.04123263888888889
0.034722222222222224
0.024739583333333332
