0.03602430555555555
0.04991319444444445
0.046875
0.05642361111111111
0.0546875
0.0390625
0.047309027777777776
0.0681423611111111
0.05685763888888889
0.049479166666666664
0.03515625
0.015625
0.05164930555555555
0.03819444444444445
0.03993055555555555
0.028211805555555556
0.026475694444444444
0.03993055555555555
0.05555555555555555
0.035590277777777776
0.041666666666666664
0.04383680555555555
0.026041666666666668
0.038628472222222224
0.07378472222222222
0.01953125
0.06336805555555555
0.05642361111111111
0.046440972222222224
0.017361111111111112
0.029513888888888888
0.024305555555555556
0.057291666666666664
0.037760416666666664
0.016059027777777776
0.017795138888888888
0.04513888888888889
0.034722222222222224
0.024739583333333332
0.04210069444444445
0.054253472222222224
0.029947916666666668
0.03689236111111111
0.05381944444444445
0.023871527777777776
