0.028211805555555556
0.030815972222222224
0.055989583333333336
0.05946180555555555
0.021267361111111112
0.05555555555555555
0.03515625
0.048177083333333336
0.05164930555555555
0.026475694444444444
0.028645833333333332
0.06510416666666667
0.0390625
0.027777777777777776
0.045572916666666664
0.05078125
0.029079861111111112
0.031684027777777776
0.055989583333333336
0.047309027777777776
0.06293402777777778
0.05164930555555555
0.039496527777777776
0.054253472222222224
0.04123263888888889
0.043402777777777776
0.033854166666666664
0.057291666666666664
0.05164930555555555
0.026041666666666668
0.04774305555555555
0.032552083333333336
0.050347222222222224
0.0685763888888889
0.029513888888888888
0.04383680555555555
0.028645833333333332
0.030815972222222224
0.0390625
0.031684027777777776
0.03819444444444445
0.07725694444444445
0.026909722222222224
0.03689236111111111
0.05164930555555555
0.06553819444444445
0.028211805555555556
0.04210069444444445
0.026909722222222224
0.03993055555555555
0.033854166666666664
0.050347222222222224
0.043402777777777776
