# ../../src/prob2kcalPerMol.py --suffix freeEnergyLandscapes/10110 --dat_file ../../data/auxCoords/stdclusdipc/10110.dat
# # column 0: midpoint of bin
# # column 1: delG of the bin in kcal per mol
5.000000000000000000e+00	2.685739586302143156e+00
1.500000000000000000e+01	0.000000000000000000e+00
2.500000000000000000e+01	1.028009786140471893e-01
3.500000000000000000e+01	9.961402006817527965e-01
4.500000000000000000e+01	2.411386492404041793e+00
5.500000000000000000e+01	2.228592577939797259e+00
6.500000000000000000e+01	1.461478299342962694e+00
7.500000000000000000e+01	1.242452100260430070e+00
8.500000000000000000e+01	1.174961058505026967e+00
9.500000000000000000e+01	7.540958604994466574e-01
1.050000000000000000e+02	9.922399352507376147e-01
1.150000000000000000e+02	8.217725395247502673e-01
1.250000000000000000e+02	1.158315742244877100e+00
1.350000000000000000e+02	1.118665870210238777e+00
1.450000000000000000e+02	1.122157759484693207e+00
1.550000000000000000e+02	1.502234165829356760e+00
1.650000000000000000e+02	1.496544288285264424e+00
1.750000000000000000e+02	1.934826958659778162e+00
1.850000000000000000e+02	2.096173167648022417e+00
1.950000000000000000e+02	3.100173612817191948e+00
2.050000000000000000e+02	2.626533453171207011e+00
2.150000000000000000e+02	1.135631617614746247e+01
2.250000000000000000e+02	inf
2.350000000000000000e+02	1.327917779010409127e+01
2.450000000000000000e+02	inf
2.550000000000000000e+02	inf
2.650000000000000000e+02	inf
2.750000000000000000e+02	inf
2.850000000000000000e+02	inf
2.950000000000000000e+02	inf
3.050000000000000000e+02	inf
3.150000000000000000e+02	inf
3.250000000000000000e+02	inf
3.350000000000000000e+02	inf
3.450000000000000000e+02	inf
3.550000000000000000e+02	inf
3.650000000000000000e+02	inf
3.750000000000000000e+02	inf
3.850000000000000000e+02	inf
3.950000000000000000e+02	inf
4.050000000000000000e+02	inf
4.150000000000000000e+02	inf
4.250000000000000000e+02	inf
4.350000000000000000e+02	inf
4.450000000000000000e+02	inf
4.550000000000000000e+02	inf
4.650000000000000000e+02	inf
4.750000000000000000e+02	inf
4.850000000000000000e+02	inf
4.950000000000000000e+02	inf
5.050000000000000000e+02	inf
5.150000000000000000e+02	inf
5.250000000000000000e+02	inf
5.350000000000000000e+02	inf
5.450000000000000000e+02	inf
5.550000000000000000e+02	inf
5.650000000000000000e+02	inf
5.750000000000000000e+02	inf
5.850000000000000000e+02	inf
5.950000000000000000e+02	inf
6.050000000000000000e+02	inf
6.150000000000000000e+02	inf
6.250000000000000000e+02	inf
6.350000000000000000e+02	inf
6.450000000000000000e+02	inf
6.550000000000000000e+02	inf
6.650000000000000000e+02	inf
6.750000000000000000e+02	inf
6.850000000000000000e+02	inf
6.950000000000000000e+02	inf
7.050000000000000000e+02	inf
7.150000000000000000e+02	inf
7.250000000000000000e+02	inf
7.350000000000000000e+02	inf
7.450000000000000000e+02	inf
7.550000000000000000e+02	inf
7.650000000000000000e+02	inf
7.750000000000000000e+02	inf
7.850000000000000000e+02	inf
7.950000000000000000e+02	inf
