0.09375
0.2517361111111111
0.234375
0.2222222222222222
0.296875
0.1909722222222222
0.15104166666666666
0.1701388888888889
0.3958333333333333
0.2517361111111111
0.3541666666666667
0.2951388888888889
0.24305555555555555
0.2829861111111111
0.2326388888888889
0.18229166666666666
0.2743055555555556
0.234375
0.13368055555555555
0.1284722222222222
0.2604166666666667
0.3159722222222222
0.21354166666666666
0.2048611111111111
0.21006944444444445
0.3732638888888889
0.3611111111111111
0.2569444444444444
0.1753472222222222
0.2013888888888889
0.3454861111111111
0.0798611111111111
0.1857638888888889
0.1909722222222222
0.2690972222222222
0.0954861111111111
0.16666666666666666
0.15625
0.22569444444444445
0.11631944444444445
0.3524305555555556
0.1909722222222222
0.2586805555555556
0.16319444444444445
0.09027777777777778
0.14583333333333334
0.13541666666666666
0.2638888888888889
0.2743055555555556
0.2586805555555556
0.2760416666666667
0.17708333333333334
0.24131944444444445
0.3767361111111111
0.1076388888888889
0.09722222222222222
0.13194444444444445
0.3003472222222222
0.2690972222222222
0.2760416666666667
0.16145833333333334
0.2847222222222222
0.14583333333333334
0.1736111111111111
0.18055555555555555
0.3090277777777778
0.1909722222222222
0.2795138888888889
0.21006944444444445
0.12152777777777778
0.2204861111111111
0.2673611111111111
0.08854166666666667
0.234375
0.140625
0.2638888888888889
0.1284722222222222
0.234375
0.13541666666666666
0.1579861111111111
0.34375
0.3211805555555556
0.2170138888888889
0.1232638888888889
0.2534722222222222
0.3020833333333333
0.2569444444444444
0.19270833333333334
0.3055555555555556
0.2013888888888889
0.0798611111111111
0.22916666666666666
0.296875
0.1232638888888889
0.17881944444444445
0.13020833333333334
0.2361111111111111
0.3211805555555556
0.234375
0.2482638888888889
0.1996527777777778
0.2986111111111111
0.2638888888888889
0.1840277777777778
0.1875
0.16319444444444445
0.1753472222222222
0.13541666666666666
0.19270833333333334
0.2725694444444444
0.20833333333333334
0.1388888888888889
0.21006944444444445
0.03993055555555555
0.1597222222222222
0.3715277777777778
0.3038194444444444
0.3315972222222222
