0.16319444444444445
0.2222222222222222
0.2899305555555556
0.3541666666666667
0.17881944444444445
0.125
0.171875
0.23958333333333334
0.2777777777777778
0.2152777777777778
0.24305555555555555
0.05555555555555555
0.2760416666666667
0.3489583333333333
0.1371527777777778
0.2569444444444444
0.140625
0.3107638888888889
0.3159722222222222
0.1701388888888889
0.2829861111111111
0.19618055555555555
0.15625
0.08333333333333333
0.14930555555555555
0.22569444444444445
0.1753472222222222
0.19270833333333334
0.2326388888888889
0.3038194444444444
0.2065972222222222
0.109375
0.1840277777777778
0.15625
0.234375
0.2465277777777778
0.2951388888888889
0.03993055555555555
0.21354166666666666
0.2899305555555556
0.17708333333333334
0.13368055555555555
0.19444444444444445
0.11805555555555555
0.140625
0.265625
0.3663194444444444
0.125
0.05381944444444445
0.2847222222222222
0.15104166666666666
0.2152777777777778
0.2378472222222222
0.4166666666666667
0.2222222222222222
0.3263888888888889
0.2013888888888889
0.296875
0.13368055555555555
0.265625
0.2309027777777778
0.28125
0.2795138888888889
0.2986111111111111
0.22916666666666666
0.03993055555555555
0.043402777777777776
0.17708333333333334
0.15104166666666666
0.10069444444444445
0.2847222222222222
0.2795138888888889
0.1423611111111111
0.2847222222222222
0.3211805555555556
0.09375
0.3315972222222222
0.2170138888888889
0.19270833333333334
0.21354166666666666
0.20833333333333334
0.1527777777777778
0.2881944444444444
0.21354166666666666
0.03993055555555555
0.2586805555555556
0.2604166666666667
0.234375
0.13020833333333334
0.20833333333333334
0.08680555555555555
0.24131944444444445
0.11979166666666667
0.3402777777777778
0.2552083333333333
0.19618055555555555
0.203125
0.2048611111111111
0.265625
0.1857638888888889
0.171875
0.13541666666666666
0.2309027777777778
0.2951388888888889
0.2170138888888889
0.2326388888888889
0.2586805555555556
