0.24131944444444445
0.2743055555555556
0.19444444444444445
0.24305555555555555
0.0798611111111111
0.05555555555555555
0.2465277777777778
0.08333333333333333
0.21354166666666666
0.3697916666666667
0.21875
0.19791666666666666
0.2916666666666667
0.22743055555555555
0.14756944444444445
0.059027777777777776
0.16145833333333334
0.19270833333333334
0.3385416666666667
0.2065972222222222
0.13194444444444445
0.2864583333333333
0.34375
0.0798611111111111
0.1736111111111111
0.19444444444444445
0.14930555555555555
0.03993055555555555
0.1440972222222222
0.19444444444444445
0.2534722222222222
0.19791666666666666
0.1111111111111111
0.22743055555555555
0.203125
0.2465277777777778
0.18229166666666666
0.2777777777777778
0.2048611111111111
0.2222222222222222
0.2482638888888889
0.16666666666666666
0.1111111111111111
0.2951388888888889
0.11631944444444445
0.1909722222222222
0.2326388888888889
0.1545138888888889
0.2586805555555556
0.25
0.1736111111111111
0.14583333333333334
0.1111111111111111
0.3177083333333333
0.2899305555555556
0.2725694444444444
0.2604166666666667
0.07118055555555555
0.24305555555555555
0.2361111111111111
0.08159722222222222
0.14583333333333334
0.05555555555555555
0.16666666666666666
0.10590277777777778
0.2309027777777778
0.05555555555555555
0.2951388888888889
0.18055555555555555
0.10069444444444445
0.0
0.11979166666666667
0.2309027777777778
0.10069444444444445
0.3125
0.19791666666666666
0.1232638888888889
0.2864583333333333
0.2673611111111111
0.4010416666666667
0.11805555555555555
0.2378472222222222
0.21180555555555555
0.24479166666666666
0.2725694444444444
0.109375
0.19791666666666666
0.13368055555555555
0.1875
0.2760416666666667
0.24305555555555555
0.1284722222222222
0.1753472222222222
0.234375
0.17708333333333334
0.19444444444444445
0.20833333333333334
0.1753472222222222
0.1701388888888889
0.13541666666666666
0.1753472222222222
0.2708333333333333
0.2760416666666667
0.20833333333333334
0.12152777777777778
0.0642361111111111
0.2673611111111111
0.2482638888888889
0.2690972222222222
0.09027777777777778
0.2517361111111111
0.3090277777777778
0.1892361111111111
0.22569444444444445
0.3107638888888889
0.08333333333333333
0.3541666666666667
0.25
0.2604166666666667
