0.14756944444444445
0.1423611111111111
0.2777777777777778
0.265625
0.19791666666666666
0.2847222222222222
0.1423611111111111
0.22916666666666666
0.21875
0.2204861111111111
0.2638888888888889
0.2204861111111111
0.19444444444444445
0.3125
0.22916666666666666
0.3524305555555556
0.28125
0.1284722222222222
0.17708333333333334
0.15104166666666666
0.3333333333333333
0.171875
0.18229166666666666
0.11458333333333333
0.1076388888888889
0.2621527777777778
0.125
0.4461805555555556
0.09375
0.05381944444444445
0.140625
0.0798611111111111
0.1284722222222222
0.2222222222222222
0.1232638888888889
0.1996527777777778
0.16493055555555555
0.109375
0.2881944444444444
0.1684027777777778
0.265625
0.1840277777777778
0.2690972222222222
0.14756944444444445
0.1388888888888889
0.1875
0.2378472222222222
0.3402777777777778
0.3368055555555556
0.3107638888888889
0.2048611111111111
0.2065972222222222
0.03993055555555555
0.21180555555555555
0.3402777777777778
0.08680555555555555
0.1527777777777778
0.16493055555555555
0.21354166666666666
0.203125
0.125
0.2743055555555556
0.3298611111111111
0.1684027777777778
0.2013888888888889
0.265625
0.16493055555555555
0.22916666666666666
0.12152777777777778
0.1753472222222222
0.3194444444444444
0.2881944444444444
0.1232638888888889
0.2465277777777778
0.19270833333333334
0.140625
0.13194444444444445
0.1840277777777778
0.1701388888888889
0.21006944444444445
0.078125
0.3854166666666667
0.0798611111111111
0.3871527777777778
0.22569444444444445
0.2170138888888889
0.14756944444444445
0.10416666666666667
0.19618055555555555
0.22743055555555555
0.14930555555555555
0.24479166666666666
0.2378472222222222
0.17881944444444445
0.3489583333333333
0.3142361111111111
0.04513888888888889
0.34375
0.19444444444444445
0.2829861111111111
0.2309027777777778
0.2326388888888889
0.4027777777777778
0.10069444444444445
0.1423611111111111
0.20833333333333334
0.17708333333333334
0.21354166666666666
0.10590277777777778
0.21875
0.3715277777777778
0.06076388888888889
0.234375
0.3420138888888889
0.09027777777777778
0.08159722222222222
