18.0
20.809613163151305
28.158282775923833
47.79353745248642
20.0
0.5
36.935379004718804
47.32071428032337
32.145917314645104
28.98706608127149
35.52463933666322
44.51466674654047
42.33792626003309
22.00504992546534
37.49666651850535
40.5670740872447
25.85899263312475
19.59379153371462
24.119701490690137
21.219095173922945
18.238420984284797
6.5
22.5
39.802289158065044
3.0
6.0
40.43375927228247
17.0
0.0
8.0
52.46797965320266
54.35888969514452
5.0
1.5
4.0
33.7441352929167
49.74825513411389
12.636751956100111
30.922843048824312
4.0
44.1235638733873
1.0
25.0
13.0
20.5
0.5
3.5
56.40921910468182
1.5
32.751908341347075
3.0
28.39013913315678
35.5
23.24193408475293
47.41542177627678
21.106870919205434
45.33486517019765
29.790938219532464
21.358546298847212
20.805982045769646
7.5
10.5
14.5
