0.0
9.0
36.0
16.937794687883333
6.0
15.5
53.85371131335539
49.13473539383541
34.16869912653978
40.5
32.38312317653544
31.028212968200407
0.0
57.09251750935105
18.538810641462412
12.5
12.0
3.0
52.689868307125444
4.0
24.0
31.5
58.25423208278996
30.0
38.5
8.5
27.932458220182163
26.22022120425379
60.94874896173013
3.5
19.5
40.0
42.695302890234764
53.080651423617205
59.35954477213884
45.32107677449864
44.985414302860434
36.037307058102996
26.284765338288427
13.5
8.5
0.0
34.55430508634199
42.26700841081611
25.78113005022601
36.28015986734347
7.5
2.5
15.0
15.5
29.911327285829362
39.20317447463775
8.874119674649425
16.73983937265296
49.29052196473025
14.5
5.5
1.5
3.5
32.293790252754306
43.911527213503085
21.0
36.08323710533743
41.69998667732268
2.0
27.6891224129621
44.64925033587412
33.075670817082454
28.533970981971645
25.495097567963924
30.35107082130711
39.2587569849072
37.0
3.5
