13.5
41.827024756728754
33.529837458597974
34.15040263305837
18.64403389827427
38.05259518088089
27.904972675134445
11.0
0.5
35.81462690019261
24.60182920028509
38.72673495145182
31.626290048347787
30.319135871591065
48.71002634639676
49.84197249529981
42.28737662970147
0.5
7.5
5.5
10.5
33.62662635472075
52.4743323497837
40.91454509095757
50.20624131187941
57.56735185849702
39.135093657171126
49.0600539022216
33.65542303997975
37.05654463114444
16.475436261295176
21.279097725232617
61.69999099585744
61.05916984550496
30.858548248418945
37.47888294315436
38.79289740260308
12.5
15.20526224699857
7.0
37.0
42.89781139198388
9.0
5.5
52.23238671765078
56.71419575379695
46.54269246855216
28.044607324760317
41.14304315434141
40.959583738119214
45.38232646698002
22.0
45.49236810230432
32.42684073418192
54.06374837993467
44.917207788948275
10.5
46.991725039864434
51.59941860137573
52.954907442296815
48.27201570268223
46.783187863447985
45.9782557302906
61.189541590046254
39.20317447463775
21.5
0.5
40.18568014714805
4.5
49.46603773185082
26.105554964413226
39.889691650851354
45.256905550424015
30.56141357987225
