19.0
7.5
4.0
21.0
2.5
6.5
7.5
1.0
21.0
7.0
0.5
24.0
16.5
19.5
4.5
2.0
13.0
23.0
7.0
23.0
25.0
0.5
3.0
7.5
2.0
20.5
14.0
12.0
9.0
12.5
21.0
26.5
14.0
16.5
26.0
0.5
2.0
3.5
2.5
3.0
12.0
3.5
1.5
5.5
4.0
20.0
20.0
3.5
20.5
0.5
15.5
0.5
21.5
15.0
12.0
18.5
19.5
0.5
26.0
25.0
26.0
12.0
4.0
9.5
3.0
15.5
22.5
9.0
3.0
1.5
1.0
18.0
1.0
6.0
9.5
5.0
2.0
6.0
10.5
8.0
24.0
10.5
22.5
24.5
24.5
25.5
0.0
1.0
2.0
25.5
4.0
1.5
16.5
16.0
3.5
10.5
3.0
3.5
8.0
10.0
6.0
9.0
6.0
0.0
21.5
9.5
8.5
10.5
4.0
6.0
11.5
26.5
1.0
6.0
7.0
10.0
23.5
18.0
25.5
22.0
24.0
