0.0
0.6555555555555556
0.0
0.0
0.0
0.4111111111111111
0.7888888888888889
0.34444444444444444
0.4666666666666667
0.4444444444444444
0.32222222222222224
0.7777777777777778
0.0
0.4111111111111111
0.6333333333333333
0.0
0.0
0.28888888888888886
0.28888888888888886
0.3
0.0
0.3111111111111111
0.45555555555555555
0.6444444444444445
0.7444444444444445
0.4222222222222222
0.8777777777777778
0.43333333333333335
0.8222222222222222
0.3111111111111111
0.7666666666666667
0.0
0.28888888888888886
0.0
0.43333333333333335
0.4222222222222222
0.28888888888888886
0.28888888888888886
0.6666666666666666
0.34444444444444444
0.36666666666666664
0.36666666666666664
0.4111111111111111
0.0
0.0
0.0
0.28888888888888886
0.0
0.28888888888888886
0.4777777777777778
0.4
0.0
0.0
0.0
0.34444444444444444
0.4666666666666667
0.0
0.28888888888888886
0.0
0.7777777777777778
0.0
0.0
0.7222222222222222
0.3333333333333333
0.8
0.35555555555555557
0.0
0.32222222222222224
0.36666666666666664
0.28888888888888886
0.0
0.3888888888888889
0.4111111111111111
0.7888888888888889
0.7
0.0
0.0
0.7111111111111111
