0.0
0.0
0.43333333333333335
0.0
0.3
0.0
0.0
0.7444444444444445
0.0
0.6222222222222222
0.3111111111111111
0.0
0.0
0.28888888888888886
0.32222222222222224
0.28888888888888886
0.35555555555555557
0.6888888888888889
0.3888888888888889
0.6666666666666666
0.7222222222222222
0.34444444444444444
0.0
0.28888888888888886
0.0
0.28888888888888886
0.6555555555555556
0.3888888888888889
0.4666666666666667
0.28888888888888886
0.43333333333333335
0.3111111111111111
0.4111111111111111
0.0
0.34444444444444444
0.9222222222222223
0.8333333333333334
0.7555555555555555
0.4222222222222222
0.0
0.0
0.4111111111111111
0.4444444444444444
0.0
0.8444444444444444
0.3888888888888889
0.0
0.3333333333333333
0.0
0.28888888888888886
0.4
0.0
0.0
0.6333333333333333
0.4111111111111111
0.3
0.0
0.0
0.3333333333333333
0.32222222222222224
0.4111111111111111
0.6555555555555556
0.4222222222222222
0.0
0.0
0.0
0.6111111111111112
0.0
0.8222222222222222
0.4222222222222222
0.37777777777777777
0.7555555555555555
0.7555555555555555
0.0
0.0
0.5777777777777777
0.5888888888888889
0.7222222222222222
0.4222222222222222
0.28888888888888886
0.0
0.6333333333333333
0.0
0.35555555555555557
0.7111111111111111
0.0
0.8555555555555555
0.0
0.0
0.3
0.37777777777777777
0.7555555555555555
0.0
0.6111111111111112
0.28888888888888886
0.6888888888888889
0.36666666666666664
0.4777777777777778
0.9111111111111111
0.0
0.7
0.7777777777777778
0.9555555555555556
0.0
0.7777777777777778
0.4222222222222222
0.3333333333333333
0.28888888888888886
0.0
0.28888888888888886
0.0
0.8222222222222222
0.28888888888888886
0.7333333333333333
0.34444444444444444
0.36666666666666664
0.28888888888888886
0.0
0.4
0.0
0.35555555555555557
