# ../../src/prob2kcalPerMol.py --suffix freeEnergyLandscapes/10110 --dat_file ../../data/auxCoords/stdcorechol/10110.dat
# # column 0: midpoint of bin
# # column 1: delG of the bin in kcal per mol
5.000000000000000000e+00	9.298588085855045149e-01
1.500000000000000000e+01	0.000000000000000000e+00
2.500000000000000000e+01	1.203907027550518372e+00
3.500000000000000000e+01	1.234514593528244886e+00
4.500000000000000000e+01	1.120404868029826639e+00
5.500000000000000000e+01	1.094612309796834326e+00
6.500000000000000000e+01	1.018900004082524680e+00
7.500000000000000000e+01	1.107934865390834744e+00
8.500000000000000000e+01	1.144620271237520193e+00
9.500000000000000000e+01	1.202262096300536154e+00
1.050000000000000000e+02	1.671337072875075380e+00
1.150000000000000000e+02	2.126328057991208720e+00
1.250000000000000000e+02	2.967480017455298658e+00
1.350000000000000000e+02	3.124554611129879866e+00
1.450000000000000000e+02	3.866603349614398333e+00
1.550000000000000000e+02	inf
1.650000000000000000e+02	inf
1.750000000000000000e+02	inf
1.850000000000000000e+02	inf
1.950000000000000000e+02	inf
2.050000000000000000e+02	inf
2.150000000000000000e+02	inf
2.250000000000000000e+02	inf
2.350000000000000000e+02	inf
2.450000000000000000e+02	inf
2.550000000000000000e+02	inf
2.650000000000000000e+02	inf
2.750000000000000000e+02	inf
2.850000000000000000e+02	inf
2.950000000000000000e+02	inf
3.050000000000000000e+02	inf
3.150000000000000000e+02	inf
3.250000000000000000e+02	inf
3.350000000000000000e+02	inf
3.450000000000000000e+02	inf
3.550000000000000000e+02	inf
3.650000000000000000e+02	inf
3.750000000000000000e+02	inf
3.850000000000000000e+02	inf
3.950000000000000000e+02	inf
4.050000000000000000e+02	inf
4.150000000000000000e+02	inf
4.250000000000000000e+02	inf
4.350000000000000000e+02	inf
4.450000000000000000e+02	inf
4.550000000000000000e+02	inf
4.650000000000000000e+02	inf
4.750000000000000000e+02	inf
4.850000000000000000e+02	inf
4.950000000000000000e+02	inf
5.050000000000000000e+02	inf
5.150000000000000000e+02	inf
5.250000000000000000e+02	inf
5.350000000000000000e+02	inf
5.450000000000000000e+02	inf
5.550000000000000000e+02	inf
5.650000000000000000e+02	inf
5.750000000000000000e+02	inf
5.850000000000000000e+02	inf
5.950000000000000000e+02	inf
6.050000000000000000e+02	inf
6.150000000000000000e+02	inf
6.250000000000000000e+02	inf
6.350000000000000000e+02	inf
6.450000000000000000e+02	inf
6.550000000000000000e+02	inf
6.650000000000000000e+02	inf
6.750000000000000000e+02	inf
6.850000000000000000e+02	inf
6.950000000000000000e+02	inf
7.050000000000000000e+02	inf
7.150000000000000000e+02	inf
7.250000000000000000e+02	inf
7.350000000000000000e+02	inf
7.450000000000000000e+02	inf
7.550000000000000000e+02	inf
7.650000000000000000e+02	inf
7.750000000000000000e+02	inf
7.850000000000000000e+02	inf
7.950000000000000000e+02	inf
