0.1602366255144033
0.49588477366255146
0.6003086419753086
0.5866769547325102
0.5781893004115226
0.6247427983539094
0.664866255144033
0.6617798353909465
0.5977366255144033
0.6278292181069959
0.6257716049382716
0.6069958847736625
0.6784979423868313
0.6586934156378601
0.636059670781893
0.6005658436213992
0.6481481481481481
0.6604938271604939
0.6607510288065843
0.7001028806584362
0.6988168724279835
0.7245370370370371
0.6213991769547325
0.6646090534979424
0.6965020576131687
0.7420267489711934
0.6988168724279835
0.7224794238683128
0.7085905349794238
0.6851851851851852
0.6833847736625515
0.6306584362139918
0.7044753086419753
0.654835390946502
0.6774691358024691
0.7291666666666666
0.6190843621399177
0.6810699588477366
0.6424897119341564
0.6378600823045267
0.6466049382716049
0.6481481481481481
0.6458333333333334
0.6893004115226338
0.628343621399177
0.6095679012345679
0.5679012345679012
0.6468621399176955
0.5889917695473251
0.6311728395061729
0.668724279835391
0.6532921810699589
0.7052469135802469
0.6849279835390947
0.6702674897119342
0.6810699588477366
0.7196502057613169
0.7211934156378601
0.7510288065843621
0.7060185185185185
0.7250514403292181
