0.12962962962962962
0.5223765432098766
0.4714506172839506
0.5874485596707819
0.5707304526748971
0.5568415637860082
0.5740740740740741
0.6147119341563786
0.6553497942386831
0.6087962962962963
0.6280864197530864
0.5892489711934157
0.621656378600823
0.6111111111111112
0.6203703703703703
0.5897633744855967
0.6929012345679012
0.6280864197530864
0.6599794238683128
0.6545781893004116
0.6419753086419753
0.6553497942386831
0.6077674897119342
0.6460905349794238
0.6669238683127572
0.6159979423868313
0.6702674897119342
0.6772119341563786
0.6445473251028807
0.6612654320987654
0.709619341563786
0.6566358024691358
0.7268518518518519
0.6972736625514403
0.6820987654320988
0.6941872427983539
0.6813271604938271
0.6736111111111112
0.7060185185185185
0.6466049382716049
0.6332304526748971
0.73559670781893
0.6893004115226338
0.6571502057613169
0.6381172839506173
0.6517489711934157
0.6499485596707819
0.6733539094650206
0.6098251028806584
0.6504629629629629
0.6427469135802469
0.5668724279835391
0.6633230452674898
0.7489711934156379
0.6885288065843621
0.6633230452674898
0.6939300411522634
0.6738683127572016
