0.11599794238683128
0.5048868312757202
0.5632716049382716
0.5712448559670782
0.6059670781893004
0.5743312757201646
0.650977366255144
0.6455761316872428
0.6450617283950617
0.6298868312757202
0.6453189300411523
0.6401748971193416
0.6584362139917695
0.6664094650205762
0.6759259259259259
0.581275720164609
0.6103395061728395
0.6404320987654321
0.6790123456790124
0.6705246913580247
0.7065329218106996
0.7438271604938271
0.6911008230452675
0.7253086419753086
0.6736111111111112
0.6759259259259259
0.6154835390946503
0.6368312757201646
0.654320987654321
0.6445473251028807
0.6496913580246914
0.6890432098765432
0.6671810699588477
0.7073045267489712
0.6373456790123457
0.6334876543209876
0.6198559670781894
0.5733024691358025
0.6628086419753086
0.6010802469135802
0.6324588477366255
0.6057098765432098
0.5799897119341564
0.628343621399177
0.6453189300411523
0.6538065843621399
0.6610082304526749
0.643775720164609
0.6234567901234568
0.6502057613168725
0.6754115226337448
0.6213991769547325
0.5625
0.6075102880658436
0.5879629629629629
0.5740740740740741
0.6568930041152263
0.6417181069958847
0.6365740740740741
0.6440329218106996
0.647119341563786
0.6640946502057613
