0.12988683127572018
0.5385802469135802
0.5424382716049383
0.6080246913580247
0.5828189300411523
0.6116255144032922
0.6314300411522634
0.6466049382716049
0.6195987654320988
0.5920781893004116
0.5967078189300411
0.647633744855967
0.5977366255144033
0.61059670781893
0.6167695473251029
0.6939300411522634
0.6792695473251029
0.6378600823045267
0.6293724279835391
0.6671810699588477
0.5540123456790124
0.6316872427983539
0.6743827160493827
0.6664094650205762
0.6021090534979424
0.6383744855967078
0.5979938271604939
0.6445473251028807
0.6193415637860082
0.5738168724279835
0.5889917695473251
0.647633744855967
0.6095679012345679
0.6237139917695473
0.6342592592592593
0.6219135802469136
0.6854423868312757
0.6363168724279835
0.6358024691358025
0.6640946502057613
0.6828703703703703
0.7114197530864198
0.7078189300411523
0.7055041152263375
0.6934156378600823
0.7268518518518519
0.6710390946502057
0.7150205761316872
0.6916152263374485
0.7214506172839507
0.7008744855967078
0.7330246913580247
0.6977880658436214
0.6856995884773662
0.7119341563786008
0.7247942386831275
0.7325102880658436
0.720679012345679
0.7229938271604939
0.7425411522633745
0.7224794238683128
0.7067901234567902
0.684156378600823
0.698559670781893
0.6728395061728395
0.6751543209876543
0.6977880658436214
0.6952160493827161
0.7301954732510288
0.7384259259259259
