0.5
7.416198487095663
16.48294573187693
34.79782879561437
9.63356401107895
8.80630571852711
20.75186738585229
22.73030282830976
7.025667228100119
11.77454882362802
22.741756748325315
13.92838827718412
10.425635594582252
10.039920318408907
10.361467077590895
21.5
25.66490794840301
15.129074290546956
5.436502143433364
9.850888284819803
14.710540438746634
15.967466924969658
33.25939716831921
11.0
30.554141381415967
20.639767440550294
19.954636052807377
28.994252303976847
6.5
37.61500882478813
13.166624472506234
27.438820836342238
11.233320969330485
5.0
29.743346594938952
23.697163449568293
19.5
6.0
29.432125305522874
17.362955457589074
34.02939905434711
35.8267435801184
17.21110752456745
2.5
26.90278795961489
14.851262572589578
6.057020719792859
7.105235745561156
11.469767022723502
4.346134936801766
7.542472332656507
10.40132203135736
8.98262211161084
5.514359733033937
12.790621564255586
27.528893911670334
8.452218643646177
13.5
25.043961347997644
19.784842683225964
22.68672519338126
15.497096502248413
19.56936381183609
16.355427233796124
16.056324472168452
25.3229145242012
35.422450508117024
4.5
44.08230937689177
15.21694961401777
19.474342094150447
7.490619133289317
10.370899457402697
26.808347580557815
18.907670401189037
2.5
19.430788855719562
17.255723688098396
8.205689083394114
14.713938969562161
20.417857108151406
31.63331577098213
26.476404589747453
23.366642891095847
30.13672547278855
30.011109054259666
36.01234356285202
14.636332266733431
12.441864811996632
5.5901699437494745
27.83320858255476
29.046299247924853
29.223278392404914
31.869852525545205
27.550680572356104
19.2142525225417
24.055491403558285
23.809428571238094
15.380507143784303
13.720422734012244
23.951774464536026
27.38955092731533
5.0
20.680606857633556
18.445113776342563
10.0
17.663521732655695
20.8539897594894
23.382685902179844
33.14614105241614
21.475567512873788
21.18175315375634
22.484562605386735
29.937267744401794
24.936719912610798
32.380549717384355
22.688102609076854
33.10117067416196
8.73155198117723
24.087802353519557
