5.185449728701348
8.423775875461075
18.090052515125542
12.47397290361014
25.82419193099542
27.53179979587241
29.53387885124472
23.249946236496978
7.84573486395988
16.7388022271607
31.538336460039655
24.681724007856502
3.0
33.55126674210677
34.89348872720461
17.449928366615147
23.683092891108814
22.992752481307377
35.505868059613285
8.0
16.21384867602041
7.0
7.0
23.584363935078308
37.18198488515641
41.063636251825315
25.14333907817337
39.89987468652001
0.5
7.5
24.278385448789628
20.5
12.970050972229146
27.794963572561127
11.346805717910216
11.145502331533658
3.112474899497183
11.053845484717073
33.34666400106613
29.63950067055786
38.61203036475664
13.638181696985855
38.505410875183074
11.0
28.879058156387302
14.0
4.5
32.42769735204082
28.115831839019098
4.0
7.0
40.46294601237038
14.7648230602334
12.093386622447824
19.579581200832667
29.16333314283537
2.0
27.35365098523819
23.01494079940246
25.5
30.84132779242813
16.21384867602041
21.39363223017541
34.26692606905706
6.0
4.5
34.0
32.27313984655902
40.91454509095757
27.5
24.91318258807306
32.0659043568433
1.0
22.5
27.363296585024255
22.051077071199945
40.202266381663385
34.49959742116163
31.651856185696285
11.0
28.894443910359115
21.939917957914066
30.646166155002163
27.5
32.54996159751959
36.888345042845174
6.0
35.97530016861878
31.93048003954146
32.13513134665341
27.5
14.034243834279065
24.171263930543642
24.365703355331238
11.126794486983012
28.855964143772194
4.5
16.97710877099579
13.546217184144066
21.087614848531352
9.240549502169275
20.643131760682266
16.87206764645835
12.175795661885921
15.02797391533536
9.208993189027536
19.817921182606415
14.322670452429216
22.594247055390007
20.09197601033806
7.972173828734265
36.914315199752345
20.753011829611623
18.358649187780674
21.463146709340332
20.155644370746373
17.872884490199116
22.64705033528404
30.40833219146796
31.788362650504666
