0.39999999999999997
9.073771725877465
11.702991070662236
22.520823697191894
35.122009560324926
8.726969691708572
8.748177652797064
10.13930744950342
23.55419283269966
14.351278119856412
23.350588857671234
19.803724397193573
25.23965134466005
19.147845831842286
1.0
20.17148702720969
43.66793891276401
14.197026292697903
25.390697115282205
27.824849006278942
31.98263417682929
40.033319456006474
26.411277052720408
24.437420076595647
29.710057219736214
31.75984099456419
24.143091949642425
17.820088539498215
18.211717839530316
22.090722034374522
37.86406607853942
32.64199748789893
17.620221968585476
11.556623882239812
11.0
5.5
13.970952007647869
8.810939397205301
28.429249413627193
25.4825430442097
28.314086600135983
27.129319932501073
14.337208778404378
27.83320858255476
30.26858932953434
16.33673433979046
9.5
20.0
44.96665431183423
21.970150204311302
27.027763503479157
8.0
32.98768709685479
30.922281610515096
4.0
26.637484032009397
9.0
19.601587237318874
29.427877939124322
2.0
12.359207094308275
14.703315952532613
10.0
34.91736276155778
32.86673427984932
26.47010892812243
18.07622748252522
9.445751543536502
10.478814606412099
20.49932248202906
18.651779778050376
14.73846064628943
25.508168626278653
12.498888839501783
22.26404051379713
25.152865973217974
16.004999218994048
25.739075352467502
28.5
36.67764987018661
22.954060400915758
23.41340428045439
27.17842281418601
18.73999733191016
17.84656829757475
23.668280461410795
15.98349843501798
19.353437822659714
20.27039439401436
29.39765674713245
28.879058156387302
7.563068160475615
17.210098779495716
20.180436070610565
11.324310133513652
21.529050141610984
11.045361017187261
23.86419912756345
12.62823115967641
11.88550823997228
28.436596139481953
21.90525051214891
28.129166358070407
10.290232693622087
16.391054470858997
13.047605144240073
