5.5
3.295017884191656
14.715977711317723
19.09842925478428
10.256705123966467
13.589977924926883
19.458674158328463
20.11632835948615
16.47641411904369
9.06764700582363
17.124543789543708
24.186773244895647
24.794152536434876
19.836834424877374
0.5
28.241026106633512
14.411367041332339
17.549928774784245
29.830186053727527
18.027756377319946
32.720635690646354
20.683460918220515
36.609045633862436
31.562988170042175
1.5
25.0
8.5
35.140985883849204
34.58644564308715
43.0
12.0
19.5
16.0
26.404308360568734
32.45285041410076
34.02939905434711
22.555487137279922
14.184498581197715
32.72900090134131
41.02032016777376
35.53519382246282
39.6316371938716
20.5
26.0
2.0
37.094473981982816
10.5
32.31442746239244
30.467195473164246
2.0
28.621451745150875
26.242459234352765
11.267652816802618
29.43920288775949
25.152865973217974
20.28683207293725
9.0
23.098821518760552
32.99831645537222
1.5
32.262809686834295
17.268106439329124
7.0
19.271423276500382
44.8998886412873
28.394052585395805
45.84272631023983
35.64017707899643
38.89781484865184
2.5
27.9045993819418
24.38621536852326
24.935115800813918
24.741867350707384
22.0661883130428
13.016912076218384
7.626270385975047
15.651198037211081
8.03055389860297
0.0
12.69259787499496
20.668514702319566
20.873128658636684
6.5717197140474575
28.142494558940577
16.294170736800325
23.108440016582687
45.065384597148274
24.513035081133644
19.665960439297137
27.796882319185844
19.200694431886227
43.82034027962611
27.54541704167864
0.0
24.661457783350926
26.449112566503164
31.372316175606514
12.645816172421085
12.671227249165726
19.356846334049358
30.63902739970706
13.5
16.048537489614297
20.571521577170707
20.808652046684813
26.870057685088806
24.124676163629637
12.687001221722964
23.15167380558045
13.124023773218333
25.302612952464457
28.686039965266882
32.35255013132659
