0.3055555555555556
0.5590277777777778
0.4479166666666667
0.6145833333333334
0.5104166666666666
0.6319444444444444
0.6527777777777778
0.7986111111111112
0.7118055555555556
0.7847222222222222
0.5763888888888888
0.7326388888888888
0.7673611111111112
0.7083333333333334
0.8020833333333334
0.6284722222222222
0.7534722222222222
0.8055555555555556
0.6388888888888888
0.5798611111111112
0.5729166666666666
0.7395833333333334
0.7118055555555556
0.7118055555555556
0.6805555555555556
0.8229166666666666
0.8055555555555556
0.7048611111111112
0.6284722222222222
0.7534722222222222
0.7743055555555556
0.3229166666666667
0.7430555555555556
0.5243055555555556
0.6944444444444444
0.6770833333333334
0.8402777777777778
0.6423611111111112
0.6111111111111112
0.5
0.6770833333333334
0.5694444444444444
0.4131944444444444
0.5
0.7916666666666666
0.4618055555555556
