0.22916666666666666
0.5208333333333334
0.625
0.6770833333333334
0.6388888888888888
0.6736111111111112
0.6215277777777778
0.5625
0.6388888888888888
0.7638888888888888
0.6215277777777778
0.7013888888888888
0.7083333333333334
0.4513888888888889
0.6875
0.6631944444444444
0.5625
0.6319444444444444
0.6354166666666666
0.625
0.6701388888888888
0.46875
0.53125
0.7534722222222222
0.7777777777777778
0.7118055555555556
0.6770833333333334
0.8819444444444444
0.7361111111111112
0.8263888888888888
0.7326388888888888
0.8125
0.6944444444444444
0.75
0.7083333333333334
0.7326388888888888
0.7048611111111112
0.5868055555555556
0.6909722222222222
0.7222222222222222
0.4861111111111111
0.6666666666666666
0.6875
0.7118055555555556
0.6458333333333334
0.5868055555555556
0.8229166666666666
0.6840277777777778
0.7604166666666666
0.6527777777777778
0.6493055555555556
0.6319444444444444
0.71875
0.6493055555555556
0.5416666666666666
0.5729166666666666
0.6354166666666666
0.6354166666666666
0.7569444444444444
0.5520833333333334
0.59375
0.7534722222222222
0.8159722222222222
