0.3298611111111111
0.7222222222222222
0.5972222222222222
0.6423611111111112
0.5833333333333334
0.7291666666666666
0.8576388888888888
0.7465277777777778
0.6006944444444444
0.84375
0.8020833333333334
0.6388888888888888
0.65625
0.3576388888888889
0.6805555555555556
0.6979166666666666
0.7152777777777778
0.78125
0.7291666666666666
0.8680555555555556
0.7951388888888888
0.7430555555555556
0.6840277777777778
0.7777777777777778
0.6458333333333334
0.7118055555555556
0.6215277777777778
0.7118055555555556
0.6180555555555556
0.7743055555555556
0.7881944444444444
0.7604166666666666
0.7604166666666666
0.7395833333333334
0.7118055555555556
0.6840277777777778
0.6215277777777778
0.7881944444444444
0.7743055555555556
0.8125
0.7118055555555556
0.7256944444444444
0.7395833333333334
0.7430555555555556
0.6388888888888888
0.5763888888888888
0.7222222222222222
0.7465277777777778
0.7743055555555556
0.8055555555555556
0.5243055555555556
0.7326388888888888
0.6354166666666666
0.5625
0.6215277777777778
0.5625
0.6006944444444444
0.6215277777777778
0.5416666666666666
0.5486111111111112
0.7152777777777778
0.7118055555555556
0.7604166666666666
0.5868055555555556
0.6770833333333334
0.7986111111111112
0.7361111111111112
0.6319444444444444
0.59375
0.3680555555555556
0.6319444444444444
0.6388888888888888
0.6527777777777778
0.6180555555555556
