0.2465277777777778
0.6597222222222222
0.6944444444444444
0.6493055555555556
0.65625
0.7048611111111112
0.7013888888888888
0.6458333333333334
0.7534722222222222
0.7847222222222222
0.5729166666666666
0.6458333333333334
0.7118055555555556
0.5520833333333334
0.7916666666666666
0.8368055555555556
0.6770833333333334
0.8159722222222222
0.6875
0.8020833333333334
0.7847222222222222
0.7743055555555556
0.5798611111111112
0.7777777777777778
0.7048611111111112
0.75
0.7048611111111112
0.8020833333333334
0.7118055555555556
0.8090277777777778
0.5763888888888888
0.5347222222222222
0.75
0.6423611111111112
0.6145833333333334
0.6909722222222222
0.6840277777777778
0.7951388888888888
0.6805555555555556
0.7013888888888888
0.5416666666666666
0.78125
0.6388888888888888
0.6736111111111112
0.7118055555555556
0.6805555555555556
0.5763888888888888
0.7361111111111112
0.7222222222222222
0.7465277777777778
0.5798611111111112
0.6840277777777778
0.6979166666666666
0.65625
0.7361111111111112
0.7256944444444444
0.7256944444444444
0.7777777777777778
0.8333333333333334
0.6701388888888888
0.6666666666666666
0.7048611111111112
0.8611111111111112
0.8298611111111112
0.7291666666666666
0.6944444444444444
0.6006944444444444
0.7222222222222222
0.5381944444444444
0.5277777777777778
0.5243055555555556
0.6979166666666666
0.71875
0.7777777777777778
