2
2
2
2
2
2
0.32458401013845517
-2
2
2
0.3279055877228206
2
0.32861159296079095
2
2
2
0.4851525193127142
2
2
2
0.4858811121338156
2
2
2
0.2984598683065959
-2
2
0.3338320317062578
2
2
2
2
2
2
2
2
2
2
2
2
2
2
2
2
2
0.30511054600129645
0.3569185420104932
0.2802764115931822
2
2
2
0.4074955763172165
2
2
2
0.3401006126001436
2
2
0.3040769981728886
-2
0.43226828715345916
2
0.46961333949862916
2
2
2
2
2
0.3221742311471142
2
0.364933964723954
2
2
2
2
0.2596085277678637
2
2
0.3299705961833916
2
2
0.39612867635094273
2
2
0.3073949704199432
2
2
2
2
2
2
0.3117215950344227
0.36024940579102604
2
2
0.38780681855720345
-2
2
0.3648095453808395
2
2
0.3192742218389168
2
2
2
2
2
2
2
2
0.3386961457223281
0.35085033183688097
2
2
2
2
2
2
2
2
2
2
2
2
2
2
0.27733624977853333
2
2
0.26511875668008766
