2
2
2
2
2
2
2
2
2
0.4431459801247947
2
2
2
2
2
2
2
2
2
2
0.32588208337601987
2
0.23971678049875741
2
2
2
2
2
2
2
0.2805002556888856
2
2
0.44955817855716823
2
2
-2
2
0.3121653497951063
2
2
0.3464251209754188
0.5245905437318774
0.3854166085151244
2
2
2
2
2
2
2
2
2
2
0.3409959114020603
2
0.2785596928446168
2
2
2
0.3905560322535504
0.2977925778803088
2
2
2
2
2
2
2
2
2
0.3498038382657725
2
2
0.35953115877520986
2
2
2
2
2
0.32639912198068455
2
2
2
2
2
2
2
2
2
2
0.3215003774227147
2
2
2
-2
0.3481025561195578
0.37361725199938417
2
2
0.3938356918347004
2
2
2
2
0.4799928410220624
0.3651252476661788
2
2
2
2
2
0.43378607010514986
