2
2
0.23608249487446636
2
2
2
2
2
2
2
2
2
2
2
2
2
2
2
2
2
2
2
2
2
2
2
2
2
2
2
2
2
2
2
2
2
-2
0.443886511880911
2
0.3030159741886493
2
2
2
2
0.29873067409292936
2
2
0.3008947801206521
2
0.4085851692838518
2
2
0.31748686939467896
0.394393727211957
2
2
2
2
2
2
0.30154877594816526
2
0.33310775489864236
2
2
2
2
2
2
0.37932415372307365
0.300833901476
2
-2
2
2
2
2
2
2
2
2
2
2
0.29951414596120446
2
2
2
0.4696880377160701
2
2
2
2
2
2
-2
2
2
0.37598765456073957
2
2
2
0.29572845467115666
2
2
2
2
2
0.44555707996845184
2
2
2
0.4738711268145121
0.3380841408411052
2
2
2
2
2
2
2
2
2
2
-2
2
2
2
2
