74.0
76.72222222222223
134.9
74.9
91.375
77.27777777777777
98.86666666666666
93.33333333333333
132.08333333333334
105.71428571428571
69.04166666666667
73.52380952380952
81.94736842105263
93.76470588235294
120.61538461538461
95.8125
93.23529411764706
117.46153846153847
96.05882352941177
101.13333333333334
166.5
137.72727272727272
138.9090909090909
126.66666666666667
131.63636363636363
106.78571428571429
97.375
115.84615384615384
95.3125
85.0
91.11764705882354
102.0
118.25
99.86666666666666
82.78947368421052
107.28571428571429
87.625
118.76923076923077
185.625
141.45454545454547
132.0909090909091
147.0909090909091
133.0909090909091
130.0
119.91666666666667
