42.0
65.65
67.45
84.66666666666667
80.26315789473684
82.38888888888889
68.9047619047619
78.33333333333333
102.13333333333334
93.25
76.76470588235294
96.25
93.33333333333333
97.3125
150.2
78.42105263157895
151.0
109.21428571428571
147.5
104.76923076923077
144.1
151.2
95.06666666666666
133.91666666666666
131.33333333333334
166.0
126.0
184.625
124.75
89.0
89.76470588235294
109.84615384615384
106.21428571428571
142.66666666666666
164.77777777777777
156.4
128.58333333333334
128.54545454545453
104.92857142857143
144.27272727272728
149.7
134.8181818181818
112.85714285714286
112.85714285714286
120.53846153846153
177.125
