42.0625
84.75
72.88888888888889
75.47368421052632
134.0909090909091
100.64285714285714
88.6470588235294
106.85714285714286
87.82352941176471
92.8125
86.55555555555556
110.23076923076923
98.0
98.64285714285714
106.8
119.76923076923077
141.9090909090909
88.6
76.83333333333333
103.85714285714286
136.36363636363637
146.33333333333334
181.77777777777777
119.61538461538461
174.88888888888889
115.46153846153847
136.54545454545453
110.35714285714286
96.93333333333334
100.64285714285714
86.52941176470588
110.64285714285714
155.4
109.92857142857143
92.4375
92.4
131.36363636363637
151.2
134.9090909090909
121.23076923076923
117.15384615384616
163.55555555555554
152.0
102.6923076923077
95.93333333333334
110.38461538461539
78.05263157894737
