35.833333333333336
86.9375
89.125
88.4375
80.5
113.21428571428571
100.78571428571429
112.07142857142857
181.5
139.9
124.0
135.9090909090909
130.54545454545453
153.2
174.55555555555554
155.2
145.0
192.0
181.0
121.0
181.75
139.8181818181818
150.6
189.5
130.33333333333334
170.0
144.63636363636363
143.1
224.0
174.33333333333334
124.15384615384616
179.5
148.9
220.57142857142858
113.46153846153847
155.7
131.25
124.0
181.5
127.83333333333333
159.55555555555554
176.22222222222223
226.57142857142858
143.54545454545453
108.07142857142857
131.16666666666666
140.9090909090909
137.9090909090909
151.54545454545453
175.0
222.71428571428572
