13.0
17.770576479949998
26.535373241351838
24.710633027411188
34.917293585046764
35.79166646622859
28.80909090583842
43.77899039493716
38.94361785839659
44.33701231654006
46.32224519601786
47.48395122125755
36.93255481877982
36.20930688822204
35.37216419728937
39.6599915602053
39.67522229161279
76.0096515452326
55.99946428315185
53.1346167766363
40.024472513700914
48.14243203053565
38.56683862681341
48.3370160454843
52.40614980001873
66.10196015098546
41.992261191795805
62.97474514057082
65.45490563129562
86.61200776564804
73.70962878077735
94.19859340775743
134.97366140605507
52.6351941938098
89.43271213599643
84.91015472250655
108.85356569920941
115.504853117737
96.41039800638725
69.05062577317884
85.16850791509987
120.76858823019414
117.27588506591233
105.97953056913387
97.95680850344161
152.89228099147732
114.09048625216056
143.10569404961316
42.89309627822796
40.91292318999728
50.2531963452192
33.38465436981923
39.67183982730631
31.2260486725823
41.566491824910905
36.61160638680339
46.13924844331104
65.43249777217649
60.75772979715261
64.43126182219311
43.95838941544606
55.997343502516635
45.50656546038165
43.20601722428987
50.34416696492545
52.91116784214519
59.551539043664825
91.26043567823577
77.82361618080378
72.77617661079871
69.31565479745538
