17.30767331432956
12.512885920105992
24.2460979105688
29.242608938239297
33.49817159189438
42.15744299646268
47.78786197420969
39.99648744908061
41.01496678043272
46.10634461601153
66.98370194704539
65.86896897917991
83.13973083760857
65.98102640058995
52.36818301982401
52.775087650739245
47.796950493251074
51.730331633233845
78.81494500128484
60.0747456861207
56.6023207534942
68.89568866739789
57.279797543388455
56.76552879622959
67.72925569916094
85.79444265529408
124.98826391186685
90.61622944077007
105.43659231974448
78.18545161185679
78.79824001687972
206.73483001378455
135.40402094800908
89.95279969428137
93.93977910749754
137.77719772523227
123.07742469330353
65.29413651346151
89.48878261845375
87.287957359535
79.58797706783355
73.13452100933803
112.28092410182491
102.62187875886896
87.07621183002087
66.7284316745868
51.468436929831086
100.75891709918284
128.17345120480294
119.18445197990383
124.09169996417971
135.33792582519752
97.84300914153154
174.5176067384847
124.94927365797017
192.71305349574615
183.30837405857923
160.8584225297682
157.27582761000883
47.810194988114326
69.69533700327447
63.24095733874613
85.36097523898142
66.49603741344104
57.750233819204915
50.32615738562074
55.59955035789408
47.89449652863645
59.322226384466354
70.8659454337711
54.24118976079587
83.21946460979444
73.22281233955427
64.97010225366135
76.81131684238807
94.9789761850472
101.9788389507843
81.67431256725295
86.83092460325193
73.40959649890121
