6.53356717268599
18.328941960153752
20.17634917824756
38.91406826767505
37.471305894405376
30.529385654312666
32.524389458241814
38.60536609223272
48.26789823474811
48.871668684422886
49.404323597056205
51.75394587978219
41.918523706802766
67.17240123658878
68.08341972034253
65.33475633602323
53.9251558891871
65.48083533308328
66.37002027901404
73.58339015105548
69.20754000649062
66.33625155144202
69.82482490375114
42.4854473027433
41.588905384004725
48.594688876277914
58.69173895538152
68.08817812219681
64.56171345116238
52.823455588568414
78.23198685520532
77.55814874006573
110.66045826862211
100.88931429845377
93.70306988633001
77.17519031398626
77.71142983197912
83.36669323036752
69.97720052810058
102.27992091423525
130.66074235146812
104.88530562304778
115.40201471378218
102.24914425069777
116.15191103028035
92.61884257536369
125.73898891486814
231.52874551554072
187.84667271202756
163.2883640794714
177.474054441769
179.56017694037044
163.45493437316063
149.97958194367658
149.52121975060712
224.03275331123575
306.2648527010568
360.1922711861294
361.29895862014325
391.3424544649694
345.81562203643205
329.0468954039834
361.4162247326481
302.6683157765279
49.211787205912366
41.07282888634861
46.368434802479
55.97491523650636
56.65195887561563
56.87535103676773
68.37173717585684
68.37814700366135
56.48119155966878
61.52181934936063
81.55428003309193
75.7265842063113
66.77079526519076
49.91820810085234
63.97696384726448
51.53049864157569
45.84727165643666
72.80934429923093
49.07978692664163
60.02626378303084
60.03098479787309
63.43919810303152
