4.085033659592048
25.972817668049196
23.653708670825758
35.09352583533828
26.178892260750835
26.255486887810257
41.01252076505579
49.60789564835014
69.86119994401562
49.76658319362668
42.53679213113345
22.030306398232412
33.62700028145529
40.78441638711786
39.28264289807716
37.02690556253911
45.168995840678136
34.20858810298957
38.30014133715803
44.4778219339811
44.794668859995426
42.40234879901666
42.78235150152455
46.641635658183645
49.85739300432995
48.33539076080797
64.58212764436199
32.4794807019242
50.95659593406084
42.01340301686893
38.11246515249309
51.340096957013586
37.679362720194725
46.15966373107148
71.75879223508815
72.65347440934949
47.20593983963954
47.3343419786898
43.37531290234321
38.94440481849308
44.64695286354938
47.99437467037152
58.7107315573567
33.42612085713141
80.89945039603276
78.79403530724899
86.5490287351626
37.92637604622936
48.48423546303865
46.20768334379035
48.65312470139895
41.04445760392017
34.09633411380174
36.244723753947966
37.5770994090816
43.86928837820277
31.45237793176101
37.36419855066255
41.56960122531543
28.553990214028882
42.3787682690283
37.65043898224236
42.25630179419768
40.61920727931553
42.92953737910672
41.886966450342264
53.7328469054553
76.57349410860131
35.02858261477332
40.40111384603152
39.9064105125981
36.26082797495615
52.369462033070555
