2.0
8.5
1.0
1.247219128924647
2.494438257849294
11.0
4.0
0.5
2.5
1.5
4.0
1.5
0.5
5.5
1.0
1.0
0.0
0.0
0.0
16.5
3.091206165165235
7.5
1.5
4.0
9.0
6.0
3.39934634239519
14.5
5.5
0.0
0.5
2.5
0.0
0.5
1.5
13.5
0.0
1.0
4.320493798938574
0.0
0.0
5.0
1.5
2.3570226039551585
2.5
1.699673171197595
1.5
2.5
1.5
2.0
0.0
0.5
2.0
0.5
1.4142135623730951
8.0
2.160246899469287
0.0
0.5
3.5
2.5
0.5
2.3570226039551585
5.5
3.5
0.0
6.5
5.0
0.5
0.9428090415820634
2.0
1.5
1.4142135623730951
1.5
0.816496580927726
0.5
1.0
7.0
0.5
1.5
0.0
2.6246692913372702
5.5
1.5
0.0
0.5
1.699673171197595
3.8586123009300755
0.4714045207910317
0.0
0.0
2.5
8.5
0.5
0.5
0.4714045207910317
1.5
2.5
9.5
0.5
2.0548046676563256
2.0
1.247219128924647
2.8674417556808756
0.0
2.5
7.5
6.5
4.109609335312651
11.0
3.0
4.0
0.0
0.0
2.0
0.0
1.247219128924647
3.0
0.0
0.5
0.5
3.5
3.0
1.5
4.5
0.5
6.0
2.5
12.0
1.699673171197595
1.0
4.5
5.5
1.0
9.0
2.494438257849294
1.0
0.5
0.5
3.5
4.109609335312651
4.0
1.0
4.496912521077347
4.0
2.5
5.5
2.0
2.5
2.0
2.0
7.5
2.5
0.0
2.5
4.0
1.247219128924647
8.5
4.0
1.5
0.5
0.4714045207910317
1.632993161855452
0.5
0.82915619758885
