1.0
2.5
5.5
4.0
2.5
3.858612300930075
0.5
5.0
0.5
3.8586123009300755
0.0
1.5
7.5
0.5
0.4714045207910317
3.5
0.0
0.4714045207910317
2.0
6.5
0.9428090415820634
0.0
0.5
1.247219128924647
0.5
7.0
0.816496580927726
2.5
3.559026084010437
1.0
0.0
1.5
3.5
2.160246899469287
3.0
6.5
0.5
1.699673171197595
0.5
1.247219128924647
4.0276819911981905
2.5
15.0
0.5
0.5
0.5
5.0
0.0
2.5
4.0
2.5
0.82915619758885
0.0
0.4714045207910317
0.0
0.5
2.160246899469287
0.5
2.5
0.5
0.0
3.5
9.0
0.5
5.0
1.0
11.5
3.0
0.0
2.5
2.0
1.699673171197595
3.0
4.0
1.0
0.9428090415820634
2.0548046676563256
2.5
0.5
0.5
8.0
1.5
0.0
1.5
10.5
1.0
2.0
4.4969125210773475
2.6246692913372702
1.0
1.5
0.5
1.0
5.715476066494082
0.5
2.0
0.816496580927726
0.0
6.0
0.4714045207910317
1.0
3.091206165165235
13.0
3.2998316455372216
4.642796092394707
1.5
5.5
1.5
1.0
3.0
3.265986323710904
2.5
0.5
0.9428090415820634
0.5
0.5
3.5
2.0
1.0
0.5
11.0
2.5
0.0
1.5
0.0
1.0
2.6246692913372702
0.5
0.5
2.5
0.5
1.5
3.5
3.091206165165235
0.0
2.5
1.632993161855452
1.0
0.0
0.5
2.6246692913372702
1.0
6.128258770283413
0.4714045207910317
2.8674417556808756
6.0
0.9428090415820634
0.5
1.0
0.0
2.3570226039551585
0.0
4.5
1.0
0.0
5.5
1.0
7.0
3.2015621187164243
18.0
