12.5
4.0
5.734883511361751
4.0276819911981905
3.5
2.5
4.714045207910317
0.5
9.5
2.5
1.5
0.816496580927726
12.5
6.0
1.0
2.0
1.0
6.377042156569663
2.0
0.7071067811865476
2.0
0.5
0.0
0.0
12.0
4.5
1.5
5.5
0.5
7.0
0.9428090415820634
0.0
8.0
7.788880963698615
0.816496580927726
0.4714045207910317
1.5
4.0
13.0
0.0
6.0
8.5
1.5
0.5
7.5
3.559026084010437
0.5
6.5
0.5
3.0
0.0
0.4714045207910317
0.0
4.0
4.96655480858378
0.0
0.5
5.557777333511022
0.0
0.5
1.5
0.5
7.0
0.816496580927726
2.0
1.0
9.0
1.0
9.5
0.4714045207910317
3.0
0.5
0.5
1.5
4.0
5.0
2.5
9.0
1.699673171197595
5.5
0.4714045207910317
6.5
1.0
5.5
1.247219128924647
5.2493385826745405
0.5
0.0
1.247219128924647
0.5
2.5
2.0
1.4142135623730951
1.0
4.0
0.0
8.0
2.5
0.5
1.0
5.5
0.5
1.699673171197595
7.5
0.5
0.9428090415820634
0.4714045207910317
0.5
1.0
5.448623679425842
1.632993161855452
5.436502143433364
0.0
0.5
7.5
0.0
2.0
0.5
0.5
3.0
1.5
1.0
0.5
2.8674417556808756
0.5
10.0
2.494438257849294
0.0
8.5
0.0
0.0
3.5
3.7712361663282534
4.5
7.2571803523590805
0.0
1.247219128924647
0.4714045207910317
0.0
2.160246899469287
5.436502143433363
2.0
3.0
0.5
8.0
7.0
0.9428090415820634
4.5
0.5
3.559026084010437
2.449489742783178
