2.5
7.0
2.0
0.5
10.5
7.0
4.0
5.5
0.5
0.0
1.5
2.0
0.5
4.4969125210773475
5.9066817155564495
2.0
1.5
3.0
4.642796092394707
3.0
3.0
0.5
2.5
0.5
0.0
3.7416573867739413
2.5
4.0
2.160246899469287
1.0
2.5
5.5
0.816496580927726
2.5
0.0
1.5
0.5
0.5
11.0
4.4969125210773475
8.0
0.5
9.5
0.816496580927726
0.0
5.0
2.0
3.2998316455372216
2.5
1.5
2.494438257849294
0.5
0.0
1.5
6.5
0.5
5.0
3.0
7.5
0.0
0.5
0.5
2.0
15.0
1.5
5.557777333511022
6.5
3.0
1.0
0.5
1.0
0.0
1.5
4.0
1.247219128924647
7.5
2.5
1.632993161855452
8.0
1.5
3.5
3.5
3.5
0.0
4.5
0.5
2.0548046676563256
2.0
3.5
1.247219128924647
3.5
0.5
5.0
6.0
2.0
0.5
3.0
3.0
3.7416573867739413
0.5
0.5
0.5
0.5
1.247219128924647
3.0
0.5
5.312459150169743
1.0
0.0
1.920286436967152
1.5
6.5
3.0
2.3570226039551585
0.5
0.5
1.5
0.0
1.5
2.5
4.5
1.5
3.0
1.247219128924647
0.5
2.6246692913372702
0.0
0.5
0.5
0.0
0.5
1.0
2.0
0.0
1.0
4.0
0.5
6.5
6.0
3.5
1.5
8.5
1.0
2.5
1.5
7.0
0.0
5.5
2.0
2.5
0.0
12.5
1.699673171197595
0.5
0.0
6.5
1.247219128924647
2.5
1.5
2.5
3.5
2.179449471770337
5.0
1.4142135623730951
5.656854249492381
4.189935029992178
11.5
