0.0
0.20555555555555555
0.6
0.2833333333333333
0.32222222222222224
0.5833333333333334
0.2777777777777778
0.42777777777777776
0.5
0.5777777777777777
0.55
0.5666666666666667
0.28888888888888886
0.4222222222222222
0.6555555555555556
0.6166666666666667
0.7055555555555556
0.6055555555555555
0.4888888888888889
0.4888888888888889
0.3611111111111111
0.14444444444444443
0.4777777777777778
0.14444444444444443
0.6166666666666667
0.65
0.35555555555555557
0.5833333333333334
0.42777777777777776
0.4722222222222222
0.4666666666666667
0.6666666666666666
0.5666666666666667
0.45
0.42777777777777776
0.45555555555555555
0.38333333333333336
0.42777777777777776
0.5055555555555555
0.45
0.6555555555555556
0.5888888888888889
0.4166666666666667
0.4222222222222222
0.37777777777777777
0.3277777777777778
0.4111111111111111
0.17222222222222222
0.5055555555555555
0.2388888888888889
0.4666666666666667
0.5833333333333334
0.4388888888888889
0.18888888888888888
0.4166666666666667
0.6
0.36666666666666664
0.55
0.5777777777777777
0.32222222222222224
0.5555555555555556
0.5055555555555555
0.48333333333333334
0.6388888888888888
0.7388888888888889
0.7777777777777778
0.5833333333333334
0.2777777777777778
0.3111111111111111
0.4111111111111111
0.65
0.55
0.3888888888888889
0.4444444444444444
0.42777777777777776
0.65
0.4777777777777778
0.5722222222222222
0.2
0.25
0.3111111111111111
0.4
0.8
0.5222222222222223
0.7944444444444444
0.5944444444444444
0.7666666666666667
0.7833333333333333
0.7666666666666667
0.37222222222222223
0.35
0.4111111111111111
0.0
0.45555555555555555
0.25555555555555554
0.17222222222222222
0.0
0.26666666666666666
0.6
0.5444444444444444
0.5833333333333334
0.6444444444444445
0.4666666666666667
0.5666666666666667
0.7888888888888889
0.6333333333333333
0.3388888888888889
0.15
0.5055555555555555
0.36666666666666664
0.45555555555555555
0.5944444444444444
0.35555555555555557
