0.0
0.5055555555555555
0.5
0.4722222222222222
0.5611111111111111
0.6833333333333333
0.2722222222222222
0.14444444444444443
0.5555555555555556
0.6833333333333333
0.6333333333333333
0.4111111111111111
0.5944444444444444
0.6
0.21666666666666667
0.37222222222222223
0.4
0.0
0.31666666666666665
0.4111111111111111
0.0
0.3277777777777778
0.18888888888888888
0.5722222222222222
0.4222222222222222
0.5388888888888889
0.7333333333333333
0.5888888888888889
0.14444444444444443
0.15
0.4388888888888889
0.5777777777777777
0.6333333333333333
0.55
0.6111111111111112
0.6277777777777778
0.5722222222222222
0.7777777777777778
0.6055555555555555
0.6555555555555556
0.65
0.7944444444444444
0.8833333333333333
0.6555555555555556
0.6388888888888888
0.55
0.3388888888888889
0.3111111111111111
0.4888888888888889
0.25555555555555554
0.46111111111111114
0.7111111111111111
0.6333333333333333
0.6944444444444444
0.7111111111111111
0.7166666666666667
0.6611111111111111
0.7166666666666667
0.5833333333333334
0.4666666666666667
0.6388888888888888
0.5055555555555555
0.5944444444444444
0.4111111111111111
0.6277777777777778
0.43333333333333335
0.5833333333333334
0.6888888888888889
0.6222222222222222
0.18333333333333332
