0.0
0.4222222222222222
0.7111111111111111
0.5888888888888889
0.45
0.4222222222222222
0.4111111111111111
0.3611111111111111
0.2611111111111111
0.14444444444444443
0.14444444444444443
0.35555555555555557
0.5888888888888889
0.5444444444444444
0.6666666666666666
0.6333333333333333
0.5666666666666667
0.6166666666666667
0.3
0.5777777777777777
0.5444444444444444
0.18333333333333332
0.32222222222222224
0.2222222222222222
0.6222222222222222
0.0
0.6611111111111111
0.6388888888888888
0.55
0.4166666666666667
0.38333333333333336
0.40555555555555556
0.5722222222222222
0.6611111111111111
0.7833333333333333
0.7722222222222223
0.55
0.5777777777777777
0.6
0.6111111111111112
0.4444444444444444
0.4444444444444444
0.7333333333333333
0.5277777777777778
0.7111111111111111
0.6888888888888889
0.8555555555555555
0.7666666666666667
0.6611111111111111
0.5444444444444444
0.36666666666666664
0.5055555555555555
0.37777777777777777
0.5333333333333333
0.5277777777777778
0.7555555555555555
0.6
0.6555555555555556
0.55
0.6111111111111112
0.5166666666666667
0.5388888888888889
0.37222222222222223
0.5333333333333333
0.3111111111111111
0.4444444444444444
0.3611111111111111
0.5888888888888889
0.4111111111111111
0.5777777777777777
0.45555555555555555
0.17222222222222222
0.39444444444444443
0.4222222222222222
0.5611111111111111
0.4666666666666667
0.5611111111111111
0.6111111111111112
0.3055555555555556
0.6833333333333333
0.6277777777777778
0.4388888888888889
0.4444444444444444
0.2611111111111111
0.5277777777777778
0.16111111111111112
0.18888888888888888
0.2777777777777778
0.6166666666666667
0.7
0.37777777777777777
0.3055555555555556
0.20555555555555555
0.5277777777777778
0.14444444444444443
0.5444444444444444
0.5444444444444444
0.4777777777777778
0.65
0.65
0.7777777777777778
0.5222222222222223
0.5166666666666667
0.4111111111111111
0.5722222222222222
0.8611111111111112
0.49444444444444446
0.5055555555555555
0.5888888888888889
0.6444444444444445
0.5555555555555556
0.5388888888888889
0.38333333333333336
0.5944444444444444
0.5333333333333333
0.5444444444444444
0.5833333333333334
0.65
0.3277777777777778
0.5333333333333333
0.4722222222222222
0.6333333333333333
0.5944444444444444
0.6666666666666666
0.36666666666666664
0.0
0.40555555555555556
0.40555555555555556
