0.0
0.0
0.0
0.0
0.0
0.0
0.0
0.0
0.0
0.0
0.0
0.024074074074074074
0.0
0.0
0.0
0.0
0.0
0.024074074074074074
0.0
0.0
0.0
0.0
0.024074074074074074
0.0
0.0
0.04351851851851852
0.024074074074074074
0.0
0.0
0.0
0.0
0.0
0.0
0.0
0.0
0.0
0.0
0.0
0.028703703703703703
0.024074074074074074
0.0
0.0
0.024074074074074074
0.046296296296296294
0.024074074074074074
0.0
0.024074074074074074
0.0
0.0
0.024074074074074074
0.024074074074074074
0.04814814814814815
0.0
0.0
0.0
0.024074074074074074
0.0
0.053703703703703705
0.024074074074074074
0.0
0.0
0.0
0.0
0.04814814814814815
0.0
0.0
0.0
0.0
0.0
0.0
