0.0
0.0
0.024074074074074074
0.0
0.03333333333333333
0.0
0.0
0.025
0.0
0.0
0.0
0.024074074074074074
0.0
0.0
0.024074074074074074
0.04351851851851852
0.025
0.0
0.0
0.0
0.0
0.024074074074074074
0.05092592592592592
0.0
0.025
0.024074074074074074
0.0
0.0
0.024074074074074074
0.0
0.0
0.03981481481481482
0.0
0.027777777777777776
0.0
0.08796296296296297
0.025925925925925925
0.0
0.03148148148148148
0.03518518518518519
0.0
0.0
0.05
0.0
0.024074074074074074
0.0
0.0
0.0
0.0
0.0
0.0
0.0
0.0
0.0
0.0
0.0
0.024074074074074074
0.0
0.0
0.0
0.0
0.0
0.027777777777777776
0.025
0.026851851851851852
0.0
0.0
