2
0.3232288983076309
0.1862372970575879
0.3347975940951902
0.21870134929380688
0.2966049639329858
0.39280462771914065
0.3873895154783801
0.4513287537536153
0.4444802661395667
0.38535171881070207
0.3153929031388625
0.2927344888841016
0.3665083180444429
0.28964325856825945
0.32019275809157166
0.28232736258053964
0.46087135889766595
0.3237286042656563
0.38149402139584687
0.28278144257830135
0.2536078481847745
0.341796859323129
0.31592855571697187
0.21399470911334625
0.321287140813048
2
0.3100130667334931
0.3690868392543151
0.08718952680161038
0.24710710922900062
0.27348964687371785
0.3743149752976291
0.35883497980232254
0.19279522222625436
0.2443704158200926
2
2
0.0922370592406722
0.4379654717527351
2
0.3357963038844243
0.4026879075150067
0.4340684787813327
0.18671934529812653
0.2143846611221748
0.32023754526863873
0.37062630900637966
0.2983820983773332
0.33611506411599273
0.22643869412879492
0.2975103063444188
0.3114097944294361
0.3242822455599815
0.3422786493643803
0.32891004095353066
0.2596103674602732
0.3728731085598801
0.4135890011819825
0.5325844227307313
0.3020195530041492
0.25997014929627343
0.2586397891923693
2
0.30675657677495144
0.4254362070508333
2
0.3337219932717632
0.22253537018177041
0.16992699559861466
0.2109299012075057
0.3530072258031115
0.2883892807128792
0.43512788982692646
0.24757877797102096
0.3154712648027342
0.23861985836777233
0.36497715290416816
0.24236435546903332
0.24025608662373676
0.19200134417716075
0.26241804622556564
0.1573132692699218
0.16488914437801364
0.34288820788830104
0.17499752932204282
0.26363786119500116
0.2627437588146882
0.3022016879815257
0.41404277044352866
0.37347442282754845
0.23882844647520377
0.2422119413610201
0.20245078930179247
0.422136354535622
0.32337169816820627
0.25635401827156806
0.23789784712225806
0.42020492844498053
0.37796998049312647
0.3097168797304394
0.3383959044578856
0.3855367464496901
0.24732540655276852
0.25353558936933757
0.25361037228500793
0.24402197848417614
0.28184951102136613
0.3367991568357425
0.2239874468767412
0.16532691060677257
0.09036964554864799
0.1811023388389856
0.21635250240585163
2
0.2495382539169215
0.27759200731958883
0.27777277423528496
0.30288759316131125
0.24137423720603485
