0.6803314364601114
0.5234358203030831
0.26287405651664725
0.3793671027233355
0.2931199513272704
0.2985391699528304
0.25808925186016857
0.2794963566279764
0.298775775510212
0.3182334738904587
0.39306513240191693
0.2802115606385308
0.1796810464558535
0.24779782046567844
0.27728662921396535
0.2795655803525404
0.3948003398298869
0.31679810365272026
0.3549148182003578
2
0.14860807137134122
0.2559594557628785
0.21047621702922767
0.309449757634545
0.36510575071988527
0.22938075177076364
0.36087144957719375
0.26870171584658686
0.22746958078309096
0.20398435694571007
2
0.14550638408145006
0.2636619982271866
0.2550781554845109
0.17871348422367278
0.22471021383604864
0.24584844065790828
0.1410551756226012
0.31500343974545697
0.19481003376771555
0.11334431439537088
0.3155930921122269
0.22430097230084217
0.45112546802768383
0.30272699763029964
0.3754845019535969
0.32244960658543864
0.3766785236408118
0.37617639270607195
0.13174153557484267
0.16662231463691823
0.272404469658704
0.21002699546321174
0.32470100408943264
0.2699624171904022
0.33527847024789853
0.21357724792652028
0.21271648693147632
0.2927237139556669
0.33675834232578106
0.316771493938385
0.25352299708930437
0.35621090877850825
0.15557375611445984
0.3317076980082854
0.32152834219981774
0.24133538443065494
0.2816874958768679
0.3117828382065069
0.25071440707948195
0.31614952539303615
2
0.18121460245488222
2
0.32477672162307264
0.2706525488980096
0.23840746631305718
0.20786856115711178
2
0.2348185183592333
0.36458791536580026
0.33039349899484205
0.3028573430639743
0.13860478191718728
0.20485670883281892
0.17571008734399815
0.3557514882425155
0.243926398517509
0.24795503027880247
0.18122218120026234
0.33127184693012257
0.19177881288260468
0.3338232943035446
0.2339978201026449
2
2
0.3208641490620877
0.15382561877329176
0.31690590123470685
0.3502423216886147
0.2374163460233157
0.22156100091865058
0.3826509811089423
0.3381837206304151
0.42469763171656355
0.30850105392266
0.3820905882022723
0.3827024991441356
0.3383586152925113
0.3306215880433173
0.3950969024279227
0.2710943397206881
0.28277349858550765
0.25003800702542356
0.29323382094785566
0.33142375248809985
0.3127649151054152
2
0.2695503450434907
0.26299758154333897
