0.6379316636058906
0.35520555317435254
0.26935474016486227
0.3237211874218063
0.34544763882640434
0.2881594666078739
0.36183033604832665
0.28889969274719374
0.3305015148760707
0.3523516969607175
0.28844561334002006
0.2661319006857758
0.36167459195999274
0.21098584895433087
0.2667019572910558
0.32356778536974357
0.32391069561786
0.4133958549176022
0.3079086873111238
0.23498894530815326
2
0.13818357465221545
0.30701912235397677
0.2431460201001272
2
0.35484472719116034
0.3480600169079164
0.2119293068061401
0.2751940598730976
0.3320455204894021
0.4240007851654502
0.27188654677491
0.3031516770731169
0.27814941257285153
0.19016919247552688
0.25773811221883597
0.10531350856111192
0.34444634064378876
0.302000123883094
0.2497309965601071
0.25522592837824504
0.1710742161826753
0.35029516758087537
0.2620669023734959
0.3428586406939418
0.3594441535727803
0.35351299941031716
2
0.15833313393857978
0.19057968405070844
0.16015874293112342
0.19254815945489545
0.29390149078262395
0.2429646293386443
0.1808424203556732
0.23041557335581436
0.2872685686063449
0.37173649824275834
0.24205726384019122
0.3146835298782669
0.27503561800113735
0.20142949942719163
0.19521565111553538
0.31437227598120626
0.20705800830245183
0.44290463496394855
0.21690265074737394
0.3332783727209645
0.3594975794034343
0.3962436281371601
0.3400695067149183
0.37148571174474115
0.39115293236366705
0.2509384218436499
0.3293788796969058
0.26347390867878945
0.22406002357698473
0.3027263027723325
0.19317875250387612
0.29648571830616666
0.2307218006875968
0.3532072303861357
0.33228279938012795
0.22412771017099029
0.2752371678452795
0.2756160404166103
0.2887872265739566
0.30138845663134967
0.2729773544039048
0.22037958480452252
0.27078764051002047
0.19337041519981665
0.3482438988740776
0.29778073881527956
0.22213012552165745
0.2634141810060317
0.19758228405580133
0.19789443617210703
0.189678815308997
0.18731389230541662
0.30993746027425684
0.1909062634178147
0.24593461174739412
0.2676349660598554
0.19690633638145666
0.3583780723130934
