0.6440601566875612
0.45237065946617133
0.3291109201980596
0.2585638561166195
0.2783628668000239
0.28961172565280613
0.40987721159750745
0.3065335338237842
0.19530145961979073
0.20847523205197285
0.29573063802752175
0.2550482595359806
0.3417770997567519
0.23888188583423745
0.4489551082833609
0.44519334168182956
0.23668518582094145
0.34888626725066796
0.3029892863743716
0.2235978269467001
2
0.24121785947549454
0.20425456123042798
0.28928283551791517
0.20198080623093742
0.18728497039768938
0.350375935164116
0.25644602662547494
2
2
0.1881580519324882
0.3515591967594605
0.257150740058537
0.2556183623229717
2
0.3399189941967161
0.25008205041377557
0.2704889788188067
0.30343834729002495
0.20129479104953937
0.14169805637113614
0.14676126149386826
2
2
0.33920056137499804
2
2
2
0.3203456638205041
0.24754458921182443
0.286902149365184
0.338900425949286
0.3587433840729508
0.24253791383719542
0.32175450920285575
0.35835463623723296
0.29534096388993175
0.20685642405288043
0.19938500945270515
0.237077165165685
0.2928669947954645
0.2760011879460845
2
0.34339527413584375
0.15942693119955959
0.2193499483867578
0.18489672440620927
2
0.37347880330693717
0.2814688076671327
0.3009886892157261
0.26265544614092284
0.24710165621725963
0.24121081852908122
0.21407731970358107
0.2891802161210972
0.282387732819985
2
0.33230811818695694
0.2556300642283408
0.32661129635328706
0.3012302867118485
0.27071391503624176
0.2664681455211955
0.3840598656358448
0.33551563596824746
0.22679890345295606
0.29221174448150394
0.37220413634023114
0.21358552058794147
0.32342768350785633
0.24865724163023625
0.25543029714747534
0.2009037141476841
0.34249270594005526
0.3881134583475881
0.0712394185041062
0.27757293505849934
0.18049708797918576
0.32061748047909233
0.22774128349481365
0.3216305363098585
2
0.2841826241225721
0.2913211050526449
0.25973462069156344
0.3053915556219951
0.31295809483495723
0.39735435124816076
0.330538628339037
0.17744951388914765
0.23571231887656255
0.27399980439561095
0.231897861448432
