0.6948376926314109
0.32368479140341483
0.316377207514957
0.19430504578517277
0.18412537261346487
0.30408478243239523
0.16861361004626008
0.14662666338968397
0.28393121809904864
0.2075131521273244
0.2700767884039567
0.329200879531216
0.2561386471060489
0.2376475910984211
0.0022369299917879754
0.10468012787058015
0.17065294301497488
0.12800285973517353
0.13605342352850994
0.18948047887608072
0.04514887206177395
0.103506713940999
0.23655227167419704
0.09539100351405806
0.1602122974137144
0.18843781511063604
0.18436891300064134
0.28089130629898046
0.1837622386446197
0.28326541492943286
0.3388907257189501
0.2923507762331122
0.1384290969782031
0.01852332259463286
0.17020016277618116
0.1646484772582014
0.15757739184815084
0.06620482363628064
0.15144197076161145
0.15508914875124205
0.19071939458651016
0.046192889665564583
0.11689709960605629
-0.16931421672541921
0.040215844903033995
