0.6868602731140204
0.4024753520932069
0.35324347383909244
0.228690574876468
0.18292082723057157
0.1547799042661698
0.25684413812878837
0.2899695729531821
0.2136830453989021
0.29289266639580147
0.26587853849854415
0.13499246509944024
0.33871295269815116
0.14932324501219604
0.0715893118186291
0.06920285993587337
0.2179644803720132
0.26190293422261424
0.09012564189106254
0.23712060506505273
0.12378337220205274
0.11648016136628288
0.14441928051251637
0.21405518827650452
0.04115836161182819
0.05587459814782891
-0.05667127333833831
0.13756068815891107
0.034027690845563875
0.06121080731963622
0.08395591411481258
0.05506149279459825
-0.02916367308321364
0.19100518938905367
0.21518841177277628
0.24662347310028968
-0.016698645170582588
0.16944555722886567
0.1582522675780021
0.19885347529630878
0.17247023100199121
0.10133858023778358
0.05937471195802686
0.22050047331443537
0.019085272727292737
0.005976193125271989
