0.6953446587796984
0.26699580159027647
0.38602220468045856
0.2892632093593291
0.27818508419289456
0.10649194595522665
0.19287768621823834
0.15898391381177815
0.21814620134832088
0.09429903848280606
0.27770060256574347
0.15831257845356625
0.1693975665861063
0.1879176573545755
0.13077485301015151
0.07768617255561013
0.11561098850692572
0.25993848097214656
0.2009382789496627
0.1954040477709089
0.2181090022795446
-0.04318146834120801
0.1855725689034874
0.17606412423716292
-0.11065623124898147
0.2109044265771765
0.11960548303213228
0.04306056843576899
0.15238965766698287
0.04400450149795455
0.21164683957490266
0.21462397533996327
0.14512600042488327
0.2828428849091464
0.026369480593070642
0.19461714922108148
0.07175165852248257
0.19321837530540623
0.1368488531372405
0.014344417413244756
-0.03839238188200391
0.16489104607907348
0.043914184975953424
0.2979214014053021
0.1829472877715334
0.10389922679577004
0.13310279680372275
