0.6855092136695662
0.2663616748204846
0.2810365623984352
0.29515895684769766
0.24887858179360833
0.11754455544352319
0.053701488553361466
0.022797090938492928
0.027924324079440888
0.04340992573448208
-0.04413396815075766
0.2064246671457019
0.07870623180609332
0.17836094688373336
0.08836039690250816
0.059190486755612344
0.10187664667053524
-0.06951581104685488
0.08397426414887903
0.05081657584850704
0.10410833470091868
0.1600333251935713
0.13584770583177155
0.08458331513733439
0.09251632349399294
0.17585413511972725
-0.0444444409577818
0.11316944451890076
-0.033555650191248086
-0.08586868163082438
0.09931036667977106
0.19868883909327245
0.18416513110195729
0.046124083378492074
0.11945167100335385
0.11877242695017841
-0.03584159437286083
0.15522634883057485
0.06918828932859969
0.1221245697913825
0.02505992425323458
0.08188808475687874
0.016885650860869867
0.04076505445433287
0.1341126236677899
0.06675585290476851
0.057054440009818026
-0.00978669400240195
0.170423285588592
-0.06785915276548651
0.0546358983414211
