35.0
27.0
26.333333333333332
0.0
33.25
30.0
32.666666666666664
18.25
16.0
30.0
12.0
29.333333333333332
0.0
0.0
38.0
24.333333333333332
27.0
39.666666666666664
31.5
26.5
24.0
20.333333333333332
25.2
26.5
0.0
24.75
22.0
21.666666666666668
29.75
29.0
28.0
31.666666666666668
31.5
30.6
28.2
26.0
28.666666666666668
16.333333333333332
20.333333333333332
17.5
16.0
12.0
18.0
20.666666666666668
34.0
12.0
12.0
23.0
28.0
41.666666666666664
30.0
0.0
15.5
12.0
38.666666666666664
0.0
31.666666666666668
27.0
14.0
19.75
16.5
33.5
16.0
24.666666666666668
31.75
21.5
0.0
