16.0
16.0
24.0
30.333333333333332
17.333333333333332
12.0
30.333333333333332
31.0
27.25
29.0
25.333333333333332
26.0
39.5
25.5
27.333333333333332
25.666666666666668
26.666666666666668
0.0
18.0
28.0
16.0
27.333333333333332
15.0
28.0
23.75
24.75
17.0
41.4
28.333333333333332
28.5
29.5
28.166666666666668
24.6
18.0
26.333333333333332
48.333333333333336
12.0
30.5
22.666666666666668
17.0
31.666666666666668
15.0
30.75
28.0
14.0
30.5
34.6
0.0
23.333333333333332
30.6
25.0
22.75
30.333333333333332
38.166666666666664
25.833333333333332
24.0
24.666666666666668
0.0
12.0
30.0
12.0
18.0
24.0
25.0
24.333333333333332
20.5
29.0
28.8
26.0
12.0
29.0
22.0
12.0
24.666666666666668
13.5
24.0
28.5
24.0
29.25
