13.0
46.54545454545455
56.31818181818182
52.0
57.0
58.04545454545455
55.523809523809526
70.0
63.59090909090909
59.04545454545455
63.64
64.47619047619048
60.714285714285715
60.03846153846154
72.1
67.20833333333333
66.95833333333333
87.05882352941177
73.6
80.25
62.96
69.95652173913044
66.375
72.9047619047619
70.82608695652173
74.55555555555556
76.5
71.08695652173913
67.52380952380952
77.78947368421052
85.875
94.5
101.58823529411765
92.3529411764706
85.7
98.125
95.11111111111111
107.4375
105.3125
83.89473684210526
94.17647058823529
100.6470588235294
105.11764705882354
105.52941176470588
103.41176470588235
160.63636363636363
130.76923076923077
166.8181818181818
57.625
66.27777777777777
67.91304347826087
65.52380952380952
57.95238095238095
62.45454545454545
69.19047619047619
69.41666666666667
78.94444444444444
85.0
88.29411764705883
81.75
69.4
70.54545454545455
77.55
64.6086956521739
71.52380952380952
61.869565217391305
83.05555555555556
76.76190476190476
73.89473684210526
71.9047619047619
75.8
