22.666666666666668
39.13636363636363
51.708333333333336
51.15384615384615
61.15
66.5
61.95454545454545
68.0909090909091
81.65
85.6842105263158
82.57142857142857
74.77272727272727
88.6875
80.36842105263158
79.3157894736842
73.88888888888889
76.63157894736842
71.85714285714286
105.06666666666666
78.84210526315789
77.57894736842105
86.17647058823529
72.45454545454545
91.29411764705883
89.89473684210526
124.92307692307692
142.54545454545453
97.41176470588235
104.0
97.3125
108.11764705882354
143.30769230769232
123.46666666666667
104.77777777777777
100.61111111111111
127.46153846153847
104.05555555555556
86.76190476190476
101.41176470588235
109.25
111.5625
122.35714285714286
144.6153846153846
117.5
120.0
109.9375
106.0
107.875
114.9375
117.0625
125.5
153.75
137.76923076923077
206.22222222222223
196.11111111111111
206.88888888888889
184.2
199.11111111111111
171.36363636363637
72.52173913043478
84.6
84.41176470588235
91.4375
79.47368421052632
88.72222222222223
64.8695652173913
77.7
67.82608695652173
83.61111111111111
98.53333333333333
100.6
110.46153846153847
79.55555555555556
95.05882352941177
93.72222222222223
117.38461538461539
103.0625
107.2
119.92307692307692
101.82352941176471
