37.25
42.38095238095238
44.04347826086956
52.10526315789474
66.11111111111111
56.95454545454545
55.48275862068966
62.869565217391305
70.9
73.4
73.4090909090909
78.05263157894737
82.88235294117646
88.52941176470588
114.92857142857143
84.52380952380952
86.84210526315789
111.78571428571429
114.14285714285714
118.64285714285714
102.9375
99.82352941176471
99.77777777777777
75.82608695652173
76.43478260869566
116.3076923076923
85.26315789473684
100.0
109.3125
83.66666666666667
93.42105263157895
97.70588235294117
100.29411764705883
88.36842105263158
117.85714285714286
84.3
112.92857142857143
89.3157894736842
103.0625
102.46666666666667
120.35714285714286
95.88235294117646
109.5
97.25
103.70588235294117
104.5
121.2
169.8
131.64285714285714
115.6875
116.6
122.0
109.88235294117646
117.5
104.58823529411765
132.69230769230768
198.8
331.1666666666667
255.25
334.5
230.33333333333334
261.125
271.75
263.125
72.0
63.5
73.66666666666667
81.42105263157895
81.66666666666667
88.83333333333333
91.83333333333333
91.38888888888889
97.0
96.3529411764706
122.76923076923077
113.46666666666667
96.88235294117646
83.65
101.3529411764706
72.80952380952381
91.29411764705883
91.72222222222223
80.26315789473684
103.1875
94.94444444444444
92.6842105263158
