30.25
51.21052631578947
51.04545454545455
61.666666666666664
59.16
55.73076923076923
70.13636363636364
71.76190476190476
77.21052631578948
69.58823529411765
75.04761904761905
53.84
55.38461538461539
67.3913043478261
69.31818181818181
68.0909090909091
68.6086956521739
72.35
68.9090909090909
77.23809523809524
69.9047619047619
71.57142857142857
66.48
73.71428571428571
72.04761904761905
72.7
85.82352941176471
64.5
73.34782608695652
71.68181818181819
69.8
77.5
68.375
66.26086956521739
83.76190476190476
92.8125
72.34782608695652
68.04166666666667
65.1304347826087
69.0
65.64
76.2
79.5
66.16666666666667
77.22727272727273
90.0
88.375
71.3
70.57142857142857
71.5
68.38888888888889
77.05
69.2
56.2
63.04
73.5909090909091
72.10526315789474
66.5
71.33333333333333
56.25
76.8
70.33333333333333
66.36363636363636
65.0
67.47826086956522
65.21739130434783
78.78947368421052
91.0
65.28
76.5
65.72
71.3157894736842
85.29411764705883
