12.218910554870636
57.66743975313761
49.20688446946666
96.44032994590808
127.52500735149948
80.01693570738635
112.647479090544
96.09732385542229
112.75487084669105
104.66684049879407
83.57392616250299
74.12543589695497
87.52775417244858
97.86290155109852
234.9788075550644
176.50299336460748
115.7243600111921
151.75423804768056
169.06508646142058
105.6820294942555
144.65152090455186
199.346432122574
126.99630790783732
119.93040080839504
122.94164266024755
87.93338258680204
93.05890168959372
89.34092007585326
107.73527225977985
82.83018773370009
88.24427725997762
91.94313055469858
153.52480999483637
145.37709585763503
141.9671919626151
124.19208807522494
123.63191335573514
155.8900863052698
118.43592437186524
129.74947913436932
168.82240940455674
186.7401130514952
136.66374206446173
203.06142262385706
134.9093262743146
