25.60390595202224
32.73196963119543
45.76944085278224
66.29029978928928
122.94791580177355
94.84833736334927
60.00564673931585
77.50170435347704
112.06139465864017
87.0994259452954
77.83694495546443
116.87041489423667
58.09088052353828
177.46052421403752
174.760449884263
149.48992640053743
133.45489828606222
117.9480712008467
194.33540593520266
151.2774346101302
179.53139233385713
147.5786984026564
120.81490890834985
150.9995101680993
229.88564148999234
250.4564721552319
197.31884672460274
296.6976575573188
250.21811913380122
169.2594246547799
150.4624250702636
196.5939724406626
269.8867959961384
124.7278994006108
119.06163584544731
117.02983969698235
200.23930835938506
245.1617108416604
159.698140545687
128.80116459100827
154.64938924467177
199.4674158854022
219.40046148538522
233.18736444922462
268.69348242932875
216.2762020092723
