8.615231988880057
56.89222554085644
38.615828648654194
70.02703559544496
73.34412041874931
119.58717728302456
103.20407591487962
139.2625667579052
105.52273451725937
159.52633174191382
90.7959968472083
126.31243108622992
120.72586456513783
88.03073169196212
152.48520264019538
158.50749982256363
148.32204344408342
78.81617854222571
118.93889117439684
118.9902441408204
119.98200739596514
202.59006284616686
134.00458014560547
145.3150791288441
276.38389817715074
123.22543027584307
160.4147956600845
174.10282367002708
140.69669505713344
131.17500099648024
121.07377657858038
87.46557518875748
105.146198179914
82.76582269207316
127.42091651451078
98.7811593955221
132.5078865577442
144.84990472195412
159.00377548122543
181.3187752823634
220.53421467824444
168.54430690771926
230.18205970979776
124.22907156628928
156.02081559189205
192.19666644806824
183.65107011818785
