0.06684027777777778
0.140625
0.18663194444444445
0.1831597222222222
0.2230902777777778
0.2013888888888889
0.16493055555555555
0.1970486111111111
0.19444444444444445
0.2282986111111111
0.18489583333333334
0.17274305555555555
0.1918402777777778
0.2300347222222222
0.203125
0.17274305555555555
0.20399305555555555
0.21961805555555555
0.2222222222222222
0.2282986111111111
0.1831597222222222
0.21354166666666666
0.1987847222222222
0.22569444444444445
0.2508680555555556
0.23350694444444445
0.24739583333333334
0.2543402777777778
0.2378472222222222
0.23350694444444445
0.24913194444444445
0.2387152777777778
0.2222222222222222
0.21614583333333334
0.21961805555555555
0.265625
0.1875
0.1545138888888889
0.1918402777777778
0.21788194444444445
0.21006944444444445
0.18836805555555555
0.21180555555555555
0.2673611111111111
0.1935763888888889
0.22135416666666666
0.25
0.2612847222222222
0.2065972222222222
0.2361111111111111
0.22916666666666666
0.2126736111111111
0.2699652777777778
0.2881944444444444
0.2552083333333333
0.2682291666666667
0.2604166666666667
0.2751736111111111
0.2690972222222222
0.2717013888888889
0.3125
