0.05295138888888889
0.1267361111111111
0.11458333333333333
0.1640625
0.171875
0.1527777777777778
0.1675347222222222
0.1875
0.18055555555555555
0.1987847222222222
0.15711805555555555
0.1605902777777778
0.1831597222222222
0.1857638888888889
0.19270833333333334
0.16145833333333334
0.20225694444444445
0.1935763888888889
0.19618055555555555
0.19270833333333334
0.20052083333333334
0.22916666666666666
0.17881944444444445
0.2560763888888889
0.22135416666666666
0.1605902777777778
0.2326388888888889
0.24739583333333334
0.2230902777777778
0.22569444444444445
0.2942708333333333
0.22916666666666666
0.3107638888888889
0.2751736111111111
0.2664930555555556
0.2717013888888889
0.23177083333333334
0.2934027777777778
0.2795138888888889
0.2777777777777778
0.2517361111111111
0.3654513888888889
0.3489583333333333
0.2821180555555556
0.22395833333333334
0.19444444444444445
0.2300347222222222
0.2300347222222222
0.19270833333333334
0.24913194444444445
0.2092013888888889
0.15364583333333334
0.21788194444444445
0.2508680555555556
0.2560763888888889
0.1935763888888889
0.2144097222222222
0.1440972222222222
