0.07291666666666667
0.14583333333333334
0.1388888888888889
0.1440972222222222
0.1388888888888889
0.17708333333333334
0.2013888888888889
0.2092013888888889
0.21614583333333334
0.18055555555555555
0.19270833333333334
0.18489583333333334
0.18836805555555555
0.1753472222222222
0.20052083333333334
0.14322916666666666
0.19270833333333334
0.203125
0.24913194444444445
0.2456597222222222
0.1987847222222222
0.2378472222222222
0.21180555555555555
0.2586805555555556
0.22135416666666666
0.20052083333333334
0.17881944444444445
0.2152777777777778
0.2517361111111111
0.20052083333333334
0.2612847222222222
0.2309027777777778
0.21875
0.2699652777777778
0.19618055555555555
0.19618055555555555
0.1875
0.1953125
0.20052083333333334
0.2543402777777778
0.20399305555555555
0.1996527777777778
0.18836805555555555
0.1814236111111111
0.1753472222222222
0.2309027777777778
0.2378472222222222
0.2465277777777778
0.2170138888888889
0.2465277777777778
0.24913194444444445
0.23958333333333334
0.2109375
0.2109375
0.17881944444444445
0.17274305555555555
0.1762152777777778
0.2109375
0.2144097222222222
0.23177083333333334
0.1953125
0.2404513888888889
