0.05295138888888889
0.1753472222222222
0.14756944444444445
0.2230902777777778
0.1840277777777778
0.1779513888888889
0.18229166666666666
0.19270833333333334
0.15538194444444445
0.1935763888888889
0.21180555555555555
0.18229166666666666
0.1579861111111111
0.17447916666666666
0.23177083333333334
0.23177083333333334
0.1814236111111111
0.1640625
0.18229166666666666
0.1467013888888889
0.1449652777777778
0.1970486111111111
0.23958333333333334
0.18836805555555555
0.1762152777777778
0.16145833333333334
0.1840277777777778
0.21006944444444445
0.21006944444444445
0.17100694444444445
0.18489583333333334
0.17447916666666666
0.21354166666666666
0.2144097222222222
0.21006944444444445
0.20833333333333334
0.20052083333333334
0.2282986111111111
0.19618055555555555
0.2387152777777778
0.21961805555555555
0.2612847222222222
0.2829861111111111
0.2630208333333333
0.2595486111111111
0.2560763888888889
0.2838541666666667
0.2881944444444444
0.2829861111111111
0.2708333333333333
0.2717013888888889
0.3072916666666667
0.3263888888888889
0.2942708333333333
0.3151041666666667
0.3741319444444444
0.3402777777777778
0.3758680555555556
0.3689236111111111
0.3758680555555556
0.3628472222222222
0.3220486111111111
0.2994791666666667
0.3055555555555556
0.2717013888888889
0.3064236111111111
0.3072916666666667
0.3116319444444444
0.3810763888888889
0.3680555555555556
