0.1507201646090535
0.06147119341563786
0.09130658436213991
0.06147119341563786
0.08950617283950617
0.07227366255144033
0.07561728395061729
0.0787037037037037
0.07844650205761317
0.06147119341563786
0.0941358024691358
0.11445473251028807
0.1147119341563786
0.09516460905349794
0.11085390946502058
0.11316872427983539
0.12165637860082304
0.11805555555555555
0.06455761316872428
0.08359053497942387
0.0985082304526749
0.09310699588477367
0.1257716049382716
0.08641975308641975
0.09182098765432099
0.13400205761316872
0.07381687242798354
0.10545267489711935
0.0933641975308642
0.10133744855967078
0.08281893004115226
0.1206275720164609
0.09130658436213991
0.08384773662551441
0.06095679012345679
0.09696502057613168
0.07484567901234568
0.11676954732510288
0.12242798353909465
0.09876543209876543
0.03780864197530864
0.09799382716049383
0.13348765432098766
0.08384773662551441
0.07921810699588477
0.0727880658436214
0.08616255144032922
0.1309156378600823
0.09439300411522633
0.0763888888888889
0.09876543209876543
0.05941358024691358
0.07304526748971193
0.1154835390946502
0.09902263374485597
0.11599794238683128
0.10982510288065844
0.12448559670781893
0.07510288065843622
0.0941358024691358
0.0823045267489712
0.09182098765432099
0.08693415637860083
0.09747942386831275
0.09619341563786009
0.1198559670781893
0.08127572016460906
0.06198559670781893
0.0676440329218107
0.09619341563786009
