0.11676954732510288
0.11188271604938271
0.09465020576131687
0.07175925925925926
0.10262345679012345
0.08796296296296297
0.12114197530864197
0.08950617283950617
0.06790123456790123
0.09284979423868313
0.0874485596707819
0.1000514403292181
0.05401234567901234
0.10185185185185185
0.11522633744855967
0.0985082304526749
0.1044238683127572
0.11265432098765432
0.11445473251028807
0.07998971193415638
0.08873456790123457
0.08384773662551441
0.12525720164609053
0.0941358024691358
0.08847736625514403
0.11136831275720165
0.0684156378600823
0.08513374485596707
0.11008230452674897
0.09207818930041152
0.08204732510288065
0.1154835390946502
0.09825102880658436
0.10262345679012345
0.13580246913580246
0.1111111111111111
0.10262345679012345
0.08539094650205761
0.09465020576131687
0.09593621399176955
0.10416666666666667
0.09182098765432099
0.10776748971193416
0.08822016460905349
0.0985082304526749
0.08539094650205761
0.10673868312757202
0.0676440329218107
0.09645061728395062
0.11085390946502058
0.11033950617283951
0.04835390946502058
0.05581275720164609
0.0684156378600823
0.12680041152263374
0.07021604938271606
0.10802469135802469
0.06867283950617284
0.05709876543209876
0.0668724279835391
0.07510288065843622
0.07021604938271606
0.09799382716049383
0.0720164609053498
0.0889917695473251
0.06095679012345679
0.07433127572016461
