0.11522633744855967
0.07921810699588477
0.09593621399176955
0.1095679012345679
0.04218106995884774
0.08076131687242798
0.13786008230452676
0.11805555555555555
0.12525720164609053
0.09542181069958848
0.06712962962962964
0.06944444444444445
0.10828189300411523
0.09130658436213991
0.09696502057613168
0.11033950617283951
0.06275720164609054
0.05684156378600823
0.1147119341563786
0.08564814814814815
0.08770576131687242
0.08281893004115226
0.05941358024691358
0.0874485596707819
0.10982510288065844
0.09104938271604938
0.07330246913580248
0.12165637860082304
0.09799382716049383
0.10545267489711935
0.05555555555555555
0.1332304526748971
0.13348765432098766
0.10905349794238683
0.09696502057613168
0.10982510288065844
0.058127572016460904
0.09825102880658436
0.08281893004115226
0.09593621399176955
0.10751028806584362
0.10648148148148148
0.07381687242798354
0.07098765432098765
0.09722222222222222
0.05581275720164609
0.09670781893004116
0.06275720164609054
0.09130658436213991
0.11008230452674897
0.0874485596707819
0.08976337448559671
0.09156378600823045
0.10648148148148148
0.12345679012345678
0.06635802469135803
0.11368312757201646
0.08153292181069959
0.053497942386831275
0.11574074074074074
0.08770576131687242
0.10570987654320987
0.0668724279835391
0.05684156378600823
0.09002057613168725
0.06970164609053497
0.10596707818930041
0.13168724279835392
0.07458847736625514
0.07407407407407407
0.08976337448559671
0.07947530864197531
0.07664609053497942
0.09079218106995884
0.09259259259259259
0.06198559670781893
0.10262345679012345
0.06944444444444445
0.12268518518518519
