0.12088477366255145
0.09799382716049383
0.11934156378600823
0.0727880658436214
0.09773662551440329
0.09645061728395062
0.10365226337448559
0.07973251028806584
0.11496913580246913
0.09053497942386832
0.08590534979423868
0.08796296296296297
0.05246913580246913
0.09953703703703703
0.10313786008230452
0.13786008230452676
0.12885802469135801
0.09053497942386832
0.07998971193415638
0.07973251028806584
0.14506172839506173
0.08539094650205761
0.08256172839506173
0.09439300411522633
0.09927983539094651
0.06430041152263374
0.10236625514403293
0.09516460905349794
0.10699588477366255
0.09902263374485597
0.16049382716049382
0.09567901234567901
0.07716049382716049
0.0889917695473251
0.08796296296296297
0.08359053497942387
0.07818930041152264
0.0727880658436214
0.06172839506172839
0.07098765432098765
0.0933641975308642
0.10493827160493827
0.10390946502057613
0.08127572016460906
