0.0
43.5
58.5
48.0
38.0
42.5
48.5
50.5
22.0
36.0
48.0
56.0
43.0
0.0
29.0
30.5
37.0
51.5
25.5
65.0
28.5
69.0
58.0
63.0
24.5
20.0
36.5
24.0
26.0
46.0
61.0
18.0
35.5
40.666666666666664
49.0
55.5
64.0
53.0
40.0
42.0
64.0
27.0
48.0
39.0
42.0
18.5
30.0
17.0
44.0
33.666666666666664
16.5
26.0
32.5
50.5
37.333333333333336
58.0
48.5
48.0
48.5
21.5
38.5
59.5
48.5
26.0
48.5
18.5
33.5
26.0
51.0
61.0
53.5
37.5
27.5
17.0
19.0
26.0
25.5
45.0
54.0
55.5
17.5
21.5
38.5
52.5
49.0
53.0
47.5
48.5
62.5
76.0
68.5
54.5
48.5
35.5
36.5
0.0
42.5
38.5
35.0
32.0
59.0
70.0
20.0
32.0
13.5
24.0
44.0
33.5
38.0
41.5
21.5
44.5
27.0
46.0
56.5
43.5
36.0
56.0
27.5
34.333333333333336
22.0
45.0
32.0
19.0
47.0
56.0
54.0
61.0
22.5
54.5
