0.0
18.5
54.0
25.5
29.0
35.0
25.0
38.5
45.0
34.666666666666664
33.0
34.0
26.0
38.0
59.0
55.5
63.5
54.5
44.0
44.0
32.5
13.0
43.0
13.0
55.5
58.5
32.0
52.5
38.5
42.5
42.0
60.0
51.0
40.5
38.5
41.0
34.5
38.5
45.5
40.5
59.0
53.0
37.5
38.0
34.0
29.5
37.0
15.5
45.5
21.5
42.0
35.0
39.5
17.0
37.5
36.0
33.0
49.5
52.0
29.0
50.0
30.333333333333332
43.5
57.5
66.5
70.0
52.5
25.0
28.0
37.0
58.5
49.5
35.0
40.0
38.5
58.5
43.0
51.5
18.0
22.5
28.0
36.0
72.0
31.333333333333332
71.5
53.5
69.0
70.5
69.0
33.5
31.5
37.0
0.0
41.0
23.0
15.5
0.0
24.0
54.0
49.0
52.5
58.0
42.0
51.0
71.0
57.0
30.5
13.5
45.5
33.0
41.0
53.5
32.0
