0.0
38.0
64.0
53.0
40.5
38.0
37.0
32.5
23.5
13.0
13.0
32.0
53.0
49.0
60.0
57.0
51.0
55.5
27.0
34.666666666666664
32.666666666666664
16.5
29.0
20.0
56.0
0.0
59.5
57.5
49.5
37.5
34.5
36.5
51.5
59.5
47.0
69.5
49.5
52.0
54.0
55.0
40.0
40.0
66.0
47.5
64.0
62.0
77.0
69.0
59.5
49.0
33.0
45.5
34.0
32.0
47.5
68.0
36.0
59.0
49.5
55.0
46.5
48.5
33.5
48.0
28.0
40.0
32.5
53.0
37.0
52.0
41.0
15.5
35.5
38.0
50.5
42.0
50.5
55.0
27.5
61.5
56.5
39.5
40.0
23.5
47.5
14.5
17.0
25.0
55.5
63.0
34.0
27.5
18.5
47.5
13.0
49.0
49.0
43.0
58.5
58.5
70.0
47.0
46.5
37.0
51.5
77.5
44.5
45.5
53.0
58.0
50.0
48.5
34.5
35.666666666666664
32.0
49.0
52.5
58.5
29.5
48.0
42.5
57.0
53.5
60.0
22.0
0.0
36.5
36.5
