0.0
0.021739130434782608
0.15217391304347827
0.15217391304347827
0.18115942028985507
0.11594202898550725
0.1956521739130435
0.021739130434782608
0.06521739130434782
0.10869565217391304
0.2318840579710145
0.13043478260869565
0.18840579710144928
0.09420289855072464
0.2971014492753623
0.09420289855072464
0.21739130434782608
0.07246376811594203
0.13768115942028986
0.2753623188405797
0.14492753623188406
0.2391304347826087
0.007246376811594203
0.043478260869565216
0.2463768115942029
0.15217391304347827
0.12318840579710146
0.043478260869565216
0.15942028985507245
0.036231884057971016
0.07246376811594203
0.08695652173913043
0.06521739130434782
0.10869565217391304
0.10869565217391304
0.18840579710144928
0.11594202898550725
0.13768115942028986
0.18840579710144928
0.32608695652173914
0.10144927536231885
0.14492753623188406
0.028985507246376812
0.07246376811594203
0.0
0.15942028985507245
0.15217391304347827
0.09420289855072464
0.16666666666666666
0.2318840579710145
0.2318840579710145
0.1956521739130435
0.014492753623188406
0.028985507246376812
0.06521739130434782
0.07971014492753623
0.07246376811594203
0.050724637681159424
