0.007246376811594203
0.028985507246376812
0.16666666666666666
0.09420289855072464
0.06521739130434782
0.014492753623188406
0.17391304347826086
0.18115942028985507
0.13043478260869565
0.16666666666666666
0.050724637681159424
0.021739130434782608
0.10144927536231885
0.036231884057971016
0.08695652173913043
0.11594202898550725
0.11594202898550725
0.15942028985507245
0.15217391304347827
0.15942028985507245
0.2318840579710145
0.13043478260869565
0.021739130434782608
0.11594202898550725
0.11594202898550725
0.13768115942028986
0.10869565217391304
0.043478260869565216
0.12318840579710146
0.14492753623188406
0.11594202898550725
0.13768115942028986
0.21014492753623187
0.014492753623188406
0.15217391304347827
0.21014492753623187
0.2463768115942029
0.16666666666666666
0.13768115942028986
0.14492753623188406
0.007246376811594203
0.15942028985507245
0.15217391304347827
0.06521739130434782
0.2318840579710145
0.2608695652173913
0.18840579710144928
0.14492753623188406
0.06521739130434782
0.21739130434782608
0.036231884057971016
0.057971014492753624
0.15942028985507245
0.12318840579710146
0.014492753623188406
0.13768115942028986
0.08695652173913043
0.09420289855072464
0.15217391304347827
0.06521739130434782
0.10869565217391304
0.18115942028985507
0.12318840579710146
0.09420289855072464
0.08695652173913043
0.057971014492753624
0.043478260869565216
0.050724637681159424
0.18840579710144928
0.08695652173913043
0.18840579710144928
0.13043478260869565
0.12318840579710146
0.11594202898550725
0.06521739130434782
0.16666666666666666
0.16666666666666666
0.18115942028985507
0.13768115942028986
0.11594202898550725
0.09420289855072464
0.17391304347826086
0.050724637681159424
0.13043478260869565
0.07246376811594203
0.2391304347826087
0.34782608695652173
0.10144927536231885
0.16666666666666666
0.057971014492753624
0.21014492753623187
0.21014492753623187
0.050724637681159424
0.07246376811594203
0.10144927536231885
0.2246376811594203
0.12318840579710146
0.26811594202898553
0.2246376811594203
0.050724637681159424
0.2608695652173913
0.2246376811594203
0.4057971014492754
0.08695652173913043
0.3188405797101449
0.18115942028985507
0.2391304347826087
0.21014492753623187
0.07246376811594203
0.014492753623188406
0.12318840579710146
0.2246376811594203
0.021739130434782608
0.17391304347826086
0.2028985507246377
0.12318840579710146
0.0
0.13043478260869565
0.09420289855072464
0.15217391304347827
0.08695652173913043
