0.0
0.028985507246376812
0.08695652173913043
0.21014492753623187
0.07246376811594203
0.14492753623188406
0.06521739130434782
0.07971014492753623
0.07971014492753623
0.2898550724637681
0.16666666666666666
0.18840579710144928
0.17391304347826086
0.16666666666666666
0.09420289855072464
0.17391304347826086
0.14492753623188406
0.043478260869565216
0.18115942028985507
0.07971014492753623
0.21014492753623187
0.2318840579710145
0.16666666666666666
0.050724637681159424
0.14492753623188406
0.0
0.13043478260869565
0.13043478260869565
0.043478260869565216
0.11594202898550725
0.043478260869565216
0.10144927536231885
0.21014492753623187
0.18840579710144928
0.13768115942028986
0.057971014492753624
0.2246376811594203
0.14492753623188406
0.13768115942028986
0.26811594202898553
0.12318840579710146
0.34782608695652173
0.2463768115942029
0.07971014492753623
0.13768115942028986
0.1956521739130435
0.09420289855072464
0.15217391304347827
0.18840579710144928
0.09420289855072464
0.050724637681159424
0.15942028985507245
0.08695652173913043
0.2028985507246377
0.11594202898550725
0.10869565217391304
0.2028985507246377
