0.0
68.5
58.0
79.0
90.0
46.8
71.0
41.6
42.0
38.666666666666664
49.0
55.25
58.666666666666664
36.42857142857143
63.5
47.6
50.4
46.666666666666664
61.25
75.5
56.714285714285715
63.0
83.0
73.0
92.75
55.0
89.0
55.666666666666664
67.25
79.0
111.33333333333333
52.714285714285715
58.166666666666664
138.5
70.8
116.0
81.5
76.4
142.0
81.0
108.33333333333333
92.75
132.5
101.0
98.0
89.0
85.66666666666667
60.25
50.166666666666664
38.42857142857143
61.0
68.75
91.0
74.5
63.5
61.0
59.8
52.25
42.25
43.0
52.6
81.25
116.0
73.25
67.0
103.33333333333333
122.66666666666667
102.0
76.75
64.2
72.75
62.0
87.66666666666667
56.75
56.75
58.25
55.25
76.33333333333333
45.75
50.6
65.25
76.0
75.25
85.66666666666667
60.75
63.4
83.75
62.5
81.0
61.0
123.33333333333333
92.25
108.66666666666667
90.0
65.0
60.5
62.4
81.5
68.6
67.6
46.0
53.6
38.833333333333336
56.0
52.285714285714285
114.0
132.5
77.5
62.666666666666664
76.75
65.0
70.33333333333333
44.166666666666664
112.0
68.2
66.0
62.6
73.8
95.0
88.66666666666667
