0.0
45.25
81.0
54.6
70.33333333333333
54.25
62.666666666666664
66.75
61.2
54.25
75.0
51.0
49.5
63.0
69.0
110.0
105.66666666666667
89.0
70.25
73.0
111.66666666666667
110.66666666666667
114.0
50.6
141.0
98.33333333333333
86.66666666666667
55.5
70.5
106.33333333333333
122.66666666666667
118.33333333333333
63.8
57.0
78.75
55.6
66.8
54.2
59.2
76.0
71.0
71.25
61.75
91.25
112.33333333333333
99.66666666666667
119.66666666666667
106.33333333333333
125.66666666666667
79.25
108.0
96.66666666666667
64.5
75.6
85.75
104.0
148.0
67.0
104.25
99.5
104.0
165.5
81.0
74.5
55.166666666666664
69.8
78.5
68.75
53.6
55.5
57.5
50.6
55.833333333333336
156.5
99.33333333333333
79.75
76.0
73.5
65.2
130.0
119.5
52.2
70.66666666666667
55.4
63.5
45.666666666666664
56.75
80.0
61.8
100.66666666666667
63.4
62.6
80.25
74.75
78.0
85.25
64.8
44.833333333333336
50.0
51.0
47.57142857142857
62.5
50.833333333333336
42.0
54.8
60.0
