0.0
41.0
76.0
76.66666666666667
56.2
112.0
60.166666666666664
50.57142857142857
99.33333333333333
76.2
82.5
94.66666666666667
61.2
52.8
72.4
93.25
58.833333333333336
81.25
60.0
76.0
59.0
87.33333333333333
59.5
80.75
79.25
100.75
198.0
129.33333333333334
112.0
170.0
171.0
123.33333333333333
165.0
127.33333333333333
92.0
124.0
77.0
73.4
109.0
124.66666666666667
192.0
174.0
175.0
173.0
159.5
103.25
135.33333333333334
125.66666666666667
165.0
170.5
181.5
97.33333333333333
142.5
57.0
81.0
142.5
117.33333333333333
133.5
115.0
115.66666666666667
96.0
67.25
59.8
97.66666666666667
115.66666666666667
116.0
185.0
119.33333333333333
170.5
126.66666666666667
162.5
126.0
74.25
78.0
81.0
67.25
78.25
56.0
69.25
47.8
77.33333333333333
78.75
81.0
102.66666666666667
92.66666666666667
71.75
63.0
79.75
82.66666666666667
73.25
84.33333333333333
70.0
67.2
104.66666666666667
107.33333333333333
143.5
79.4
83.66666666666667
68.75
77.0
71.5
57.8
62.6
61.333333333333336
67.66666666666667
48.833333333333336
56.5
54.5
35.8
63.2
72.25
145.0
84.75
67.0
