0.15779320987654322
0.5573559670781894
0.5955504115226338
0.645704732510288
0.6195987654320988
0.5922067901234568
0.5969650205761317
0.6608796296296297
0.6620370370370371
0.6553497942386831
0.6881430041152263
0.6597222222222222
0.6445473251028807
0.6539351851851852
0.6658950617283951
0.6540637860082305
0.6343878600823045
0.6867283950617284
0.6550925925925926
0.667309670781893
0.6765689300411523
0.6502057613168725
0.6489197530864198
0.6325874485596708
0.6156121399176955
0.6259002057613169
0.6679526748971193
0.6640946502057613
0.6665380658436214
0.6719393004115226
0.6748971193415638
0.6261574074074074
0.6450617283950617
0.626414609053498
0.6683384773662552
0.6284722222222222
0.6540637860082305
0.6720679012345679
0.6633230452674898
0.6612654320987654
0.6520061728395061
0.6417181069958847
0.6256430041152263
0.623070987654321
0.6206275720164609
