0.12834362139917696
0.5123456790123457
0.5453960905349794
0.6103395061728395
0.6014660493827161
0.612525720164609
0.574974279835391
0.6068672839506173
0.6504629629629629
0.6430041152263375
0.5825617283950617
0.6597222222222222
0.5820473251028807
0.6683384773662552
0.6168981481481481
0.6085390946502057
0.6287294238683128
0.6530349794238683
0.6455761316872428
0.6475051440329218
0.6306584362139918
0.6786265432098766
0.6278292181069959
0.6674382716049383
0.7007458847736625
0.6574074074074074
0.6781121399176955
0.6629372427983539
0.6702674897119342
0.6255144032921811
0.6300154320987654
0.6318158436213992
0.6379886831275721
0.6345164609053497
0.6535493827160493
0.6538065843621399
0.6414609053497943
0.6350308641975309
0.6540637860082305
0.6922582304526749
0.6810699588477366
0.67065329218107
0.6599794238683128
0.6725823045267489
0.6748971193415638
0.6485339506172839
