0.13580246913580246
0.5478395061728395
0.538451646090535
0.6140689300411523
0.6198559670781894
0.6154835390946503
0.6592078189300411
0.6328446502057613
0.6424897119341564
0.6423611111111112
0.6697530864197531
0.6400462962962963
0.5875771604938271
0.6104681069958847
0.6512345679012346
0.6436471193415638
0.6329732510288066
0.5771604938271605
0.6149691358024691
0.6095679012345679
0.635545267489712
0.7130915637860082
0.6577932098765432
0.6552211934156379
0.6962448559670782
0.6629372427983539
0.6421039094650206
0.6655092592592593
0.6342592592592593
0.6414609053497943
0.5873199588477366
0.6356738683127572
0.6458333333333334
0.6382458847736625
0.5850051440329218
0.5823045267489712
0.6392746913580247
0.6310442386831275
0.6282150205761317
0.6849279835390947
0.6395318930041153
0.6421039094650206
0.6967592592592593
0.6207561728395061
0.6354166666666666
0.6577932098765432
0.6379886831275721
