0.10853909465020577
0.5520833333333334
0.57690329218107
0.619727366255144
0.6284722222222222
0.660108024691358
0.6261574074074074
0.6727109053497943
0.6449331275720165
0.6568930041152263
0.6610082304526749
0.6478909465020576
0.6427469135802469
0.6603652263374485
0.6755401234567902
0.6918724279835391
0.6930298353909465
0.6282150205761317
0.6372170781893004
0.6746399176954733
0.6332304526748971
0.6851851851851852
0.6534207818930041
0.6414609053497943
0.6558641975308642
0.6401748971193416
0.6676954732510288
0.6419753086419753
0.6742541152263375
0.7091049382716049
0.6938014403292181
0.6552211934156379
0.6441615226337448
0.6643518518518519
0.6558641975308642
0.6716820987654321
0.6711676954732511
0.6256430041152263
0.6436471193415638
0.65625
0.6340020576131687
0.6531635802469136
0.6491769547325102
0.666795267489712
0.6408179012345679
0.6508487654320988
0.6613940329218106
0.6847993827160493
0.6840277777777778
0.6859567901234568
0.6793981481481481
