0.04814814814814815
0.31851851851851853
0.45185185185185184
0.4351851851851852
0.575925925925926
0.37962962962962965
0.5296296296296297
0.36666666666666664
0.6333333333333333
0.4185185185185185
0.5574074074074075
0.5851851851851851
0.5537037037037037
0.6185185185185185
0.6944444444444444
0.7018518518518518
0.6166666666666667
0.5962962962962963
0.7425925925925926
0.6407407407407407
0.6925925925925925
0.6722222222222223
0.6
0.5722222222222222
0.6888888888888889
0.7296296296296296
0.5944444444444444
0.6240740740740741
0.6074074074074074
0.5796296296296296
0.4759259259259259
0.5148148148148148
0.575925925925926
0.5296296296296297
0.55
0.524074074074074
0.5407407407407407
0.5907407407407408
0.5777777777777777
0.6592592592592592
0.5833333333333334
0.6685185185185185
0.6111111111111112
0.5703703703703704
0.5407407407407407
0.6703703703703704
0.575925925925926
0.6203703703703703
0.5648148148148148
0.5703703703703704
0.575925925925926
0.6611111111111111
0.6074074074074074
0.5055555555555555
0.6222222222222222
0.49074074074074076
0.6166666666666667
0.6666666666666666
0.6185185185185185
0.6129629629629629
0.6888888888888889
0.5944444444444444
0.4740740740740741
0.7185185185185186
0.5685185185185185
0.6833333333333333
0.6777777777777778
0.5722222222222222
0.6425925925925926
0.6037037037037037
0.42777777777777776
0.5740740740740741
0.7481481481481481
0.6222222222222222
0.5185185185185185
0.6259259259259259
0.6611111111111111
0.7092592592592593
0.5666666666666667
0.7037037037037037
0.674074074074074
0.5555555555555556
0.5444444444444444
0.7055555555555556
0.6296296296296297
0.6481481481481481
0.6407407407407407
0.562962962962963
0.44814814814814813
0.5537037037037037
0.5314814814814814
0.5407407407407407
0.5277777777777778
0.47962962962962963
0.5055555555555555
0.5685185185185185
0.5574074074074075
0.4925925925925926
0.4722222222222222
0.5370370370370371
0.5203703703703704
0.4722222222222222
0.45740740740740743
0.42592592592592593
0.45185185185185184
0.5555555555555556
0.512962962962963
0.575925925925926
0.4962962962962963
0.5388888888888889
0.37037037037037035
0.42962962962962964
0.25
0.5481481481481482
0.5796296296296296
0.6037037037037037
0.46111111111111114
0.6037037037037037
0.5537037037037037
0.47962962962962963
