0.0
0.3351851851851852
0.45
0.5055555555555555
0.3907407407407407
0.40185185185185185
0.34814814814814815
0.49444444444444446
0.5666666666666667
0.40185185185185185
0.4166666666666667
0.4722222222222222
0.55
0.5833333333333334
0.6388888888888888
0.6111111111111112
0.587037037037037
0.49444444444444446
0.5203703703703704
0.5407407407407407
0.6203703703703703
0.6148148148148148
0.6333333333333333
0.4685185185185185
0.5222222222222223
0.5462962962962963
0.48148148148148145
0.6166666666666667
0.5222222222222223
0.5907407407407408
0.6814814814814815
0.6574074074074074
0.5907407407407408
0.5277777777777778
0.5833333333333334
0.5148148148148148
0.6185185185185185
0.5018518518518519
0.5481481481481482
0.562962962962963
0.5259259259259259
0.5277777777777778
0.45740740740740743
0.6759259259259259
0.6240740740740741
0.5537037037037037
0.6648148148148149
0.5907407407407408
0.6981481481481482
0.587037037037037
0.6
0.5370370370370371
0.7166666666666667
0.7
0.6351851851851852
0.5777777777777777
0.5481481481481482
0.4962962962962963
0.7722222222222223
0.737037037037037
0.5777777777777777
0.6129629629629629
0.6
0.5518518518518518
0.6129629629629629
0.6462962962962963
0.5814814814814815
0.5092592592592593
0.4962962962962963
0.4111111111111111
0.42592592592592593
0.4685185185185185
0.6203703703703703
0.5796296296296296
0.5518518518518518
0.5907407407407408
0.562962962962963
0.5444444444444444
0.6037037037037037
0.48148148148148145
0.4425925925925926
0.48333333333333334
0.3925925925925926
0.512962962962963
0.4703703703703704
0.5074074074074074
0.4203703703703704
0.4444444444444444
0.5722222222222222
0.5592592592592592
0.587037037037037
0.5796296296296296
0.5944444444444444
0.5537037037037037
0.5777777777777777
0.6314814814814815
0.6
0.4981481481481482
0.5555555555555556
0.37777777777777777
0.6166666666666667
0.46296296296296297
0.5648148148148148
0.4666666666666667
0.5074074074074074
0.4444444444444444
