0.0
0.37962962962962965
0.4222222222222222
0.42592592592592593
0.5203703703703704
0.4148148148148148
0.6685185185185185
0.6555555555555556
0.5518518518518518
0.7055555555555556
0.6111111111111112
0.5259259259259259
0.5666666666666667
0.4888888888888889
0.6703703703703704
0.6907407407407408
0.6537037037037037
0.6018518518518519
0.6666666666666666
0.562962962962963
0.6555555555555556
0.48518518518518516
0.6611111111111111
0.5981481481481481
0.587037037037037
0.7462962962962963
0.7333333333333333
0.7185185185185186
0.6222222222222222
0.6296296296296297
0.6333333333333333
0.6851851851851852
0.6111111111111112
0.7074074074074074
0.6814814814814815
0.6888888888888889
0.7129629629629629
0.6796296296296296
0.6055555555555555
0.6925925925925925
0.7111111111111111
0.6444444444444445
0.6481481481481481
0.6407407407407407
0.5907407407407408
0.7648148148148148
0.7518518518518519
0.6981481481481482
0.6111111111111112
0.6314814814814815
0.6722222222222223
0.5407407407407407
0.5277777777777778
0.5277777777777778
0.6
0.5277777777777778
0.6518518518518519
0.49444444444444446
0.6388888888888888
0.6425925925925926
0.5333333333333333
0.4981481481481482
0.5537037037037037
0.5425925925925926
0.6425925925925926
0.6444444444444445
0.6851851851851852
0.662962962962963
0.6314814814814815
0.7037037037037037
0.6018518518518519
0.4666666666666667
0.55
0.5777777777777777
0.6
0.4981481481481482
0.5796296296296296
0.6222222222222222
0.512962962962963
0.4425925925925926
0.42962962962962964
0.5833333333333334
0.45
0.5703703703703704
0.5148148148148148
0.5314814814814814
0.5833333333333334
0.5907407407407408
0.45925925925925926
0.5425925925925926
0.4685185185185185
0.6481481481481481
0.6222222222222222
0.5814814814814815
0.5962962962962963
0.5314814814814814
0.7351851851851852
0.4648148148148148
0.5092592592592593
0.5703703703703704
0.5296296296296297
0.5351851851851852
0.5796296296296296
0.34074074074074073
0.37592592592592594
0.5425925925925926
0.4185185185185185
0.40370370370370373
0.3314814814814815
0.5851851851851851
0.5351851851851852
0.5370370370370371
0.6277777777777778
0.4962962962962963
