0.057291666666666664
0.21354166666666666
0.21354166666666666
0.13020833333333334
0.13020833333333334
0.16145833333333334
0.2552083333333333
0.15625
0.11979166666666667
0.15625
0.125
0.22916666666666666
0.25
0.23958333333333334
0.15104166666666666
0.3229166666666667
0.2604166666666667
0.203125
0.22916666666666666
0.20833333333333334
0.13541666666666666
0.1875
0.23958333333333334
0.13541666666666666
0.2604166666666667
0.19270833333333334
0.109375
0.17708333333333334
0.09375
0.109375
0.2604166666666667
0.24479166666666666
0.3125
0.052083333333333336
0.25
0.13541666666666666
0.020833333333333332
0.125
0.15625
0.125
0.265625
0.23958333333333334
0.10416666666666667
0.18229166666666666
0.13541666666666666
0.24479166666666666
0.11979166666666667
0.15625
0.0625
0.13541666666666666
0.16666666666666666
0.08854166666666667
0.09895833333333333
0.052083333333333336
0.08333333333333333
0.11979166666666667
0.10416666666666667
0.09895833333333333
0.3020833333333333
0.078125
0.15625
0.046875
0.11979166666666667
0.18229166666666666
0.19791666666666666
0.3072916666666667
0.21354166666666666
0.19270833333333334
0.16666666666666666
0.19270833333333334
0.16145833333333334
0.11979166666666667
0.24479166666666666
0.13541666666666666
0.125
0.1875
0.140625
0.171875
0.057291666666666664
0.16666666666666666
0.109375
0.15625
0.18229166666666666
0.171875
0.16145833333333334
0.13541666666666666
0.21354166666666666
0.2604166666666667
0.171875
0.18229166666666666
0.15625
0.23958333333333334
0.125
0.28125
0.3020833333333333
0.125
0.09895833333333333
0.125
0.203125
0.234375
0.16145833333333334
0.25
0.18229166666666666
0.19791666666666666
0.14583333333333334
0.13541666666666666
0.171875
0.1875
0.09895833333333333
0.2604166666666667
0.10416666666666667
0.11458333333333333
0.046875
