0.015625
0.140625
0.20833333333333334
0.140625
0.140625
0.08854166666666667
0.15104166666666666
0.08333333333333333
0.09375
0.2916666666666667
0.2708333333333333
0.17708333333333334
0.06770833333333333
0.2760416666666667
0.08333333333333333
0.08333333333333333
0.19791666666666666
0.041666666666666664
0.109375
0.13541666666666666
0.10416666666666667
0.13541666666666666
0.14583333333333334
0.16145833333333334
0.06770833333333333
0.09895833333333333
0.25
0.10416666666666667
0.14583333333333334
0.13541666666666666
0.10416666666666667
0.11458333333333333
0.21875
0.234375
0.07291666666666667
0.2760416666666667
0.15625
0.20833333333333334
0.19791666666666666
0.23958333333333334
0.3020833333333333
0.2708333333333333
0.3229166666666667
0.24479166666666666
0.22395833333333334
0.16145833333333334
0.23958333333333334
0.15104166666666666
0.24479166666666666
0.22395833333333334
0.3072916666666667
0.3541666666666667
0.22916666666666666
0.265625
0.10416666666666667
0.22916666666666666
0.3333333333333333
0.265625
0.171875
0.125
0.09895833333333333
0.140625
0.2552083333333333
0.15104166666666666
0.14583333333333334
0.20833333333333334
0.109375
0.19270833333333334
0.171875
0.13541666666666666
