0.03125
0.21875
0.21354166666666666
0.25
0.08854166666666667
0.140625
0.22395833333333334
0.19270833333333334
0.24479166666666666
0.171875
0.171875
0.171875
0.3020833333333333
0.13020833333333334
0.203125
0.13541666666666666
0.1875
0.25
0.109375
0.18229166666666666
0.17708333333333334
0.203125
0.22916666666666666
0.07291666666666667
0.09375
0.15625
0.18229166666666666
0.328125
0.19270833333333334
0.1875
0.078125
0.140625
0.265625
0.171875
0.23958333333333334
0.24479166666666666
0.109375
0.15104166666666666
0.16145833333333334
0.08333333333333333
0.078125
0.22916666666666666
0.22916666666666666
0.125
0.13020833333333334
0.11979166666666667
0.13020833333333334
0.28125
0.06770833333333333
0.026041666666666668
0.041666666666666664
0.09895833333333333
0.140625
0.13020833333333334
0.24479166666666666
0.171875
0.3177083333333333
0.265625
0.10416666666666667
0.16145833333333334
0.16666666666666666
0.11979166666666667
0.16145833333333334
0.203125
0.20833333333333334
0.17708333333333334
0.09895833333333333
0.23958333333333334
0.16145833333333334
0.171875
0.09375
0.1875
0.03125
0.041666666666666664
0.13541666666666666
0.11458333333333333
0.06770833333333333
0.20833333333333334
0.15104166666666666
0.25
0.2708333333333333
0.052083333333333336
0.0625
0.13541666666666666
0.140625
0.078125
0.16666666666666666
0.06770833333333333
0.21875
0.265625
0.21354166666666666
0.15104166666666666
0.14583333333333334
0.1875
0.140625
0.23958333333333334
0.09375
0.08333333333333333
0.25
0.328125
0.234375
0.08854166666666667
0.19791666666666666
0.10416666666666667
0.265625
0.16666666666666666
0.14583333333333334
0.057291666666666664
0.2760416666666667
0.109375
0.21354166666666666
0.026041666666666668
0.2760416666666667
0.15625
0.203125
0.328125
0.22916666666666666
0.14583333333333334
0.23958333333333334
0.16145833333333334
0.203125
0.24479166666666666
0.22395833333333334
0.16666666666666666
0.20833333333333334
0.18229166666666666
0.09375
0.08333333333333333
