0.3211805555555556
0.5993923611111112
0.5855034722222222
0.6501736111111112
0.6345486111111112
0.6037326388888888
0.6436631944444444
0.6076388888888888
0.6879340277777778
0.6423611111111112
0.7191840277777778
0.6701388888888888
0.67578125
0.6918402777777778
0.6805555555555556
0.6653645833333334
0.6879340277777778
0.6627604166666666
0.7087673611111112
0.6584201388888888
0.72265625
0.6575520833333334
0.6631944444444444
0.6597222222222222
0.6284722222222222
0.6488715277777778
0.6762152777777778
0.6536458333333334
0.6618923611111112
0.6640625
0.6723090277777778
0.6197916666666666
0.6158854166666666
0.6501736111111112
0.6827256944444444
0.6519097222222222
0.6085069444444444
0.6701388888888888
0.64453125
0.6753472222222222
0.6306423611111112
0.7022569444444444
0.6354166666666666
0.6206597222222222
0.6245659722222222
