0.2734375
0.5698784722222222
0.5855034722222222
0.6614583333333334
0.6618923611111112
0.6436631944444444
0.6280381944444444
0.6119791666666666
0.6649305555555556
0.6475694444444444
0.56640625
0.6684027777777778
0.6076388888888888
0.67578125
0.6519097222222222
0.6467013888888888
0.58984375
0.6636284722222222
0.6401909722222222
0.5911458333333334
0.6254340277777778
0.65625
0.6189236111111112
0.6974826388888888
0.6840277777777778
0.6484375
0.65625
0.6410590277777778
0.6497395833333334
0.6180555555555556
0.6623263888888888
0.6197916666666666
0.6453993055555556
0.5572916666666666
0.6436631944444444
0.6788194444444444
0.6697048611111112
0.6137152777777778
0.6375868055555556
0.6888020833333334
0.6497395833333334
0.6436631944444444
0.6857638888888888
0.6857638888888888
0.6801215277777778
0.6150173611111112
