0.2921006944444444
0.5885416666666666
0.5694444444444444
0.6223958333333334
0.6401909722222222
0.6115451388888888
0.6540798611111112
0.6493055555555556
0.6480034722222222
0.64453125
0.6762152777777778
0.6219618055555556
0.6805555555555556
0.5993923611111112
0.6953125
0.67578125
0.6775173611111112
0.5768229166666666
0.6002604166666666
0.6310763888888888
0.6510416666666666
0.7621527777777778
0.7100694444444444
0.6749131944444444
0.6831597222222222
0.6514756944444444
0.6519097222222222
0.6705729166666666
0.6310763888888888
0.6115451388888888
0.6384548611111112
0.6723090277777778
0.6744791666666666
0.66796875
0.6419270833333334
0.6015625
0.6271701388888888
0.65625
0.6440972222222222
0.6840277777777778
0.6610243055555556
0.6388888888888888
0.7256944444444444
0.5794270833333334
0.6245659722222222
0.6228298611111112
0.6436631944444444
