0.18663194444444445
0.6037326388888888
0.6189236111111112
0.6141493055555556
0.62890625
0.6879340277777778
0.6124131944444444
0.6809895833333334
0.6302083333333334
0.6072048611111112
0.6458333333333334
0.6488715277777778
0.6232638888888888
0.6649305555555556
0.6818576388888888
0.6736111111111112
0.6922743055555556
0.6666666666666666
0.6284722222222222
0.6302083333333334
0.6310763888888888
0.6675347222222222
0.6536458333333334
0.6579861111111112
0.6788194444444444
0.6640625
0.6905381944444444
0.62109375
0.6805555555555556
0.6809895833333334
0.7005208333333334
0.6232638888888888
0.6462673611111112
0.6701388888888888
0.6401909722222222
0.67578125
0.68359375
0.5920138888888888
0.6302083333333334
0.6657986111111112
0.6232638888888888
0.6883680555555556
0.6883680555555556
0.6853298611111112
0.6566840277777778
0.6831597222222222
0.6727430555555556
0.6584201388888888
0.7235243055555556
0.68359375
0.6766493055555556
