-2
-2
-2
-2
-2
-2
-2
-2
-2
-2
-2
2
-2
-2
-2
-2
-2
-2
-2
-2
-2
2
-2
-2
-2
-2
-2
-2
0.6916487816769447
-2
-2
-2
-2
-2
-2
-2
-2
-2
-2
-2
-2
2
-2
-2
-2
-2
-2
-2
-2
-2
-2
-2
-2
-2
-2
-2
-2
-2
-2
-2
-2
-2
-2
-2
-2
-2
-2
-2
-2
-2
-2
-2
-2
-2
-2
-2
-2
-2
-2
-2
2
-2
2
-2
-2
-2
-2
-2
-2
-2
-2
-2
-2
-2
-2
-2
2
-2
-2
-2
-2
-2
-2
-2
-2
-2
2
-2
-2
-2
-2
-2
2
-2
-2
-2
2
-2
-2
-2
-2
-2
-2
2
-2
-2
-2
-2
-2
-2
-2
-2
-2
-2
-2
-2
-2
-2
-2
-2
-2
-2
-2
-2
-2
-2
-2
-2
-2
-2
-2
-2
-2
-2
-2
-2
-2
-2
-2
-2
-2
-2
-2
-2
-2
