0.057971014492753624
0.10507246376811594
0.028985507246376812
0.0
0.030193236714975844
0.0
0.028985507246376812
0.036231884057971016
0.10386473429951691
0.04830917874396135
0.0
0.033816425120772944
0.042270531400966184
0.057971014492753624
0.030193236714975844
0.04589371980676329
0.028985507246376812
0.059178743961352656
0.028985507246376812
0.028985507246376812
0.13768115942028986
0.03260869565217391
0.11473429951690821
0.030193236714975844
0.0
0.028985507246376812
0.057971014492753624
0.033816425120772944
0.028985507246376812
0.0
0.06038647342995169
0.07608695652173914
0.06038647342995169
0.059178743961352656
0.07608695652173914
0.0
0.11352657004830918
0.08454106280193237
0.08454106280193237
0.028985507246376812
0.0
0.10507246376811594
0.059178743961352656
0.035024154589371984
0.028985507246376812
0.059178743961352656
0.028985507246376812
0.0
0.059178743961352656
0.08816425120772947
0.0966183574879227
0.028985507246376812
0.0
0.028985507246376812
0.0
0.0
0.06159420289855073
0.0
0.0
0.0
0.057971014492753624
0.0966183574879227
0.028985507246376812
0.0785024154589372
0.09420289855072464
0.0
0.0
0.03260869565217391
0.028985507246376812
0.028985507246376812
0.09782608695652174
0.0
0.06159420289855073
0.0
0.10990338164251208
0.028985507246376812
0.028985507246376812
0.035024154589371984
0.057971014492753624
0.08695652173913043
0.0
0.035024154589371984
0.0
0.06280193236714976
0.0
0.033816425120772944
0.051932367149758456
0.0
0.04830917874396135
0.0
0.0
0.09178743961352658
0.11956521739130435
0.028985507246376812
0.0
0.0
0.0
0.0
0.028985507246376812
0.028985507246376812
0.09420289855072464
0.03864734299516908
0.051932367149758456
0.06159420289855073
0.06280193236714976
0.028985507246376812
0.051932367149758456
0.08574879227053141
0.03743961352657005
0.06884057971014493
0.028985507246376812
0.0
0.08695652173913043
0.028985507246376812
0.10507246376811594
0.0
0.05434782608695652
0.035024154589371984
