0.13043478260869565
0.028985507246376812
0.030193236714975844
0.06280193236714976
0.0
0.1497584541062802
0.15338164251207728
0.12560386473429952
0.07729468599033816
0.028985507246376812
0.028985507246376812
0.0640096618357488
0.06280193236714976
0.057971014492753624
0.03140096618357488
0.0
0.0
0.0
0.028985507246376812
0.0
0.0
0.04468599033816425
0.035024154589371984
0.12318840579710146
0.07004830917874397
0.0
0.057971014492753624
0.0
0.07729468599033816
0.0
0.030193236714975844
0.0
0.0
0.08816425120772947
0.06159420289855073
0.0
0.0
0.0
0.028985507246376812
0.0640096618357488
0.0
0.028985507246376812
0.028985507246376812
0.0
0.028985507246376812
0.09057971014492754
0.0
0.03985507246376811
0.07004830917874397
0.03864734299516908
0.08695652173913043
0.028985507246376812
0.028985507246376812
0.0
0.05434782608695652
0.028985507246376812
0.11231884057971014
0.0
0.030193236714975844
0.028985507246376812
0.028985507246376812
0.08333333333333333
0.04589371980676329
0.036231884057971016
0.030193236714975844
0.0
0.0
0.035024154589371984
0.13043478260869565
0.0
0.03743961352657005
0.04106280193236715
0.028985507246376812
0.11835748792270531
0.0
0.043478260869565216
0.03260869565217391
0.028985507246376812
0.0
0.08091787439613526
0.057971014492753624
0.06038647342995169
0.028985507246376812
0.028985507246376812
0.0
0.028985507246376812
0.10869565217391304
0.028985507246376812
0.0821256038647343
0.028985507246376812
0.028985507246376812
0.06521739130434782
0.09057971014492754
0.059178743961352656
0.028985507246376812
0.0
0.028985507246376812
0.049516908212560384
0.0
0.10386473429951691
0.028985507246376812
0.0
0.0
0.028985507246376812
0.033816425120772944
0.06884057971014493
0.0
