0.19685990338164253
0.0
0.028985507246376812
0.10144927536231885
0.03985507246376811
0.057971014492753624
0.03260869565217391
0.0
0.0
0.04106280193236715
0.07367149758454106
0.028985507246376812
0.028985507246376812
0.03985507246376811
0.0
0.0929951690821256
0.08091787439613526
0.057971014492753624
0.050724637681159424
0.0
0.0640096618357488
0.06521739130434782
0.0
0.03864734299516908
0.07004830917874397
0.11956521739130435
0.028985507246376812
0.028985507246376812
0.06038647342995169
0.035024154589371984
0.09903381642512077
0.0
0.0
0.028985507246376812
0.0
0.028985507246376812
0.03864734299516908
0.06884057971014493
0.08333333333333333
0.03985507246376811
0.0929951690821256
0.033816425120772944
0.06280193236714976
0.0
0.028985507246376812
0.07125603864734299
0.06280193236714976
0.042270531400966184
0.033816425120772944
0.028985507246376812
0.028985507246376812
0.0
0.0
0.11594202898550725
0.028985507246376812
0.10748792270531402
0.06642512077294686
0.10990338164251208
0.08695652173913043
0.07004830917874397
0.028985507246376812
0.0
0.033816425120772944
0.028985507246376812
0.059178743961352656
0.0821256038647343
0.06038647342995169
0.04468599033816425
0.057971014492753624
0.09178743961352658
0.0
0.0
0.03743961352657005
0.03743961352657005
0.028985507246376812
0.07608695652173914
0.0
0.059178743961352656
0.05434782608695652
0.0
0.07729468599033816
0.050724637681159424
0.04468599033816425
0.05555555555555555
0.028985507246376812
0.028985507246376812
0.036231884057971016
0.0
0.0
0.06642512077294686
0.03864734299516908
0.0
0.06159420289855073
0.05434782608695652
0.09541062801932366
0.059178743961352656
0.0
0.028985507246376812
0.03743961352657005
0.0
0.028985507246376812
0.059178743961352656
0.06884057971014493
0.06642512077294686
0.028985507246376812
0.0
0.030193236714975844
0.0
0.06884057971014493
0.0748792270531401
0.028985507246376812
0.059178743961352656
0.028985507246376812
0.050724637681159424
0.0640096618357488
0.028985507246376812
0.0
0.0
0.03985507246376811
