0.1497584541062802
0.028985507246376812
0.030193236714975844
0.0
0.033816425120772944
0.10024154589371981
0.051932367149758456
0.1292270531400966
0.0
0.0
0.0
0.06280193236714976
0.028985507246376812
0.09057971014492754
0.057971014492753624
0.08454106280193237
0.0
0.0
0.028985507246376812
0.08091787439613526
0.030193236714975844
0.0
0.0
0.0
0.0
0.028985507246376812
0.030193236714975844
0.0
0.028985507246376812
0.10990338164251208
0.028985507246376812
0.028985507246376812
0.0
0.1292270531400966
0.09178743961352658
0.057971014492753624
0.030193236714975844
0.06884057971014493
0.11594202898550725
0.0
0.0
0.0821256038647343
0.08695652173913043
0.033816425120772944
0.028985507246376812
0.0640096618357488
0.030193236714975844
0.08695652173913043
0.0
0.0
0.028985507246376812
0.057971014492753624
0.03743961352657005
0.028985507246376812
0.0
0.0
0.057971014492753624
0.028985507246376812
0.03260869565217391
0.057971014492753624
0.030193236714975844
0.028985507246376812
0.06038647342995169
0.028985507246376812
0.036231884057971016
0.07608695652173914
0.0
0.0
0.028985507246376812
0.0
0.09541062801932366
0.0748792270531401
0.04589371980676329
0.0
0.028985507246376812
0.0
0.028985507246376812
0.0
0.0
0.0
0.028985507246376812
0.028985507246376812
0.0
0.03743961352657005
0.0
0.057971014492753624
0.0
0.0
0.049516908212560384
0.030193236714975844
0.028985507246376812
0.0
0.07125603864734299
0.0
0.0
0.03140096618357488
0.06642512077294686
0.0
0.04589371980676329
0.06763285024154589
0.0
0.10265700483091787
0.030193236714975844
0.057971014492753624
0.028985507246376812
0.057971014492753624
0.0
0.06280193236714976
0.07729468599033816
0.028985507246376812
0.04710144927536232
0.0
0.18961352657004832
0.08695652173913043
0.08454106280193237
0.030193236714975844
