2.5
1.3333333333333333
2.0
0.0
2.25
2.5
2.6666666666666665
0.75
0.6666666666666666
3.0
0.5
1.6666666666666667
0.0
0.0
4.0
1.0
1.25
3.6666666666666665
3.0
1.5
1.0
1.3333333333333333
1.4
1.25
0.0
1.25
1.5
1.6666666666666667
1.75
2.0
1.6666666666666667
2.6666666666666665
2.25
2.4
1.6
1.25
1.6666666666666667
0.6666666666666666
1.0
1.0
0.6666666666666666
0.5
1.0
1.3333333333333333
3.0
0.5
0.5
2.3333333333333335
2.0
5.333333333333333
2.3333333333333335
0.0
1.0
0.5
4.666666666666667
0.0
2.6666666666666665
1.5
1.0
1.5
1.5
3.0
0.6666666666666666
1.0
3.5
3.0
0.0
