0.6666666666666666
1.0
1.0
2.6666666666666665
1.0
0.5
2.6666666666666665
3.0
1.5
2.3333333333333335
1.3333333333333333
1.3333333333333333
4.5
1.5
1.6666666666666667
1.3333333333333333
1.6666666666666667
0.0
2.0
2.3333333333333335
0.6666666666666666
2.0
1.5
1.75
1.75
1.0
1.0
6.0
1.6666666666666667
1.5
5.5
2.0
1.2
0.75
1.3333333333333333
4.333333333333333
0.5
2.75
1.6666666666666667
0.6666666666666666
2.6666666666666665
1.0
2.25
1.3333333333333333
1.0
1.75
4.2
0.0
2.0
1.8
1.0
1.75
2.6666666666666665
3.8333333333333335
1.3333333333333333
1.0
1.0
0.0
0.5
2.2
0.5
1.0
1.0
1.3333333333333333
1.0
2.0
2.3333333333333335
1.8
5.0
0.5
2.0
1.5
0.5
2.3333333333333335
1.0
1.0
2.5
2.3333333333333335
2.0
