0.0
0.0
0.0
0.07246376811594203
0.06038647342995169
0.10869565217391304
0.057971014492753624
0.0
0.057971014492753624
0.0
0.057971014492753624
0.11835748792270531
0.0
0.06280193236714976
0.08454106280193237
0.0
0.0
0.0
0.0
0.057971014492753624
0.07246376811594203
0.1280193236714976
0.057971014492753624
0.0
0.0
0.0
0.057971014492753624
0.0
0.17632850241545894
0.06763285024154589
0.08695652173913043
0.06280193236714976
0.057971014492753624
0.0
0.17149758454106281
0.07971014492753623
0.0
0.0
0.07004830917874397
0.057971014492753624
0.10869565217391304
0.13285024154589373
0.0
0.10628019323671498
0.057971014492753624
0.057971014492753624
0.0
0.0
0.0
0.0
0.057971014492753624
0.0
0.0
0.0
0.057971014492753624
0.1473429951690821
0.0
0.057971014492753624
0.057971014492753624
0.0
0.0
0.11594202898550725
0.0
0.10869565217391304
0.0
0.09903381642512077
0.0
0.07004830917874397
0.0
0.0
0.0
0.0
0.057971014492753624
0.0
0.0
0.06280193236714976
0.0
0.057971014492753624
0.057971014492753624
0.0
0.12077294685990338
0.09178743961352658
0.178743961352657
0.0
0.0
0.0
0.0
0.0
0.0
0.057971014492753624
0.0
0.0
0.057971014492753624
0.0
0.0
0.0
0.15217391304347827
0.057971014492753624
0.07971014492753623
0.0
0.0
0.0
0.0
0.0
0.0
0.057971014492753624
0.14251207729468598
0.0
0.0
0.09903381642512077
0.0
0.0
0.17632850241545894
0.0
0.0
0.07004830917874397
0.1280193236714976
0.0
0.0
0.0
0.057971014492753624
0.07246376811594203
0.0
0.11594202898550725
0.06038647342995169
0.0
0.0
0.0
0.0
0.0
0.0
0.0
0.0
0.057971014492753624
0.057971014492753624
0.0
0.0
0.0
0.0
0.0
0.057971014492753624
0.057971014492753624
0.057971014492753624
0.06038647342995169
0.0
0.0
0.0
0.0
0.06038647342995169
0.0
0.0
0.0
0.0
0.0
0.0
0.07004830917874397
0.0
0.0
0.057971014492753624
0.057971014492753624
0.0
0.06521739130434782
0.0
0.0
0.057971014492753624
