0.2028985507246377
0.06038647342995169
0.057971014492753624
0.13285024154589373
0.06038647342995169
0.0
0.0
0.0
0.0
0.1111111111111111
0.0
0.0
0.057971014492753624
0.0
0.057971014492753624
0.0
0.16183574879227053
0.0
0.0
0.0
0.0
0.0
0.0
0.0
0.0
0.1642512077294686
0.07729468599033816
0.057971014492753624
0.0893719806763285
0.06763285024154589
0.057971014492753624
0.0
0.14492753623188406
0.0
0.13526570048309178
0.057971014492753624
0.0893719806763285
0.057971014492753624
0.06763285024154589
0.0
0.0
0.0
0.0
0.0
0.0
0.057971014492753624
0.11594202898550725
0.0
0.0
0.057971014492753624
0.0
0.0
0.057971014492753624
0.10144927536231885
0.0
0.057971014492753624
0.11594202898550725
0.0
0.0
0.0
0.0
0.0
0.0
0.0
0.0
0.0
0.10386473429951691
0.057971014492753624
0.0
0.057971014492753624
0.057971014492753624
0.06038647342995169
0.06763285024154589
0.057971014492753624
0.057971014492753624
0.09178743961352658
0.15458937198067632
0.057971014492753624
0.0
0.057971014492753624
0.0
0.057971014492753624
0.06038647342995169
0.0
0.0
0.057971014492753624
0.057971014492753624
0.06521739130434782
0.08695652173913043
0.12560386473429952
0.07729468599033816
0.20048309178743962
0.0
0.0
0.0
0.06038647342995169
0.0
0.0
0.14009661835748793
0.0
0.0748792270531401
0.0
0.0
0.0
0.0
0.10628019323671498
0.12318840579710146
0.0
0.057971014492753624
0.2028985507246377
0.18115942028985507
0.057971014492753624
0.09903381642512077
0.09903381642512077
0.11594202898550725
0.09903381642512077
0.0
0.06038647342995169
0.0
0.0
0.06521739130434782
0.057971014492753624
0.057971014492753624
0.06280193236714976
0.14251207729468598
0.0
0.0
0.0
0.11594202898550725
0.057971014492753624
0.0
0.1111111111111111
0.10869565217391304
0.0
0.057971014492753624
0.057971014492753624
0.11594202898550725
0.06521739130434782
0.057971014492753624
0.0
0.0
0.11594202898550725
0.057971014492753624
0.0
0.0
0.0
0.15217391304347827
0.057971014492753624
0.057971014492753624
0.0
0.0
0.12318840579710146
0.09420289855072464
0.0
0.10628019323671498
0.06038647342995169
0.13043478260869565
0.09420289855072464
0.1956521739130435
0.0
