0.0
0.0
0.0
0.0
0.0
0.057971014492753624
0.09178743961352658
0.0
0.06280193236714976
0.0
0.0
0.13043478260869565
0.0
0.0
0.06038647342995169
0.06280193236714976
0.0
0.0
0.0
0.0
0.0
0.17391304347826086
0.0
0.06521739130434782
0.06038647342995169
0.0821256038647343
0.0
0.057971014492753624
0.0
0.0
0.0
0.13043478260869565
0.057971014492753624
0.057971014492753624
0.08695652173913043
0.0
0.0
0.17149758454106281
0.0
0.0
0.0
0.0
0.0
0.07004830917874397
0.06521739130434782
0.057971014492753624
0.0
0.057971014492753624
0.057971014492753624
0.0
0.13526570048309178
0.0748792270531401
0.0
0.0
0.07246376811594203
0.06038647342995169
0.0
0.0
0.0
0.1642512077294686
0.0
0.0
0.0
0.0
0.0
0.07246376811594203
0.0
0.0
0.057971014492753624
0.07971014492753623
0.0
0.0
0.0
0.057971014492753624
0.057971014492753624
0.0
0.12560386473429952
0.06038647342995169
0.0
0.0
0.0
0.057971014492753624
0.0
0.07246376811594203
0.057971014492753624
0.06280193236714976
0.0
0.0
0.15217391304347827
0.06038647342995169
0.0
0.0
0.0893719806763285
0.057971014492753624
0.06038647342995169
0.0
0.0
0.11594202898550725
0.1497584541062802
0.06038647342995169
0.11352657004830918
0.0
0.0
0.0
0.0
0.057971014492753624
0.0
0.0
0.0
0.0
0.0
0.06038647342995169
0.1642512077294686
0.07971014492753623
0.057971014492753624
0.0
0.12077294685990338
0.08454106280193237
0.0
0.057971014492753624
0.0
0.0
0.11594202898550725
0.0
0.07971014492753623
0.0
0.0
0.0
0.057971014492753624
0.0
0.057971014492753624
0.0
0.0
0.057971014492753624
0.06038647342995169
0.057971014492753624
0.0
0.0
0.0
0.12560386473429952
0.11594202898550725
0.0
0.0
0.0
0.0
0.057971014492753624
0.07004830917874397
0.11594202898550725
0.0
0.057971014492753624
0.11835748792270531
