0.18115942028985507
0.057971014492753624
0.0
0.0
0.11835748792270531
0.057971014492753624
0.057971014492753624
0.0
0.0
0.0
0.06038647342995169
0.0
0.0
0.0
0.14251207729468598
0.0
0.0821256038647343
0.0
0.0
0.09420289855072464
0.11835748792270531
0.0
0.0
0.0
0.0
0.0
0.11594202898550725
0.06280193236714976
0.07246376811594203
0.0
0.15942028985507245
0.0
0.0
0.06763285024154589
0.0
0.0
0.09420289855072464
0.0
0.06038647342995169
0.0
0.0
0.057971014492753624
0.057971014492753624
0.0
0.0
0.07004830917874397
0.11594202898550725
0.06038647342995169
0.11835748792270531
0.0
0.057971014492753624
0.057971014492753624
0.0
0.0
0.06038647342995169
0.0
0.0
0.0
0.057971014492753624
0.06280193236714976
0.0
0.0
0.0893719806763285
0.057971014492753624
0.07971014492753623
0.07971014492753623
0.13768115942028986
0.0
0.057971014492753624
0.0893719806763285
0.07729468599033816
0.0
0.0
0.0
0.0
0.0
0.0893719806763285
0.0
0.0
0.0
0.06280193236714976
0.057971014492753624
0.0
0.0
0.0
0.057971014492753624
0.0
0.0
0.0
0.0
0.0
0.057971014492753624
0.057971014492753624
0.0
0.0
0.15217391304347827
0.057971014492753624
0.0821256038647343
0.057971014492753624
0.0
0.07004830917874397
0.0
0.0
0.0
0.057971014492753624
0.06038647342995169
0.057971014492753624
0.0
0.12560386473429952
0.0
0.0
0.0
0.057971014492753624
0.06280193236714976
0.0
0.0
0.0
0.057971014492753624
0.06763285024154589
0.07004830917874397
0.0
0.0
0.0
0.0
0.0
0.0
0.0
0.0821256038647343
0.0
0.0
0.0
0.0
0.16183574879227053
0.07729468599033816
0.06280193236714976
0.11594202898550725
0.057971014492753624
0.12318840579710146
0.0
0.0
0.14251207729468598
0.0
0.0
0.10628019323671498
0.0
0.057971014492753624
0.057971014492753624
0.0
0.0
0.0
0.0
0.0
0.057971014492753624
0.12077294685990338
0.06038647342995169
0.057971014492753624
0.057971014492753624
0.057971014492753624
0.057971014492753624
0.10869565217391304
0.0
0.0
0.0
0.0
0.0
0.057971014492753624
0.057971014492753624
