0.42028985507246375
0.572463768115942
0.572463768115942
0.7463768115942029
0.6956521739130435
0.7028985507246377
0.7101449275362319
0.6159420289855072
0.6521739130434783
0.4927536231884058
0.5942028985507246
0.8623188405797102
0.43478260869565216
0.8260869565217391
0.6956521739130435
0.2028985507246377
0.18115942028985507
0.8333333333333334
0.427536231884058
0.7391304347826086
0.717391304347826
0.7753623188405797
0.8840579710144928
0.6014492753623188
0.9202898550724637
0.8260869565217391
0.8768115942028986
0.6594202898550725
0.8333333333333334
0.7971014492753623
0.7536231884057971
0.5362318840579711
0.717391304347826
0.8260869565217391
0.6956521739130435
0.7463768115942029
0.5434782608695652
0.6594202898550725
0.6159420289855072
0.5942028985507246
0.6521739130434783
0.8188405797101449
0.6159420289855072
0.5942028985507246
0.5652173913043478
0.6521739130434783
0.7536231884057971
0.5362318840579711
0.5869565217391305
0.8260869565217391
0.782608695652174
0.6666666666666666
0.7681159420289855
0.5652173913043478
0.42028985507246375
0.8478260869565217
0.42028985507246375
0.37681159420289856
0.5579710144927537
0.9347826086956522
0.6666666666666666
0.45652173913043476
0.7028985507246377
0.8188405797101449
0.855072463768116
0.7753623188405797
0.4782608695652174
0.2826086956521739
0.42028985507246375
0.5942028985507246
0.37681159420289856
0.8043478260869565
0.6666666666666666
0.7536231884057971
0.7391304347826086
0.7101449275362319
0.5362318840579711
0.8405797101449275
