0.0
0.2753623188405797
0.8260869565217391
0.6956521739130435
0.8623188405797102
0.5652173913043478
0.855072463768116
0.4492753623188406
0.644927536231884
0.7318840579710145
0.8115942028985508
0.782608695652174
0.7971014492753623
0.6304347826086957
0.927536231884058
0.5942028985507246
0.855072463768116
0.5217391304347826
0.6086956521739131
0.7753623188405797
0.6231884057971014
0.8840579710144928
0.18115942028985507
0.4782608695652174
0.8695652173913043
0.7681159420289855
0.8478260869565217
0.47101449275362317
0.8260869565217391
0.5144927536231884
0.6231884057971014
0.5434782608695652
0.30434782608695654
0.6304347826086957
0.6014492753623188
0.6884057971014492
0.6231884057971014
0.7318840579710145
0.8043478260869565
0.8985507246376812
0.7246376811594203
0.6884057971014492
0.4855072463768116
0.5289855072463768
0.0
0.7971014492753623
0.6666666666666666
0.6739130434782609
0.7101449275362319
0.8985507246376812
0.7898550724637681
0.927536231884058
0.34782608695652173
0.42028985507246375
0.6594202898550725
0.572463768115942
0.6666666666666666
0.32608695652173914
