0.18115942028985507
0.2463768115942029
0.8043478260869565
0.6666666666666666
0.463768115942029
0.34782608695652173
0.6956521739130435
0.9710144927536232
0.6884057971014492
0.782608695652174
0.5507246376811594
0.2246376811594203
0.6666666666666666
0.4492753623188406
0.6231884057971014
0.6521739130434783
0.6231884057971014
0.7608695652173914
0.6376811594202898
0.7898550724637681
0.8188405797101449
0.6304347826086957
0.37681159420289856
0.42028985507246375
0.7463768115942029
0.644927536231884
0.6231884057971014
0.3333333333333333
0.644927536231884
0.644927536231884
0.644927536231884
0.6884057971014492
0.7898550724637681
0.2246376811594203
0.7101449275362319
0.927536231884058
0.9202898550724637
0.644927536231884
0.7898550724637681
0.6086956521739131
0.17391304347826086
0.4782608695652174
0.6376811594202898
0.35507246376811596
0.8405797101449275
0.9057971014492754
0.7681159420289855
0.7318840579710145
0.3115942028985507
0.8405797101449275
0.5
0.6304347826086957
0.7608695652173914
0.7246376811594203
0.2608695652173913
0.6304347826086957
0.6304347826086957
0.572463768115942
0.7971014492753623
0.6086956521739131
0.6231884057971014
0.855072463768116
0.43478260869565216
0.5507246376811594
0.5362318840579711
0.5217391304347826
0.6594202898550725
0.2898550724637681
0.8043478260869565
0.39855072463768115
0.7463768115942029
0.7391304347826086
0.6884057971014492
0.6521739130434783
0.5144927536231884
0.8043478260869565
0.4927536231884058
0.9057971014492754
0.855072463768116
0.6811594202898551
0.7536231884057971
0.8260869565217391
0.5362318840579711
0.7101449275362319
0.5869565217391305
0.8188405797101449
0.9057971014492754
0.644927536231884
0.7681159420289855
0.5217391304347826
0.7898550724637681
0.782608695652174
0.5217391304347826
0.6956521739130435
0.6376811594202898
0.8333333333333334
0.6739130434782609
0.8623188405797102
0.8043478260869565
0.6304347826086957
0.855072463768116
0.8840579710144928
0.9637681159420289
0.6086956521739131
0.8695652173913043
0.463768115942029
0.8043478260869565
0.8840579710144928
0.4057971014492754
0.2028985507246377
0.6376811594202898
0.8695652173913043
0.2463768115942029
0.8913043478260869
0.7246376811594203
0.7681159420289855
0.0
0.644927536231884
0.6014492753623188
0.6811594202898551
0.5217391304347826
