0.0
0.2318840579710145
0.6159420289855072
0.8188405797101449
0.4782608695652174
0.6594202898550725
0.5652173913043478
0.6086956521739131
0.5289855072463768
0.8768115942028986
0.4420289855072464
0.7971014492753623
0.7101449275362319
0.8333333333333334
0.6086956521739131
0.7971014492753623
0.6304347826086957
0.2898550724637681
0.7753623188405797
0.6159420289855072
0.782608695652174
0.8913043478260869
0.8043478260869565
0.5362318840579711
0.7391304347826086
0.0
0.6304347826086957
0.6594202898550725
0.2971014492753623
0.6666666666666666
0.30434782608695654
0.6231884057971014
0.8188405797101449
0.782608695652174
0.717391304347826
0.6884057971014492
0.7898550724637681
0.7971014492753623
0.7028985507246377
0.8623188405797102
0.7246376811594203
0.9420289855072463
0.8478260869565217
0.4855072463768116
0.7101449275362319
0.9202898550724637
0.6159420289855072
0.7971014492753623
0.8260869565217391
0.5942028985507246
0.5
0.8695652173913043
0.644927536231884
0.717391304347826
0.38405797101449274
0.572463768115942
0.7753623188405797
