0.0
7.690181330039552
16.815171720800237
1.5
27.9045993819418
27.047283700134393
21.416504538945347
8.178562764256865
22.543784558547888
34.292856398964496
37.3482113211448
19.923855048659632
17.594190960528863
14.859340496805368
23.976840677805924
9.58331884056875
5.5
25.32894698868383
24.385788210895843
25.629843715654783
0.5
15.412837362262522
20.51016008388688
10.530379332620875
15.008331019803634
22.216110270602176
15.0
21.118712081942874
0.0
14.29063407348401
27.363296585024255
14.817407180595247
8.699856320652657
11.903255857117413
6.224949798994366
1.5
12.027745701779143
19.937402037376884
23.50531854708632
7.914543574963752
16.418147141366337
21.637640814099857
12.727922061357855
17.73943347460679
12.255100978776143
8.055363982396383
