2.5
5.1613951602255765
10.708252269472673
22.89589968143253
2.0
8.0
17.281975195754296
14.821858857781638
11.496086290559932
9.192388155425117
13.696714934611146
18.354533197248273
14.035668847618199
11.08552609887726
19.04599695474091
18.538810641462412
5.722761571129799
9.51752769017949
7.626270385975047
9.60143218483576
9.064215354899728
1.5
0.5
19.955506062794353
12.0
7.0
20.005554784164875
14.5
8.0
2.5
22.55363976538303
32.65986323710904
12.5
3.5
6.5
16.673332000533065
15.748015748023622
4.264680527307995
13.719410418171117
7.0
16.51262143533445
5.5
13.0
7.5
12.5
7.0
7.0
20.82199691565522
4.0
18.607794065928395
8.5
14.352700094407323
13.0
12.04937757728589
19.258475767539053
6.179603547154137
10.568230693924125
10.641898326896381
9.310612224768036
8.9566858950296
3.5
11.0
14.5
