0.0
5.0
13.0
6.568020165079344
13.5
10.5
26.981475126464083
21.228911104120876
15.769828787910159
9.0
8.993825042154695
12.813567028739499
1.0
24.30820620467271
8.317902379807062
7.0
3.5
3.5
13.02134998974974
1.5
10.0
10.5
23.156472577277874
28.0
20.0
1.0
11.343133018115703
11.233320969330485
26.677471769266294
1.5
8.0
27.5
29.00957696271277
31.584102892999123
23.893281249943232
21.669230617526676
19.13602623325961
14.326548781894402
10.677078252031311
5.0
1.0
0.5
15.57776192739723
18.498310733685926
12.832251036613439
12.417225938187643
7.5
5.0
0.5
6.5
11.233320969330485
13.73559851869101
8.031189202104505
7.1336448530109
18.660713336371206
1.5
7.5
9.5
2.5
20.98147330914162
21.638443156156644
19.5
13.490737563232042
17.663521732655695
8.0
14.017845768876187
17.146428199482248
14.254385290148432
15.155444566227676
12.747548783981962
15.508062419270823
25.586861863073402
20.5
15.0
