2.5
10.062305898749054
15.066519173319364
10.594810050208546
6.216108107168021
14.839886193034712
6.96419413859206
0.0
5.5
14.821858857781638
11.874342087037917
16.606023003717656
12.684198393626966
10.779030568655049
19.618585292749547
24.608038433722335
23.456816114345575
11.0
7.5
0.5
14.5
14.53229162933362
18.372685039360892
17.663521732655695
19.8158185969358
24.13503677229434
14.854853303438128
16.438437341250605
12.338962679253067
14.306903927824496
8.930845424706442
9.891410415102591
31.09483701338357
27.10883414846328
12.708265027138834
13.888444437333106
20.607442021431645
14.5
8.009993757800315
4.5
15.5
26.398653164297777
9.5
2.0
22.015146301277824
23.080023830143677
22.305953365762146
9.390819985496474
16.748134224444225
12.376893794486563
15.456030825826174
14.0
12.684198393626966
12.833062767710599
18.49324200890693
13.9522996909709
3.5
16.57307052620807
19.753164303473
21.452790546272116
21.241174637952582
17.441967269268172
21.602468994692867
28.088431782497224
21.638443156156644
7.5
11.0
22.939534045447004
3.5
16.579773487261182
9.575359001102779
14.849242404917497
23.13547060251855
12.04937757728589
