0.0
2.943920288775949
3.299831645537222
2.0
11.76860229593982
11.61416759345623
3.344772040064913
5.408326913195984
8.5
1.0
5.0990195135927845
10.5
0.816496580927726
3.8586123009300755
0.5
2.6246692913372702
3.5
1.4142135623730951
3.0
6.0
6.128258770283412
0.816496580927726
2.0548046676563256
5.557777333511022
15.297058540778355
0.5
2.7726341266023544
3.5
3.0
18.0
12.355835328567093
22.17105219775452
4.0
3.5
10.5
8.65383665716478
7.118052168020874
3.2691742076555053
7.133644853010899
5.584576975922169
4.96655480858378
6.128258770283412
8.5
1.5
8.981462390204987
6.599663291074443
3.5
2.494438257849294
9.0
1.5
5.2493385826745405
5.5
4.242640687119285
5.0
0.5
8.5
0.0
10.338708279513883
8.0
7.5
3.0912061651652345
19.669491322575904
4.0
