0.0
2.0
1.118033988749895
10.5
11.0
7.5
8.178562764256865
6.722164829874376
0.4714045207910317
14.884742374510738
4.5
9.41629792788369
1.699673171197595
13.5
11.897712198383164
1.5
11.0
6.0
4.5
10.5
19.63415391607186
20.885933597094056
4.5
18.0
14.0
4.9180788932265
1.0
7.586537784494029
17.913371790059205
13.072447700751718
3.559026084010437
12.0
1.5
7.039570693980958
13.572848714334887
6.599663291074444
7.93025150224688
5.436502143433364
5.0
9.5
4.642796092394707
2.8674417556808756
10.0
10.208928554075703
3.39934634239519
2.494438257849294
10.5
6.0
9.273618495495704
5.5
10.0
6.182412330330469
3.858612300930075
0.0
0.816496580927726
1.224744871391589
8.5
0.4714045207910317
3.0
1.0
11.440668201153676
11.8133634311129
11.5
4.96655480858378
5.0
5.196152422706632
2.160246899469287
0.0
2.160246899469287
2.5
3.8586123009300755
2.6246692913372702
8.65383665716478
12.5
