0.0
8.5
4.548351349665063
3.5
2.8284271247461903
4.0
3.8586123009300755
1.5
5.0
5.0
7.5
6.548960901462833
17.0
12.0
4.5
15.173075568988056
8.0
0.0
6.5
8.5
5.5
2.0
14.0
6.0
20.0
6.236095644623235
5.887840577551898
5.436502143433363
7.0
4.242640687119285
8.013876853447538
5.0
21.0
7.118052168020874
7.0
0.5
17.5
6.5
7.0
1.0
2.6246692913372702
3.0
4.0
1.5
3.6742346141747673
8.0
11.5
15.5
4.898979485566356
2.0
10.5
15.5
4.784233364802441
6.209669878504008
4.166533331199932
8.286535263104035
9.0
4.0
0.0
3.5
11.5
12.0
0.0
4.5
3.0
5.5
14.0
5.0
1.5
5.436502143433364
5.5
15.0
15.5
2.0
