0.12354853692522062
0.030190431955411056
0.03715745471435207
0.05039479795633999
0.08453320947515096
0.06107756618671621
0.07245703669298653
0.04435671156525778
0.04993032977241059
0.04993032977241059
0.048304691128657685
0.06084533209475151
0.04087320018578727
0.03274500696702276
0.06804458894565722
0.06920575940548072
0.04551788202508128
0.02392011147236414
0.04482117974918718
0.03367394333488156
0.0580585229911751
0.03158383650719926
0.054110543427775194
0.02833255921969345
0.054110543427775194
0.052717138875986995
0.07640501625638643
0.039479795633999074
0.03599628425452856
0.029493729679516953
0.046214584300975386
0.07849512308406874
0.03390617742684626
0.058987459359033906
0.0566651184393869
0.06270320483046911
0.052717138875986995
0.028564793311658152
0.07431490942870414
0.05062703204830469
0.024616813748258245
0.07059916395726892
0.05991639572689271
0.06641895030190433
0.06641895030190433
0.08104969809568044
0.07199256850905712
0.04993032977241059
0.058987459359033906
0.04342777519739898
0.06549001393404552
0.050859266140269394
0.040640966093822575
0.025777984208081747
0.025777984208081747
0.02786809103576405
0.06618671620993961
0.07965629354389224
0.04249883882954018
0.03901532745006967
0.029725963771481654
0.02090106827682304
0.05225267069205759
0.08221086855550395
0.030887134231305156
0.08546214584300975
0.04180213655364608
0.05945192754296331
