0.06827682303762192
0.02810032512772875
0.025545750116117046
0.04040873200185787
0.03460287970274036
0.03390617742684626
0.01741755689735253
0.03669298653042267
0.043195541105434276
0.04412447747329308
0.030887134231305156
0.06990246168137483
0.06990246168137483
0.04528564793311658
0.0592196934509986
0.07338597306084534
0.06990246168137483
0.055039479795634
0.04667905248490478
0.04853692522062239
0.03878309335810497
0.07826288899210404
0.06688341848583372
0.03599628425452856
0.0555039479795634
0.05039479795633999
0.05155596841616349
0.039479795633999074
0.03646075243845796
0.07385044124477473
0.03599628425452856
0.07501161170459823
0.0557361820715281
0.03715745471435207
0.03901532745006967
0.020668834184858337
0.06572224802601022
0.04876915931258709
0.02810032512772875
0.07385044124477473
0.0559684161634928
0.04249883882954018
0.01741755689735253
0.07594054807245704
0.057129586623316304
0.035764050162563864
0.02624245239201115
0.06293543892243382
0.07454714352066884
0.024384579656293544
0.06456107756618672
0.0536460752438458
0.03994426381792847
0.04784022294472828
0.07454714352066884
0.06177426846261031
0.01602415234556433
0.04946586158848119
0.05109150023223409
0.02717138875986995
0.046911286576869486
0.04180213655364608
0.052717138875986995
0.056432884347422205
0.07663725034835114
0.048304691128657685
0.0538783093358105
0.0580585229911751
0.04528564793311658
0.0557361820715281
0.015559684161634928
0.08267533673943335
0.036228518346493266
0.04876915931258709
0.024849047840222946
0.0524849047840223
0.08453320947515096
0.03808639108221087
0.03785415699024617
0.04946586158848119
0.04342777519739898
0.046911286576869486
0.07268927078495123
0.07547607988852764
0.08012076172782165
0.046911286576869486
0.07059916395726892
0.061542034370645614
