0.10334417092429168
0.06641895030190433
0.04110543427775198
0.04505341384115188
0.03297724105898746
0.025081281932187643
0.040640966093822575
0.058290757083139806
0.06084533209475151
0.031816070599163956
0.07338597306084534
0.027635856943799348
0.050859266140269394
0.045750116117045984
0.06897352531351603
0.06758012076172783
0.07617278216442173
0.06665118439386902
0.08360427310729215
0.058987459359033906
0.02786809103576405
0.06572224802601022
0.04087320018578727
0.018346493265211334
0.043195541105434276
0.03901532745006967
0.02833255921969345
0.09359033906177427
0.02113330236878774
0.02786809103576405
0.04853692522062239
0.07176033441709243
0.046446818392940084
0.04946586158848119
0.07570831398049234
0.0557361820715281
0.04087320018578727
0.02229447282861124
0.03529958197863446
0.07152810032512773
0.07942405945192754
0.023687877380399444
0.042034370645610775
0.029958197863446355
0.06549001393404552
0.04505341384115188
0.03599628425452856
0.04876915931258709
0.05062703204830469
0.039479795633999074
0.029493729679516953
0.07083139804923362
0.052020436600092895
0.08662331630283325
0.035531816070599166
0.037621922898281465
0.06061309800278681
0.06432884347422202
0.06641895030190433
0.0555039479795634
0.043195541105434276
0.030422666047375754
0.030422666047375754
0.04249883882954018
0.05062703204830469
0.057361820715281
0.07617278216442173
0.02392011147236414
0.050859266140269394
0.0531816070599164
0.031816070599163956
0.06874129122155133
0.046446818392940084
0.034370645610775664
0.06874129122155133
0.04435671156525778
0.06432884347422202
0.06479331165815141
0.059684161634928005
