0.11286576869484441
0.021597770552717138
0.03646075243845796
0.0562006502554575
0.04296330701346958
0.046214584300975386
0.04551788202508128
0.0531816070599164
0.07756618671620993
0.049001393404551785
0.06920575940548072
0.07501161170459823
0.052020436600092895
0.04853692522062239
0.03413841151881096
0.023223409196470042
0.03367394333488156
0.04226660473757548
0.057129586623316304
0.06781235485369252
0.06456107756618672
0.06409660938225732
0.03669298653042267
0.051323734324198796
0.09173246632605667
0.024384579656293544
0.07013469577333953
0.03297724105898746
0.06061309800278681
0.02786809103576405
0.061542034370645614
0.06432884347422202
0.061542034370645614
0.08012076172782165
0.07408267533673943
0.0568973525313516
0.07640501625638643
0.03855085926614027
0.030887134231305156
0.058290757083139806
0.06270320483046911
0.019739897816999537
0.04737575476079889
0.041337668369716675
0.021365536460752437
0.05875522526706921
0.05016256386437529
0.07779842080817465
0.04737575476079889
0.05155596841616349
0.05109150023223409
0.03669298653042267
0.058290757083139806
0.03971202972596377
0.026474686483975846
0.03808639108221087
0.04528564793311658
0.0524849047840223
0.0559684161634928
0.030654900139340455
0.043892243381328376
0.059684161634928005
0.03901532745006967
0.040640966093822575
0.045750116117045984
0.07756618671620993
0.0531816070599164
0.018346493265211334
0.06758012076172783
0.02902926149558755
0.06339990710636322
0.029261495587552252
0.049001393404551785
0.06502554575011611
0.06711565257779842
0.06967022758941012
0.07710171853228054
0.0562006502554575
