1.5
11.0
25.75
42.666666666666664
13.166666666666666
10.142857142857142
22.6
33.0
10.2
14.4
23.25
15.0
9.142857142857142
12.0
15.8
43.5
21.75
14.333333333333334
14.666666666666666
14.4
16.0
19.2
32.75
71.0
44.333333333333336
36.0
31.25
39.0
70.5
50.666666666666664
26.2
47.666666666666664
30.75
66.0
46.0
48.333333333333336
87.5
71.0
28.5
14.166666666666666
38.0
50.333333333333336
50.666666666666664
75.5
23.2
11.2
17.75
7.375
35.666666666666664
9.333333333333334
13.333333333333334
27.75
22.75
7.857142857142857
17.0
21.4
15.6
30.5
16.0
12.6
25.75
22.2
24.2
34.0
17.166666666666668
35.5
31.5
67.5
36.5
18.333333333333332
25.5
6.875
34.333333333333336
23.25
31.0
52.5
43.666666666666664
19.8
10.0
20.0
37.666666666666664
45.0
29.0
41.0
34.333333333333336
35.0
52.333333333333336
31.333333333333332
22.0
20.5
29.25
27.25
45.0
37.25
25.4
21.25
43.0
35.666666666666664
17.2
24.5
27.75
26.75
56.0
20.75
41.666666666666664
61.0
39.0
28.333333333333332
28.5
59.0
23.0
31.0
32.666666666666664
24.4
30.4
33.0
31.5
30.25
17.4
49.666666666666664
