4.666666666666667
7.8
21.5
19.0
30.666666666666668
34.0
30.5
17.8
13.333333333333334
17.25
48.0
35.75
68.0
32.25
53.333333333333336
30.0
46.666666666666664
44.0
52.0
81.0
41.666666666666664
61.0
70.0
40.333333333333336
35.0
61.333333333333336
29.75
57.0
92.5
80.5
23.4
56.5
35.666666666666664
22.8
11.5
32.666666666666664
32.25
34.75
48.0
30.0
45.666666666666664
36.0
42.0
49.0
44.0
68.0
75.5
45.666666666666664
29.0
66.0
66.0
39.5
22.0
20.5
21.8
39.0
80.0
43.333333333333336
28.25
73.5
33.25
45.666666666666664
27.75
50.333333333333336
66.0
90.5
80.0
40.666666666666664
49.0
60.5
37.0
44.333333333333336
75.0
75.5
25.5
25.5
57.666666666666664
54.666666666666664
28.4
96.0
42.666666666666664
20.8
33.25
80.5
36.0
40.5
87.0
45.666666666666664
43.333333333333336
53.0
67.5
16.8
26.5
29.25
17.833333333333332
45.0
46.5
27.666666666666668
15.0
19.75
11.571428571428571
13.166666666666666
37.0
15.5
17.6
12.833333333333334
29.5
15.166666666666666
31.0
26.75
10.333333333333334
42.0
23.75
15.4
30.0
22.5
16.6
35.333333333333336
35.0
22.0
