2.2
8.0
13.2
30.75
32.666666666666664
16.8
10.428571428571429
13.833333333333334
15.0
15.428571428571429
26.5
23.25
24.4
16.4
75.0
49.666666666666664
45.333333333333336
34.333333333333336
26.25
42.666666666666664
48.666666666666664
51.0
29.666666666666668
26.75
26.75
30.25
41.333333333333336
27.666666666666668
18.0
45.0
33.75
29.0
13.166666666666666
11.666666666666666
58.0
56.5
24.75
10.285714285714286
40.333333333333336
21.8
28.75
24.0
39.666666666666664
31.75
34.25
53.666666666666664
77.5
73.0
50.0
31.25
26.0
54.0
36.25
36.75
82.0
43.666666666666664
73.0
32.666666666666664
38.0
67.0
30.5
21.75
73.0
21.333333333333332
32.333333333333336
32.0
24.5
18.666666666666668
17.166666666666668
29.666666666666668
16.333333333333332
16.666666666666668
45.0
46.333333333333336
27.25
35.0
20.8
26.0
57.5
38.5
34.333333333333336
22.75
39.0
28.25
22.0
29.25
16.166666666666668
13.333333333333334
39.666666666666664
40.666666666666664
51.0
21.0
21.75
29.5
21.6
31.0
9.5
24.0
16.833333333333332
12.857142857142858
18.4
20.6
32.5
12.333333333333334
26.0
18.4
