7.5
6.0
16.8
16.5
16.0
25.75
20.6
32.0
15.833333333333334
12.666666666666666
22.5
23.0
26.5
31.0
70.5
41.333333333333336
23.25
17.0
18.4
21.0
27.4
16.833333333333332
49.333333333333336
47.333333333333336
71.5
98.0
89.5
50.666666666666664
43.333333333333336
77.0
61.0
69.5
55.0
34.75
35.75
37.0
24.5
19.0
34.25
61.0
37.5
58.0
86.5
96.0
72.0
54.0
83.5
56.666666666666664
38.5
81.0
35.75
30.0
20.8
41.0
40.0
33.333333333333336
83.0
34.666666666666664
42.333333333333336
77.5
40.333333333333336
30.25
67.0
15.428571428571429
53.0
41.333333333333336
59.666666666666664
48.333333333333336
31.4
53.5
39.0
26.25
24.2
25.8
20.5
14.4
14.8
17.8
9.714285714285714
60.0
11.571428571428571
30.25
26.75
22.25
29.0
25.0
31.0
43.333333333333336
35.666666666666664
23.5
33.0
32.0
61.666666666666664
31.5
65.0
30.75
42.333333333333336
44.333333333333336
15.5
16.2
29.25
32.5
62.5
26.666666666666668
26.25
25.0
35.0
32.0
15.2
36.0
16.6
37.333333333333336
40.333333333333336
34.25
