-2
0.377284602505884
0.3095363478523218
2
2
2
0.23949045343737327
0.36299267949221864
2
2
2
2
0.33357054995180085
0.39889639453923614
2
0.3077636063627512
0.3605489791544065
0.39327541925626464
2
2
2
0.3837973677167267
2
2
2
0.3004693707258929
0.3621746032746707
0.381002798352842
2
2
2
0.5028579192868872
2
2
0.42171741170243243
0.3296450906155231
2
2
0.37390285608967105
2
2
2
2
2
0.2955827151828208
0.3702992599322379
0.5057236554042374
2
2
2
2
2
2
2
2
0.3656198861223425
2
0.38790639854961656
0.29888958798972204
2
2
2
0.27844260875056065
-2
0.3121268732499212
0.4252362445918816
0.3482648096084739
0.391232742148749
2
2
2
0.4904407102332982
0.41455043312117335
2
0.5599606576197838
2
0.3069585947378647
0.47430730890850364
2
2
2
2
2
0.3958578674256619
2
0.33722310451763227
2
2
2
2
0.29288724218526946
2
0.46389934326043775
2
2
2
0.3768767326129126
0.45381080076432107
2
2
2
2
2
2
2
0.3882649340019475
2
0.43811719224140727
2
2
0.3014642354635662
0.38026795956014964
2
0.3140944820426637
2
2
0.3135192767528064
2
2
2
2
0.47149972611772034
0.33236943398264096
0.47733785427626896
0.4358680842018135
0.2830678473636229
2
2
0.3858863250853956
2
