-2
0.4143164860825691
0.362200808825297
2
2
0.46974644960838524
2
2
2
2
0.42477409617521156
0.3924710376673204
2
0.456058711770298
2
2
2
2
2
0.29930329440547615
2
2
0.35153055358093055
0.459116145300648
2
0.33080965062297707
2
2
2
0.4702324996101085
2
2
2
0.3446681213079698
2
2
0.41786114061706137
2
0.45567363298905283
2
2
2
2
0.30163064474090107
0.4447329227761615
2
0.34973688808007025
2
0.38946487722714657
2
0.33662034845829036
0.34318982896201977
0.3624086878987198
2
2
0.40107247703623533
0.3788946427740082
0.3592774718531574
2
2
0.3500700795313607
2
0.28818104783324716
2
2
2
2
2
2
0.31093546361379326
0.31247474386921315
0.36629634770450037
2
0.3989432836913179
2
0.3733782556420353
0.388312193462639
0.4078685948496269
0.3759950066440778
2
0.43249867932828584
2
0.2573796744835906
0.3036444494101063
0.3496967319810396
2
2
2
2
2
2
2
2
0.3259866005150537
2
0.45767392400142903
0.38780064935040126
2
2
2
2
0.34015879319750514
2
2
2
2
2
2
2
2
2
2
0.39963943353177156
