-2
0.3983305703537279
0.31464862678312233
0.34045630140970695
0.3885086123724766
0.394353589651648
2
2
0.44345420888359716
0.300420148423595
2
0.43651805374533387
0.3241849828530938
2
2
0.40111525516322266
0.38470979897644736
0.45919985948086933
0.31114646154326703
2
0.39651299385478284
0.3537250627125056
2
0.4606106415525981
2
2
2
2
0.4173881523966128
0.5523747007707689
0.3567057999945446
0.32026379560564006
0.35602902886625354
2
2
0.24510777963425842
2
0.33649515868599134
2
2
2
0.3652400269913992
2
2
2
0.4144645984840051
0.43611612137825373
0.3402524008456571
2
2
2
2
2
0.36670946390892056
0.33001581119629647
2
2
2
2
2
2
0.2972451598410493
2
0.3374646894016365
2
2
2
0.29392779469322433
0.3738381391110705
0.4749620819648016
