-2
0.39095250597682824
2
0.257404782274647
0.39102608520193516
2
2
0.40122738501045135
2
2
0.37854666535565074
0.3432038049866037
2
0.39591555407352363
2
0.23485612014482563
2
2
2
2
0.3746365085935883
2
2
2
0.32158412580261414
2
2
2
2
2
2
0.31046609399365754
2
2
2
0.3831344686373408
2
2
2
2
0.35272218228269864
0.3701866941230942
2
0.3182899286483553
2
0.2752481267971799
2
2
2
2
0.43701389734056617
0.34891855035805963
0.3965278490965271
0.3203486668069792
2
2
2
0.4269452873723448
2
2
2
2
0.35772322245976573
2
2
0.6370051762321142
0.515375825181412
-2
0.4269567358741907
0.37143230195207366
0.2840035937163522
2
0.44622155333534497
0.429886729409835
0.3328291410463096
2
2
2
2
2
2
2
0.5396825024901045
0.37816136415622514
2
2
2
2
2
2
0.33954366419444043
0.5004903635706457
0.3061048096046106
0.365713246228507
2
0.2862991782602771
0.2949089302313041
0.3650825369268952
2
2
2
0.3790792085232902
2
2
2
2
2
0.37652028782611247
0.5812793660694092
2
2
0.34491192614127575
2
2
2
2
0.2885843851140304
0.3210756467212645
0.3233808246570171
0.4857959128544035
0.37631521722066646
0.37097564621719475
2
2
0.4516614113442237
-2
2
2
