0.016256386437529028
0.0020901068276823038
0.006038086391082211
0.003483511379470506
0.00557361820715281
0.004644681839294009
0.004876915931258709
0.0030190431955411053
0.005109150023223409
0.0025545750116117046
0.003251277287505806
0.004644681839294009
0.0025545750116117046
0.0023223409196470044
0.003947979563399907
0.003947979563399907
0.005109150023223409
0.0013934045517882026
0.0030190431955411053
0.0013934045517882026
0.0037157454714352067
0.0018578727357176034
0.0037157454714352067
0.0023223409196470044
0.003483511379470506
0.0041802136553646075
0.004876915931258709
0.0030190431955411053
0.002786809103576405
0.0013934045517882026
0.0020901068276823038
0.00557361820715281
0.0020901068276823038
0.005109150023223409
0.00557361820715281
0.004876915931258709
0.008360427310729215
0.0020901068276823038
0.007895959126799815
0.003483511379470506
0.0020901068276823038
0.0041802136553646075
0.0058058522991175105
0.005109150023223409
0.005109150023223409
0.006967022758941012
0.0058058522991175105
0.005109150023223409
0.003947979563399907
0.0023223409196470044
0.00557361820715281
0.003947979563399907
0.0018578727357176034
0.0023223409196470044
0.0023223409196470044
0.0013934045517882026
0.004412447747329308
0.007663725034835114
0.002786809103576405
0.0023223409196470044
0.001625638643752903
0.0011611704598235022
0.0030190431955411053
0.006038086391082211
0.003251277287505806
0.004644681839294009
0.003251277287505806
0.003483511379470506
