0.006038086391082211
0.0011611704598235022
0.002786809103576405
0.0023223409196470044
0.003483511379470506
0.0020901068276823038
0.0009289363678588017
0.0023223409196470044
0.002786809103576405
0.004412447747329308
0.0020901068276823038
0.00557361820715281
0.0058058522991175105
0.003483511379470506
0.004876915931258709
0.006270320483046911
0.006270320483046911
0.003947979563399907
0.002786809103576405
0.0037157454714352067
0.0025545750116117046
0.008592661402693916
0.004876915931258709
0.0018578727357176034
0.004644681839294009
0.006270320483046911
0.005341384115188109
0.003251277287505806
0.003251277287505806
0.008128193218764514
0.0025545750116117046
0.006502554575011612
0.002786809103576405
0.003483511379470506
0.0037157454714352067
0.0013934045517882026
0.00557361820715281
0.0041802136553646075
0.0011611704598235022
0.006038086391082211
0.004876915931258709
0.003483511379470506
0.0009289363678588017
0.005341384115188109
0.0037157454714352067
0.0018578727357176034
0.0018578727357176034
0.003947979563399907
0.004876915931258709
0.0011611704598235022
0.004876915931258709
0.002786809103576405
0.0030190431955411053
0.0023223409196470044
0.00557361820715281
0.004644681839294009
0.0013934045517882026
0.006734788666976312
0.003483511379470506
0.0023223409196470044
0.0023223409196470044
0.0030190431955411053
0.005341384115188109
0.004644681839294009
0.005341384115188109
0.002786809103576405
0.005341384115188109
0.005341384115188109
0.003947979563399907
0.0041802136553646075
0.0011611704598235022
0.007663725034835114
0.003947979563399907
0.003947979563399907
0.0013934045517882026
0.003251277287505806
0.0058058522991175105
0.0020901068276823038
0.002786809103576405
0.003251277287505806
0.0037157454714352067
0.0037157454714352067
0.006270320483046911
0.006270320483046911
0.0058058522991175105
0.003251277287505806
0.007199256850905713
0.0041802136553646075
