0.009057129586623316
0.005341384115188109
0.0023223409196470044
0.003483511379470506
0.0023223409196470044
0.0011611704598235022
0.0020901068276823038
0.003483511379470506
0.0030190431955411053
0.0018578727357176034
0.005109150023223409
0.0020901068276823038
0.0030190431955411053
0.0023223409196470044
0.008824895494658615
0.00557361820715281
0.004644681839294009
0.006502554575011612
0.006734788666976312
0.0041802136553646075
0.0020901068276823038
0.0058058522991175105
0.0037157454714352067
0.0009289363678588017
0.0030190431955411053
0.0023223409196470044
0.0030190431955411053
0.006270320483046911
0.0013934045517882026
0.003483511379470506
0.0030190431955411053
0.008360427310729215
0.004644681839294009
0.0030190431955411053
0.005109150023223409
0.004412447747329308
0.003251277287505806
0.0009289363678588017
0.0018578727357176034
0.005341384115188109
0.004876915931258709
0.0011611704598235022
0.003251277287505806
0.001625638643752903
0.006038086391082211
0.0041802136553646075
0.0023223409196470044
0.0037157454714352067
0.003483511379470506
0.002786809103576405
0.0020901068276823038
0.005109150023223409
0.003251277287505806
0.008360427310729215
0.0020901068276823038
0.003251277287505806
0.004644681839294009
0.006038086391082211
0.005109150023223409
0.004412447747329308
0.0020901068276823038
0.0018578727357176034
0.003251277287505806
0.003483511379470506
0.003251277287505806
0.004644681839294009
0.006270320483046911
0.0011611704598235022
0.00557361820715281
0.002786809103576405
0.0018578727357176034
0.005109150023223409
0.0023223409196470044
0.0018578727357176034
0.005109150023223409
0.002786809103576405
0.003483511379470506
0.00557361820715281
0.005341384115188109
