2.3076923076923075
4.8
2.25
1.4
3.0
2.8
1.1666666666666667
2.0
1.8888888888888888
2.6666666666666665
3.4285714285714284
4.5
3.5
1.8
3.25
2.0
2.2
1.8888888888888888
5.5
1.6666666666666667
2.0
2.625
3.3333333333333335
2.0
4.5
2.3333333333333335
2.0
1.5
1.6666666666666667
3.0
1.4
1.0
1.0
3.6666666666666665
0.5
1.75
3.3333333333333335
3.5
2.0
2.5
2.75
2.0
2.3333333333333335
2.8
1.6666666666666667
1.5
2.25
1.8
2.5
1.0
1.8333333333333333
1.5714285714285714
1.2
1.8333333333333333
1.6666666666666667
3.1666666666666665
3.857142857142857
2.4
3.5
3.6
4.25
