0.5
9.272727272727273
11.681818181818182
11.807692307692308
14.043478260869565
13.818181818181818
14.857142857142858
19.95
17.181818181818183
15.863636363636363
17.4
18.952380952380953
16.19047619047619
15.807692307692308
22.15
18.041666666666668
17.083333333333332
28.235294117647058
24.0
23.55
17.8
20.91304347826087
18.75
22.285714285714285
20.565217391304348
24.666666666666668
25.05
22.08695652173913
19.904761904761905
25.842105263157894
27.875
30.75
33.94117647058823
30.470588235294116
26.8
35.0
35.72222222222222
39.75
37.875
27.105263157894736
33.35294117647059
38.94117647058823
43.470588235294116
41.94117647058823
40.294117647058826
74.0909090909091
61.92307692307692
72.72727272727273
13.875
17.72222222222222
18.869565217391305
18.38095238095238
14.523809523809524
16.545454545454547
18.333333333333332
19.583333333333332
24.444444444444443
28.41176470588235
31.529411764705884
25.1
20.6
21.454545454545453
22.3
19.695652173913043
23.428571428571427
19.217391304347824
28.5
22.80952380952381
23.57894736842105
21.476190476190474
24.45
