2.0
5.7272727272727275
10.041666666666666
10.653846153846153
15.55
18.333333333333332
18.40909090909091
19.545454545454547
25.5
28.05263157894737
27.523809523809526
23.0
30.0625
27.736842105263158
26.94736842105263
23.38888888888889
24.842105263157894
22.142857142857142
33.86666666666667
24.894736842105264
25.842105263157894
30.41176470588235
22.545454545454547
31.764705882352942
30.42105263157895
47.61538461538461
58.81818181818182
34.1764705882353
37.0
38.4375
43.88235294117647
59.84615384615385
48.666666666666664
40.94444444444444
38.111111111111114
50.69230769230769
36.388888888888886
28.761904761904763
35.76470588235294
40.8125
43.5
48.5
59.61538461538461
47.8125
45.2
44.25
40.375
43.5
47.0625
46.875
52.3125
64.16666666666667
64.3076923076923
99.11111111111111
97.44444444444444
96.11111111111111
81.3
93.44444444444444
80.0
21.26086956521739
27.1
29.0
31.875
27.31578947368421
31.166666666666668
20.043478260869566
25.25
21.652173913043477
26.444444444444443
31.066666666666666
36.46666666666667
41.30769230769231
25.833333333333332
35.705882352941174
32.72222222222222
47.53846153846154
38.125
39.666666666666664
44.0
40.529411764705884
