4.75
6.523809523809524
8.695652173913043
10.31578947368421
16.666666666666668
15.409090909090908
13.827586206896552
18.391304347826086
20.0
22.4
24.863636363636363
23.57894736842105
27.764705882352942
31.352941176470587
44.07142857142857
28.904761904761905
33.1578947368421
46.42857142857143
43.92857142857143
41.285714285714285
34.875
38.35294117647059
36.666666666666664
25.652173913043477
24.956521739130434
40.92307692307692
29.42105263157895
34.0
41.5
27.904761904761905
30.42105263157895
35.64705882352941
37.529411764705884
31.789473684210527
42.142857142857146
29.05
41.0
31.57894736842105
38.1875
39.666666666666664
48.57142857142857
35.529411764705884
43.8125
36.9
37.705882352941174
39.94444444444444
48.06666666666667
70.1
57.642857142857146
49.25
52.333333333333336
53.57142857142857
46.588235294117645
50.625
45.411764705882355
62.84615384615385
102.3
174.5
132.75
176.33333333333334
132.88888888888889
142.875
137.75
140.125
21.85
17.863636363636363
24.047619047619047
28.210526315789473
28.444444444444443
30.833333333333332
32.666666666666664
34.44444444444444
38.5
40.588235294117645
47.07692307692308
40.2
33.35294117647059
28.45
37.05882352941177
25.095238095238095
30.41176470588235
32.22222222222222
27.31578947368421
36.5
35.111111111111114
31.31578947368421
