1.5
10.736842105263158
11.181818181818182
16.666666666666668
15.32
13.923076923076923
21.90909090909091
21.523809523809526
22.63157894736842
18.058823529411764
20.333333333333332
13.48
12.076923076923077
16.565217391304348
19.772727272727273
17.227272727272727
19.956521739130434
21.95
19.363636363636363
24.095238095238095
21.238095238095237
21.761904761904763
19.36
21.047619047619047
22.38095238095238
22.5
26.470588235294116
18.458333333333332
20.347826086956523
20.636363636363637
19.5
25.055555555555557
19.333333333333332
19.47826086956522
28.80952380952381
28.75
20.217391304347824
20.708333333333332
19.956521739130434
19.333333333333332
18.52
24.5
24.2
19.416666666666668
25.227272727272727
29.875
27.3125
22.25
20.80952380952381
21.0
18.22222222222222
20.65
16.55
13.56
15.12
21.0
20.157894736842106
19.0
21.571428571428573
13.75
23.35
20.476190476190474
20.136363636363637
18.84
18.73913043478261
20.434782608695652
23.57894736842105
26.625
17.96
22.95
18.76
19.736842105263158
26.41176470588235
